# a rho dNda dNdaerr
0.0 inf nan nan
0.1 154881661.891 0.0 0.0
0.2 11432131.6302 0.0 0.0
0.3 2488995.33283 0.0 0.0
0.4 843828.972487 0.0 0.0
0.5 364647.116526 0.0 0.0
0.6 183717.8264 0.0 0.0
0.7 102903.78981 0.0 0.0
0.8 62284.7390005 0.0 0.0
0.9 39998.9107245 0.0 0.0
1.0 26915.3480393 0.0 0.0
1.1 18808.9046053 0.0 0.0
1.2 13560.587797 0.0 0.0
1.3 10036.285228 0.0 0.0
1.4 7595.53878743 0.0 0.0
1.5 5859.98987924 0.0 0.0
1.6 4597.36372992 0.0 0.0
1.7 3660.26100967 0.0 0.0
1.8 2952.40125192 0.0 0.0
1.9 2409.27547849 0.0 0.0
2.0 1986.67678214 0.0 0.0
2.1 1653.6951466 0.0 0.0
2.2 1388.32364427 0.0 0.0
2.3 1174.63608032 1177.60575371 1.33067489586
2.4 1000.93466706 4511.33438025 5.9493815955
2.5 858.510413479 7903.64434537 12.0878655484
2.6 740.79870014 9176.66910331 16.1822283443
2.7 642.794640087 10500.7473678 21.2359001198
2.8 560.642222973 11629.4434914 26.8375326948
2.9 491.341591139 10687.2514956 28.0137186012
3.0 432.537815214 14196.2021022 42.0845151529
3.1 382.366672073 12309.9526512 41.1054428167
3.2 339.340801685 13917.7347062 52.1510401952
3.3 302.264807896 14144.0980699 59.2626217669
3.4 270.171336958 13248.9234381 61.8655757882
3.5 242.272518099 14383.0974708 74.6138456764
3.6 217.922763257 13882.6648562 79.7720801978
3.7 196.590042927 13553.2646667 86.0233156116
3.8 177.833541216 13718.8256273 95.924908093
3.9 161.2861509 12988.4582151 99.7980659839
4.0 146.640668771 13692.942063 115.338563761
4.1 133.638840454 12948.7202408 119.297748645
4.2 122.062614524 12776.3083118 128.469580972
4.3 111.727120761 12053.95063 132.013973198
4.4 102.475002224 11719.4373329 139.521127338
4.5 94.1718166098 11371.114818 146.88061077
4.6 86.7022869192 10806.8731616 151.185793361
4.7 79.9672302748 10504.3241557 158.885161444
4.8 73.881031023 10259.2409171 167.502356056
4.9 68.3695527796 9626.25616432 169.382752133
5.0 63.3684061299 9632.2055635 182.384051165
5.1 58.821505779 9096.81074025 185.084009246
5.2 54.6798642789 8566.58497934 187.025086715
5.3 50.9005799125 8869.99995741 207.512864009
5.4 47.4459845468 8136.47048115 203.716122518
5.5 44.2829237857 8015.74214754 214.516301737
5.6 41.3821469386 7870.96444873 224.879821994
5.7 38.7177884602 7508.99015165 228.77431351
5.8 36.2669258369 7492.14012753 243.136134699
5.9 34.0092015742 7138.97184044 246.506554324
6.0 31.9264990974 6863.19673394 251.892645172
6.1 30.0026641383 6757.6319846 263.355163509
6.2 28.2232646058 6476.04834996 267.726842087
6.3 26.5753831122 6455.02585844 282.816133715
6.4 25.0474372821 6137.02243873 284.702326941
6.5 23.6290237612 6082.04732461 298.486902843
6.6 22.3107824959 5849.99590946 303.459018225
6.7 21.084278389 5732.62535782 314.054553184
6.8 19.9418978923 5565.60798069 321.751045088
6.9 18.8767584618 5419.86578557 330.377704579
7.0 17.8826291213 5283.45440092 339.331243674
7.1 16.9538606346 5171.94948191 349.721296714
7.2 16.0853240103 5029.98662496 357.835803712
7.3 15.2723562462 4931.72909273 368.859687829
7.4 14.5107123755 4806.53558417 377.696799275
7.5 13.7965230114 4708.16356113 388.439984296
7.6 13.1262566958 4594.73652905 397.75344804
7.7 12.4966864536 4499.76358653 408.461407298
7.8 11.9048600377 4397.8818461 418.35692785
7.9 11.348073415 4302.27143387 428.631563411
8.0 10.8238471054 4212.8277306 439.329486957
8.1 10.3299050359 4119.49465496 449.411894087
8.2 9.86415561614 4038.7014796 460.665870422
8.3 9.42467477687 3950.42318874 470.865745096
8.4 9.00969074922 3871.73889134 481.992043721
8.5 8.61757038638 3792.24704961 492.818863062
8.6 8.24680685634 3715.90760111 503.841903915
8.7 7.89600855413 3643.04836076 515.133535299
8.8 7.56388910037 3570.9734655 526.330724969
8.9 7.24925830901 3501.90745001 537.762344194
9.0 6.95101402061 3435.94315763 549.47290236
9.1 6.66813470983 3369.00000353 560.817123542
9.2 6.39967278629 3308.19312812 572.981590282
9.3 6.14474851701 3245.91272628 584.695756504
9.4 5.90254450684 3185.7340779 596.573049207
9.5 5.67230068054 3129.81578411 609.053528557
9.6 5.45330971606 3072.24468106 621.012550072
9.7 5.24491288442 3018.5012131 633.53811796
9.8 5.04649625612 2965.41823092 646.006083741
9.9 4.85748723861 2914.06855628 658.651251165
10.0 4.67735141287 2864.03813187 671.396071691
10.1 4.50558964054 2815.2049307 684.221318177
10.2 4.3417354162 2768.17872811 697.288897907
10.3 4.18535244179 2721.71845261 710.300832042
10.4 4.03603240258 2677.03589469 723.577770351
10.5 3.89339292631 2633.29778108 736.914545382
10.6 3.7570757087 2590.27969846 750.251638646
10.7 3.62674479057 2547.09459284 763.32271598
10.8 3.50208497276 2506.46227691 776.943441784
10.9 3.38280035693 2466.82309668 790.671698014
11.0 3.26861300109 2428.29226251 804.55623194
11.1 3.15926167986 2390.68393122 818.548798712
11.2 3.05450074055 2353.80207169 832.590330994
11.3 2.95409904678 2317.81272865 846.745882335
11.4 2.85783900239 2282.84911254 861.076660066
11.5 2.76551564869 2248.50784023 875.442379626
11.6 2.67693582913 2214.81086434 889.854797257
11.7 2.59191741577 2181.90039354 904.377187143
11.8 2.51028859251 2149.70636775 918.990092671
11.9 2.43188719045 2118.12712861 933.657289891
12.0 2.3565600712 2086.99924264 948.3097475
12.1 2.28416255437 2056.61120498 963.08161393
12.2 2.21455788567 2026.74574473 977.879755385
12.3 2.14761674244 1997.37025235 992.69110862
12.4 2.08321677382 1968.45028485 1007.50026227
12.5 2.02124217263 1940.05315447 1022.34382061
12.6 1.96158327689 1911.99196292 1037.12509089
12.7 1.90413619831 1884.50040764 1051.97093979
12.8 1.84880247611 1857.38976473 1066.78091596
12.9 1.79548875399 1830.53838792 1081.48248237
13.0 1.74410647867 1803.67922536 1095.90692697
13.1 1.6945716184 1777.36176467 1110.37745786
13.2 1.6468043999 1751.61557015 1124.92137044
13.3 1.60072906247 1726.42600339 1139.53960929
13.4 1.55627362806 1701.7447288 1154.20999845
13.5 1.51336968602 1677.68713674 1169.02165018
13.6 1.47195219161 1654.10243224 1183.88260007
13.7 1.43195927732 1630.70769013 1198.59311324
13.8 1.39333207594 1607.39060237 1213.06063179
13.9 1.35601455475 1585.19776345 1228.08146239
14.0 1.31995335996 1563.64511951 1243.32012429
14.1 1.28509767072 1542.48904059 1258.59924238
14.2 1.25139906202 1521.63319541 1273.84522721
14.3 1.21881137598 1500.96725393 1288.96472881
14.4 1.18729060081 1481.17292517 1304.55264944
14.5 1.15679475704 1461.67887787 1320.13340078
14.6 1.12728379059 1442.57231689 1335.7908377
14.7 1.098719472 1423.84683887 1351.52847611
14.8 1.07106530172 1405.56531071 1367.41725914
14.9 1.04428642081 1387.5378753 1383.28287726
15.0 1.01834952686 1369.04221773 1398.38936119
15.1 0.993222794743 1351.74090349 1414.42451295
15.2 0.96887580186 1334.87522461 1430.64834512
15.3 0.94527945766 1318.21944859 1446.83034443
15.4 0.922405937114 1301.9703836 1463.19201332
15.5 0.900228617928 1285.96740224 1479.56491471
15.6 0.878722021239 1269.59745369 1495.23114543
15.7 0.857861755597 1254.05292552 1511.58162492
15.8 0.837624464028 1238.91600614 1528.15388364
15.9 0.817987773979 1224.1254309 1544.88971419
16.0 0.798930249991 1209.58710575 1561.68229124
16.1 0.780431348917 1195.29673576 1578.53299282
16.2 0.762471377544 1181.28542454 1595.49096126
16.3 0.745031452471 1167.54770706 1612.55909569
16.4 0.728093462116 1154.03423441 1629.67821756
16.5 0.711640030722 1140.76014256 1646.8765904
16.6 0.69565448424 1127.72939303 1664.16835558
16.7 0.680120817999 1114.90829737 1681.51187172
16.8 0.665023666036 1102.387946 1699.05386886
16.9 0.650348272011 1089.94581083 1716.45983042
17.0 0.636080461604 1077.84339331 1734.14436345
17.1 0.622206616317 1065.88073395 1751.7998831
17.2 0.608713648598 1054.14426953 1769.5723124
17.3 0.595588978215 1042.60710733 1787.42585421
17.4 0.582820509813 1031.29865267 1805.41988558
17.5 0.570396611578 1020.09164419 1823.33851955
17.6 0.558306094963 1009.15149255 1841.48146124
17.7 0.546538195405 998.343888925 1859.61534314
17.8 0.535082553985 987.756543226 1877.90891492
17.9 0.523929199976 977.311142652 1896.22275025
18.0 0.513068534239 967.054579577 1914.65345356
18.1 0.502491313413 956.938511892 1933.11308198
18.2 0.492188634858 947.019253872 1951.72195313
18.3 0.482151922318 936.908190795 1969.67463157
18.4 0.47237291226 927.047987024 1987.8834258
18.5 0.462843640853 917.589139596 2006.69624868
18.6 0.453556431557 908.256955313 2025.53951427
18.7 0.444503883292 899.127686348 2044.59080148
18.8 0.435678859146 890.077474821 2063.57759206
18.9 0.427074475615 881.188689007 2082.69302723
19.0 0.418684092321 872.451630084 2101.92361686
19.1 0.410501302213 863.829592936 2121.18819296
19.2 0.402519922198 855.364772406 2140.59654622
19.3 0.394733984206 846.983581027 2159.9715118
19.4 0.387137726646 838.773983806 2179.54194396
19.5 0.37972558625 830.657494712 2199.11341153
19.6 0.372492190276 822.679167323 2218.80961326
19.7 0.365432349053 814.817187159 2238.57980789
19.8 0.358541048862 807.063786605 2258.40850864
19.9 0.351813445116 799.414896721 2278.28947702
20.0 0.345244855846 791.91502071 2298.35687818
20.1 0.338830755466 784.500662996 2318.43542138
20.2 0.332566768806 777.181051491 2338.55546381
20.3 0.326448665401 769.96929033 2358.76145147
20.4 0.320472354025 762.881127826 2379.10921527
20.5 0.314633877454 755.881101524 2399.49584874
20.6 0.308929407453 749.002697504 2420.03357729
20.7 0.303355239973 742.167130414 2440.47335343
20.8 0.297907790546 735.491914443 2461.20511297
20.9 0.292583589881 728.865744373 2481.86730614
21.0 0.287379279627 722.341162358 2502.64012621
21.1 0.282291608326 715.822228878 2523.19312941
21.2 0.277317427526 709.490225746 2544.16686421
21.3 0.272453688046 703.218759089 2565.1242592
21.4 0.267697436409 697.048833939 2586.21843008
21.5 0.2630458114 690.980273133 2607.45761955
21.6 0.258496040783 684.58903714 2627.22372203
21.7 0.254045438129 678.374389184 2647.39215397
21.8 0.249691399789 672.50551629 2668.65801332
21.9 0.245431401974 666.756079954 2690.16625985
22.0 0.241262997959 661.088847135 2711.7781797
22.1 0.237183815394 655.478176622 2733.39370823
22.2 0.233191553716 649.933407456 2755.05426979
22.3 0.229283981673 644.257322821 2775.914059
22.4 0.225458934932 638.727516137 2797.15113277
22.5 0.221714313789 633.397288455 2819.02378774
22.6 0.218048080961 628.1714724 2841.13482627
22.7 0.214458259467 622.965571699 2863.10916763
22.8 0.210942930586 617.875265987 2885.38855648
22.9 0.207500231896 612.573627933 2906.4382262
23.0 0.204128355386 607.475707601 2928.20151047
23.1 0.200825545639 602.576169665 2950.68901222
23.2 0.197590098082 597.665061373 2972.89282952
23.3 0.194420357306 592.586095359 2994.01140362
23.4 0.191314715441 587.872475266 3016.73171447
23.5 0.188271610597 582.750878661 3037.10129558
23.6 0.185289525364 577.91665964 3058.69226531
23.7 0.182366985359 573.377221798 3081.6047298
23.8 0.179502557834 568.883484306 3104.54300169
23.9 0.176694850333 564.437043141 3127.51850876
24.0 0.173942509394 560.033259676 3150.50829487
24.1 0.171244219303 555.49635844 3172.51059253
24.2 0.168598700889 551.10580358 3195.10226448
24.3 0.166004710364 546.893628603 3218.50091526
24.4 0.163461038205 542.698414394 3241.78062505
24.5 0.160966508073 538.581332731 3265.30822973
24.6 0.158519975774 534.476447982 3288.69055706
24.7 0.156120328254 530.463387551 3312.41966831
24.8 0.153766482628 526.474678909 3336.0848641
24.9 0.151457385249 522.507241336 3359.66475675
25.0 0.149192010803 518.639044273 3383.66562825
25.1 0.146969361439 514.771995211 3407.45807656
25.2 0.144788465924 510.965180659 3431.43099277
25.3 0.142648378839 507.210169271 3455.5361778
25.4 0.140548179785 503.497831162 3479.71756565
25.5 0.138486972635 499.798003482 3503.76824226
25.6 0.136463884795 496.17729369 3528.1574667
25.7 0.1344780665 492.577181615 3552.47906428
25.8 0.132528690134 489.027475406 3576.9493683
25.9 0.130614949563 485.51607515 3601.48621927
26.0 0.128736059504 482.023752591 3625.94901017
26.1 0.126891254905 478.592168218 3650.65362636
26.2 0.12507979035 475.222097561 3675.61753218
26.3 0.123300939481 471.826525622 3700.17035939
26.4 0.121553994443 468.50559565 3725.09228894
26.5 0.119838265344 465.235267116 3750.20623342
26.6 0.118153079732 461.975626118 3775.19512664
26.7 0.116497782096 458.540613827 3798.51360957
26.8 0.11487173337 455.328826782 3823.44149021
26.9 0.113274310469 452.194465001 3848.80597896
27.0 0.111704905826 449.08042236 3874.1335374
27.1 0.110162926954 445.998849102 3899.52998269
27.2 0.108647796017 442.94178524 3924.92871413
27.3 0.107158949412 439.950121023 3950.6981613
27.4 0.105695837374 436.952245497 3976.20272461
27.5 0.104257923582 433.979694708 4001.72360054
27.6 0.102844684788 430.85269721 4025.58298639
27.7 0.101455610448 427.974559023 4051.534252
27.8 0.100090202372 425.11956895 4077.49752309
27.9 0.0987479743792 422.289704204 4103.49351062
28.0 0.0974284519714 419.485628364 4129.53109065
28.1 0.0961311720078 416.71437252 4155.68308741
28.2 0.0948556823961 413.978824793 4181.98422748
28.3 0.0936015417901 411.267986616 4208.32881704
28.4 0.0923683192981 408.575780558 4234.65655599
28.5 0.0911555941993 405.93483071 4261.31029041
28.6 0.089962955669 403.278649618 4287.59672431
28.7 0.088790002513 400.397167996 4311.24081581
28.8 0.0876363429086 397.631237622 4335.85974652
28.9 0.0865015941546 395.06473322 4362.41955911
29.0 0.0853853824281 392.551305396 4389.35956193
29.1 0.0842873425492 390.043255367 4416.15514707
29.2 0.0832071177522 387.583980915 4443.29931646
29.3 0.0821443594638 385.133256191 4470.33925807
29.4 0.0810987270878 382.696637913 4497.3372524
29.5 0.0800698877965 380.298958239 4524.58814995
29.6 0.0790575163277 377.909564183 4551.73316261
29.7 0.0780612947883 375.562521423 4579.18465928
29.8 0.0770809124628 373.236643756 4606.69345809
29.9 0.0761160656284 370.916768151 4634.07310436
30.0 0.0751664573745 368.636759914 4661.74801832
30.1 0.0742317974283 366.378489589 4689.49791312
30.2 0.0733118019848 363.97165711 4715.12020481
30.3 0.0724061935416 361.723568054 4742.56779178
30.4 0.0715147007396 359.41585064 4769.01111426
30.5 0.0706370582065 357.146249547 4795.72764147
30.6 0.069773006406 355.005309049 4823.95920065
30.7 0.0689222914913 352.858380876 4851.91004024
30.8 0.0680846651619 350.607639052 4878.20980952
30.9 0.0672598845252 348.484685308 4906.06138051
31.0 0.0664477119614 346.081793281 4929.71373789
31.1 0.0656479149931 343.998071427 4957.65407225
31.2 0.0648602661575 341.958268472 4986.02309295
31.3 0.0640845428827 339.933069476 5014.40446044
31.4 0.0633205273676 337.94685453 5043.16330027
31.5 0.0625680064645 335.950738567 5071.57567852
31.6 0.0618267715657 333.997028991 5100.42908403
31.7 0.0610966184925 332.051583451 5129.21232832
31.8 0.060377347388 330.126578981 5158.11400809
31.9 0.0596687626121 328.215367317 5187.03395223
32.0 0.0589706726396 326.312448743 5215.88567432
32.1 0.0582828899617 324.457199265 5245.30423123
32.2 0.0576052309888 322.581720653 5274.19968376
32.3 0.0569375159576 320.737432041 5303.40512294
32.4 0.0562795688393 318.924093061 5332.92794998
32.5 0.0556312172509 317.107457031 5362.20057979
32.6 0.0549922923689 315.315575203 5391.69493693
32.7 0.054362628845 313.531626736 5421.12845259
32.8 0.0537420647246 311.779294855 5450.91391224
32.9 0.0531304413667 309.987626792 5479.80959918
33.0 0.0525276033664 308.135673538 5507.41219889
33.1 0.0519333984794 306.429606214 5537.40566266
33.2 0.0513476775487 304.718376029 5567.11110746
33.3 0.0507702944322 303.049229491 5597.39237405
33.4 0.0502011059339 301.358873867 5627.08737611
33.5 0.0496399717352 299.708219428 5657.32727214
33.6 0.0490867543291 298.032191598 5686.88902384
33.7 0.0485413189555 296.321899538 5715.57975383
33.8 0.0480035335387 294.715547805 5746.06679057
33.9 0.0474732686257 293.109577151 5776.36879811
34.0 0.0469503973271 291.521264936 5806.82460801
34.1 0.0464347952588 289.948167421 5837.39072776
34.2 0.0459263404852 288.386356661 5867.99149047
34.3 0.0454249134644 286.835809832 5898.62823527
34.4 0.0449303969941 285.308245291 5929.5463651
34.5 0.0444426761593 283.781393719 5960.28782354
34.6 0.0439616382813 282.279898268 5991.37069496
34.7 0.0434871728676 280.77355737 6022.15872544
34.8 0.0430191715637 279.28517053 6053.13739484
34.9 0.0425575281056 277.825298116 6084.54474073
35.0 0.0421021382736 276.359134213 6115.62467745
35.1 0.0416528998472 274.910462056 6146.89932942
35.2 0.0412097125614 273.474452486 6178.26638973
35.3 0.0407724780638 272.055585592 6209.83166302
35.4 0.0403410998728 270.641487045 6241.31658293
35.5 0.0399154833368 269.236467718 6272.81971392
35.6 0.0394955355947 267.841666132 6304.36908252
35.7 0.0390811655369 266.463241188 6336.11324424
35.8 0.0386722837675 265.09825483 6367.98828032
35.9 0.0382688025676 263.635011701 6397.28846113
36.0 0.0378706358592 262.268161923 6428.70726479
36.1 0.0374776991697 260.929099388 6460.61197713
36.2 0.0370899095983 259.615954512 6492.97138994
36.3 0.0367071857819 258.296278482 6524.98019489
36.4 0.0363294478629 256.888450014 6554.54577805
36.5 0.0359566174569 255.578102829 6586.37933815
36.6 0.035588617622 254.294521988 6618.70987617
36.7 0.0352253728281 253.024651388 6651.20982058
36.8 0.0348668089273 251.755209343 6683.53224346
36.9 0.0345128531252 250.490647341 6715.79180595
37.0 0.0341634339523 249.150309841 6745.80355557
37.1 0.0338184812364 247.920653925 6778.59989646
37.2 0.0334779260758 246.697800812 6811.39631038
37.3 0.0331417008131 245.474656079 6843.99556907
37.4 0.032809739009 244.280025792 6877.20346257
37.5 0.0324819754177 243.078180617 6910.02277759
37.6 0.032158345962 241.897640507 6943.26129498
37.7 0.0318387877094 240.717184724 6976.31684419
37.8 0.031523238849 239.537957169 7009.21811799
37.9 0.0312116386682 238.276546304 7039.49700965
38.0 0.0309039275305 237.126065607 7072.83865767
38.1 0.0306000468538 235.983998853 7106.2456776
38.2 0.0302999390888 234.858592426 7139.97121771
38.3 0.0300035476984 233.725218783 7173.26911824
38.4 0.0297108171372 232.613008018 7207.03019866
38.5 0.0294216928316 231.506669484 7240.79005263
38.6 0.0291361211603 230.405559352 7274.52883575
38.7 0.0288540494352 229.315795566 7308.44147497
38.8 0.0285754258832 228.14929098 7339.69963263
38.9 0.0283001996275 227.050546813 7372.92141531
39.0 0.0280283206699 225.980004599 7406.86683384
39.1 0.0277597398739 224.924458042 7441.12006462
39.2 0.0274944089472 223.873155918 7475.33129708
39.3 0.0272322804253 222.828781614 7509.59029341
39.4 0.026973307655 221.795618613 7544.0446128
39.5 0.0267174447792 220.671623409 7575.19727138
39.6 0.0264646467205 219.551983137 7606.25514258
39.7 0.0262148691664 218.494038919 7639.22202281
39.8 0.0259680685546 217.416310703 7671.27715523
39.9 0.0257242020583 216.423956172 7706.14085499
40.0 0.0254832275719 215.427411102 7740.6731698
40.1 0.0252451036971 214.446938236 7775.60020595
40.2 0.0250097897295 213.428608973 7808.96014961
40.3 0.024777245645 212.367815504 7840.5407664
40.4 0.0245474320872 211.390534636 7874.98785164
40.5 0.024320310354 210.437688836 7910.15981037
40.6 0.0240958423858 209.49051147 7945.3651104
40.7 0.0238739907528 208.547428065 7980.54486981
40.8 0.0236547186434 207.551906437 8013.51619387
40.9 0.0234379898524 206.590670045 8047.5987088
41.0 0.0232237687694 205.666339822 8082.92630185
41.1 0.0230120203678 204.662925365 8114.93397897
41.2 0.0228027101939 203.752571472 8150.42006953
41.3 0.0225958043558 202.843799366 8185.78670245
41.4 0.0223912695134 201.911925012 8220.02631014
41.5 0.0221890728677 201.014726228 8255.48258943
41.6 0.0219891821511 200.12844608 8291.20424067
41.7 0.0217915656173 199.256423182 8327.33832556
41.8 0.0215961920315 198.38516063 8363.3271653
41.9 0.0214030306615 197.518667477 8399.33784996
42.0 0.0212120512679 196.664001457 8435.67414758
42.1 0.0210232240953 195.799798186 8471.42065907
42.2 0.0208365198635 194.957472849 8507.9334399
42.3 0.0206519097586 194.114972374 8544.2622163
42.4 0.0204693654246 193.277580334 8580.63719151
42.5 0.0202888589551 192.444532153 8617.02578021
42.6 0.0201103628851 191.626441383 8653.90810807
42.7 0.019933850183 190.801075768 8690.28471714
42.8 0.0197592942426 189.988381598 8727.05925548
42.9 0.019586668876 189.165074268 8763.16372606
43.0 0.0194159483052 188.2852312 8796.43604996
43.1 0.0192471071557 187.495099377 8833.69522882
43.2 0.0190801204483 186.694212675 8870.27034731
43.3 0.018914963593 185.902918147 8907.11933234
43.4 0.0187516123813 185.081204847 8942.31648228
43.5 0.0185900429797 184.310948499 8979.80977508
43.6 0.0184302319233 183.540600663 9017.12530268
43.7 0.0182721561088 182.772866945 9054.3929902
43.8 0.0181157927885 182.003406022 9091.39519553
43.9 0.0179611195637 181.257925594 9129.42055868
44.0 0.017808114379 180.499090021 9166.59898308
44.1 0.0176567555159 179.754752796 9204.33595575
44.2 0.0175070215869 179.012984064 9242.02991333
44.3 0.01735889153 178.275365626 9279.76251469
44.4 0.0172123446029 177.535706206 9317.21020197
44.5 0.0170673603773 176.773643297 9353.28898242
44.6 0.0169239187337 176.050700525 9391.24768173
44.7 0.0167819998558 175.330803013 9429.1931243
44.8 0.0166415842255 174.573643215 9464.94002116
44.9 0.0165026526177 173.829902286 9501.2053339
45.0 0.0163651860949 173.121014595 9539.18373107
45.1 0.0162291660031 172.421619459 9577.50895839
45.2 0.0160945739659 171.73101049 9616.1503228
45.3 0.0159613918807 171.03616026 9654.38050268
45.4 0.0158296019134 170.350935812 9692.97894908
45.5 0.0156991864941 169.665736558 9731.40431331
45.6 0.0155701283126 168.935895131 9767.07035759
45.7 0.0154424103141 168.250556134 9805.10648793
45.8 0.0153160156946 167.580528471 9843.85574537
45.9 0.0151909278969 166.914453422 9882.66315982
46.0 0.0150671306063 166.255267582 9921.70575729
46.1 0.0149446077467 165.551534394 9957.89561648
46.2 0.0148233434767 164.883017682 9996.0011761
46.3 0.0147033221851 164.235909553 10035.2250723
46.4 0.0145845284879 163.592638988 10074.5122129
46.5 0.0144669472237 162.952779009 10113.8379388
46.6 0.0143505634507 162.311732944 10152.9159789
46.7 0.0142353624425 161.674336468 10192.0457318
46.8 0.0141213296849 161.053960661 10232.0783305
46.9 0.0140084508724 160.421871648 10271.1955577
47.0 0.0138967119044 159.802254557 10310.936839
47.1 0.0137860988823 159.189471699 10350.9505622
47.2 0.0136765981059 158.568781657 10390.277445
47.3 0.0135681960702 157.956846504 10430.0020948
47.4 0.0134608794622 157.354607471 10470.1967846
47.5 0.013354635158 156.749625974 10510.0387234
47.6 0.0132494502194 156.095752167 10546.4020417
47.7 0.0131453118909 155.484038766 10585.4062219
47.8 0.0130422075972 154.893152102 10625.6494131
47.9 0.0129401249397 154.276714852 10663.9548137
48.0 0.0128390516941 153.647435233 10701.1636793
48.1 0.0127389758071 153.065163423 10741.4518684
48.2 0.0126398853943 152.482662316 10781.5503366
48.3 0.012541768737 151.877131341 10819.8308215
48.4 0.0124446142798 151.30239877 10860.1163029
48.5 0.0123484106277 150.738391808 10901.0012314
48.6 0.0122531465439 150.167027559 10941.1819855
48.7 0.0121588109472 149.616612665 10982.7209022
48.8 0.0120653929094 149.05424118 11023.2153478
48.9 0.0119728816528 148.439932289 11059.663317
49.0 0.0118812665482 147.881907748 11100.0980503
49.1 0.0117905371121 147.335656851 11141.2438555
49.2 0.011700683005 146.789777358 11182.2483862
49.3 0.0116116940283 146.247923874 11223.38928
49.4 0.011523560123 145.706420246 11264.3857122
49.5 0.0114362713667 145.114449939 11301.2773192
49.6 0.0113498179723 144.588486147 11343.1113746
49.7 0.0112641902851 144.057739259 11384.4036556
49.8 0.0111793787811 143.531396953 11425.87388
49.9 0.0110953740653 143.007168704 11467.3426347
50.0 0.0110121668689 142.489270441 11509.1507494
50.1 0.0109297480482 141.969115503 11550.6073699
50.2 0.0108481085821 141.457235636 11592.5682133
50.3 0.0107672395705 140.948853111 11634.6502418
50.4 0.0106871322323 140.408415509 11673.9004554
50.5 0.0106077779035 139.841104604 11710.6917171
50.6 0.0105291680358 139.301562016 11749.5805356
50.7 0.0104512941944 138.80751697 11792.1196698
50.8 0.0103741480565 138.308111978 11834.0371545
50.9 0.0102977214094 137.804965631 11875.4593391
51.0 0.0102220061491 137.293695821 11915.9956287
51.1 0.0101469942785 136.802437877 11958.0868757
51.2 0.0100726779058 136.315912273 12000.4218407
51.3 0.00999904924287 135.836341533 12043.2031311
51.4 0.00992610060376 135.349841316 12085.2008592
51.5 0.00985382440315 134.87720078 12128.2680127
51.6 0.0097822131548 134.40141137 12170.887448
51.7 0.00971125947012 133.931015133 12213.8289063
51.8 0.00964095605667 133.458658706 12256.4241994
51.9 0.00957129571675 132.987479632 12298.9564692
52.0 0.00950227134598 132.532644511 12342.837213
52.1 0.00943387593191 132.066409433 12385.493227
52.2 0.00936610255267 131.588815684 12426.902878
52.3 0.00929894437562 131.03059549 12460.4534
52.4 0.00923239465604 130.58354367 12504.3471356
52.5 0.0091664467358 130.129739079 12547.4314113
52.6 0.00910109404216 129.677877243 12590.533822
52.7 0.00903633008643 129.232858482 12634.1341442
52.8 0.0089721484628 128.789453448 12677.7282682
52.9 0.00890854284709 128.330244477 12719.5899564
53.0 0.00884550699558 127.854218181 12759.5825958
53.1 0.00878303474385 127.412936522 12802.8493926
53.2 0.00872112000557 126.979298349 12846.7167345
53.3 0.00865975677143 126.548135781 12890.6708886
53.4 0.00859893910798 126.118508014 12934.6174116
53.5 0.00853866115657 125.688649159 12978.3740677
53.6 0.00847891713222 125.263144936 13022.4139918
53.7 0.0084197013226 124.842097452 13066.7539603
53.8 0.00836100808699 124.41611738 13110.4109493
53.9 0.00830283185521 124.002613827 13155.2182411
54.0 0.00824516712663 123.585642012 13199.4965302
54.1 0.00818800846919 123.167732679 13243.507419
54.2 0.00813135051842 122.757960692 13288.2281259
54.3 0.00807518797642 122.348222112 13332.7901688
54.4 0.00801951561101 121.926346343 13375.8554191
54.5 0.00796432825471 121.480863717 13416.1274191
54.6 0.00790962080387 121.07715789 13460.8198186
54.7 0.00785538821775 120.678334541 13505.8929317
54.8 0.00780162551762 120.272996995 13550.0706701
54.9 0.00774832778594 119.829803615 13589.780994
55.0 0.00769549016542 119.437987199 13635.1223347
55.1 0.00764310785822 119.043747069 13680.0250387
55.2 0.00759117612514 118.618712904 13721.1988889
55.3 0.00753969028472 118.211526968 13764.23421
55.4 0.00748864571253 117.822917226 13809.2539843
55.5 0.00743803784028 117.44192119 13855.0046486
55.6 0.00738786215513 117.053412619 13899.704684
55.7 0.00733811419883 116.637047407 13940.9020463
55.8 0.00728878956705 116.245088647 13984.8159511
55.9 0.00723988390856 115.86848798 14030.4048327
56.0 0.00719139292454 115.492615759 14075.9188924
56.1 0.00714331236783 115.121138598 14121.8067037
56.2 0.00709563804224 114.750046256 14167.5806897
56.3 0.00704836580185 114.343889474 14208.8337952
56.4 0.00700149155029 113.959431287 14252.5778112
56.5 0.00695501124011 113.599012841 14299.1566189
56.6 0.00690892087204 113.233128317 14344.8876456
56.7 0.00686321649442 112.873207594 14391.2119909
56.8 0.00681789420248 112.510401608 14437.0058861
56.9 0.00677295013773 112.152341958 14483.2448874
57.0 0.00672838048735 111.797566378 14529.7477958
57.1 0.00668418148352 111.441352442 14575.9022432
57.2 0.00664034940285 111.090775663 14622.633117
57.3 0.0065968805658 110.726677536 14667.4138627
57.4 0.00655377133601 110.36016067 14711.6875771
57.5 0.00651101811982 110.011896476 14758.2182204
57.6 0.0064686173656 109.666988719 14805.0382385
57.7 0.00642656556326 109.29826294 14848.4616485
57.8 0.00638485924366 108.933863882 14892.2720684
57.9 0.00634349497805 108.594988119 14939.3935633
58.0 0.00630246937756 108.256129328 14986.3582963
58.1 0.00626177909266 107.919601063 15033.485804
58.2 0.00622142081263 107.583257132 15080.4785373
58.3 0.00618139126504 107.246273986 15127.2180268
58.4 0.00614168721526 106.91700781 15174.885787
58.5 0.00610230546594 106.586750001 15222.2557391
58.6 0.00606324285654 106.254106158 15269.1221144
58.7 0.00602449626281 105.930576466 15317.1386368
58.8 0.00598606259637 105.603670149 15364.5096869
58.9 0.00594793880417 105.239677869 15406.2886383
59.0 0.00591012186807 104.912548417 15453.2645251
59.1 0.00587260880437 104.592292612 15501.0900149
59.2 0.00583539666337 104.248356948 15545.2250664
59.3 0.0057984825289 103.908636708 15589.78708
59.4 0.00576186351791 103.591774224 15637.5987993
59.5 0.00572553678005 103.237442888 15679.5583074
59.6 0.00568949949718 102.922891199 15727.3626211
59.7 0.00565374888303 102.60994033 15775.2502381
59.8 0.00561828218275 102.298761646 15823.2494382
59.9 0.0055830966725 101.990968178 15871.6135215
60.0 0.00554818965906 101.6829296 15919.7810018
60.1 0.00551355847944 101.369420975 15966.9255091
60.2 0.00547920050047 100.991630818 16003.7090978
60.3 0.00544511311846 100.688708981 16052.1280494
60.4 0.00541129375876 100.388566842 16100.8328505
60.5 0.00537773987545 100.088275363 16149.3562818
60.6 0.00534444895092 99.7860717 16197.4091135
60.7 0.00531141849556 99.4957945651 16247.2428959
60.8 0.00527864604736 99.1947568648 16295.1630364
60.9 0.00524612917159 98.9018778324 16344.2617872
61.0 0.00521386546042 98.6087390417 16393.1610834
61.1 0.00518185253263 98.3179146442 16442.2880254
61.2 0.00515008803321 98.0227834489 16490.5329995
61.3 0.00511856963309 97.7376800032 16540.3063286
61.4 0.00508729502876 97.448927017 16589.3071756
61.5 0.005056261942 97.1625205165 16638.5487184
61.6 0.00502546811951 96.8609335281 16685.0163106
61.7 0.00499491133264 96.5521749012 16730.0487489
61.8 0.00496458937705 96.2698798904 16779.4837374
61.9 0.00493450007244 95.9889256621 16828.9952128
62.0 0.0049046412622 95.693568034 16875.8082026
62.1 0.00487501081317 95.3894160104 16920.8703795
62.2 0.00484560661531 95.1086379017 16969.8912191
62.3 0.00481642658143 94.8375330734 17020.4821281
62.4 0.0047874686469 94.5618299678 17070.0946294
62.5 0.00475873076936 94.2876224659 17119.8181722
62.6 0.00473021092847 94.0160514062 17169.8632726
62.7 0.00470190712563 93.7452057652 17219.8847268
62.8 0.00467381738369 93.4764246565 17270.129719
62.9 0.0046459397467 93.2029537075 17319.3472096
63.0 0.00461827227968 92.9414861155 17370.6394882
63.1 0.0045908130683 92.674039099 17420.6624495
63.2 0.00456356021868 92.4071911827 17470.6379492
63.3 0.00453651185713 92.144796646 17521.2982899
63.4 0.00450966612986 91.8815511261 17571.6411053
63.5 0.00448302120282 91.6107607951 17620.3736092
63.6 0.00445657526137 91.3267298535 17666.3665402
63.7 0.0044303265101 91.06307674 17716.1137078
63.8 0.00440427317259 90.7727120111 17760.4667425
63.9 0.00437841349117 90.5151652329 17811.0475738
64.0 0.00435274572668 90.2592247659 17861.7869373
64.1 0.00432726815829 90.0059743958 17912.903449
64.2 0.00430197908323 89.7427097755 17961.8609815
64.3 0.00427687681658 89.4618358877 18007.0942627
64.4 0.00425195969111 89.2115466299 18058.2959893
64.5 0.00422722605699 88.9601173014 18109.1101771
64.6 0.00420267428163 88.7123240481 18160.508184
64.7 0.00417830274946 88.4664425868 18212.1451349
64.8 0.00415410986173 88.2161719468 18262.7207874
64.9 0.00413009403631 87.9718466789 18314.3689106
65.0 0.00410625370748 87.7299219968 18366.3657149
65.1 0.00408258732576 87.4839579623 18417.3614626
65.2 0.00405909335768 87.2437783065 18469.4191758
65.3 0.00403577028562 87.0033436684 18521.2712238
65.4 0.00401261660763 86.7599716437 18572.3400945
65.5 0.00398963083719 86.5218938865 18624.3848043
65.6 0.00396681150312 86.2843075706 18676.3822981
65.7 0.00394415714929 86.0469213433 18728.2685369
65.8 0.00392166633454 85.8136616867 18780.901183
65.9 0.00389933763243 85.5760343842 18832.4235143
66.0 0.00387716963114 85.3399471969 18884.1245358
66.1 0.00385516093321 85.111642302 18937.3963405
66.2 0.00383331015546 84.8761270239 18988.9108587
66.3 0.00381161592876 84.6451184461 19041.2749939
66.4 0.0037900768979 84.3971107214 19089.63863
66.5 0.00376869172142 84.1450370541 19136.8775709
66.6 0.00374745907144 83.8881428636 19182.8014581
66.7 0.00372637763352 83.6577295839 19234.5863519
66.8 0.00370544610647 83.4376355196 19288.5929059
66.9 0.00368466320226 83.2090073174 19340.475548
67.0 0.0036640276458 82.9841599455 19393.0776224
67.1 0.00364353817483 82.7634051861 19446.4843759
67.2 0.00362319353975 82.5404989771 19499.2340045
67.3 0.00360299250351 82.2820061533 19543.3745329
67.4 0.00358293384141 82.0291796963 19588.617815
67.5 0.00356301634102 81.8093224322 19641.5379805
67.6 0.00354323880199 81.5276197461 19679.3735391
67.7 0.00352360003594 81.2697829841 19722.6817719
67.8 0.00350409886631 81.0564648592 19776.5917084
67.9 0.00348473412824 80.8380370241 19829.1016779
68.0 0.0034655046684 80.6271975297 19883.3207214
68.1 0.00344640934493 80.4085919503 19935.4697402
68.2 0.00342744702722 80.1981099863 19989.4761708
68.3 0.00340861659586 79.9892243944 20043.7344382
68.4 0.00338991694246 79.7746939188 20096.4244989
68.5 0.00337134696955 79.5495064204 20146.2520841
68.6 0.00335290559047 79.3219897845 20195.2921388
68.7 0.00333459172921 79.1171755145 20249.9395018
68.8 0.00331640432032 78.9066425714 20302.9710616
68.9 0.00329834230879 78.6937929041 20355.2412304
69.0 0.0032804046499 78.4612188966 20402.211717
69.1 0.00326259030917 78.2582637589 20456.6973686
69.2 0.00324489826216 78.0520528452 20510.179102
69.3 0.00322732749445 77.8522510571 20565.1942547
69.4 0.00320987700143 77.649404572 20619.2568028
69.5 0.0031925457883 77.4323900917 20669.3826521
69.6 0.00317533286985 77.2007822372 20715.3960407
69.7 0.00315823727043 76.9847643206 20765.3745538
69.8 0.00314125802383 76.7861224725 20819.8655863
69.9 0.00312439417316 76.5885840854 20874.5051364
70.0 0.00310764477073 76.3905753448 20928.8644997
70.1 0.00309100887799 76.1760669499 20978.5250655
70.2 0.00307448556543 75.9669745646 21029.4806671
70.3 0.00305807391241 75.7734049533 21084.5643951
70.4 0.00304177300717 75.5667632429 21135.842944
70.5 0.00302558194662 75.3559498712 21185.7597607
70.6 0.00300949983635 75.1608052446 21239.9010483
70.7 0.00299352579046 74.9710369996 21295.4092244
70.8 0.00297765893148 74.7450122164 21340.419023
70.9 0.00296189839032 74.5399775595 21391.1971999
71.0 0.00294624330613 74.3415675783 21443.6900037
71.1 0.00293069282624 74.1499516965 21497.9734948
71.2 0.00291524610603 73.9674394696 21554.7485996
71.3 0.00289990230892 73.7759218201 21608.7496524
71.4 0.0028846606062 73.5909896202 21664.5240251
71.5 0.00286952017698 73.4083061349 21720.815906
71.6 0.00285448020813 73.2123066551 21773.004438
71.7 0.00283953989416 73.0017856525 21820.6668318
71.8 0.00282469843713 72.803833191 21871.8731536
71.9 0.00280995504662 72.6254125073 21928.7806933
72.0 0.00279530893959 72.4397797754 21983.3605775
72.1 0.00278075934034 72.2618117524 22040.1150369
72.2 0.00276630548042 72.0641549581 22090.6922541
72.3 0.00275194659855 71.8721551751 22142.8076321
72.4 0.00273768194054 71.6924010038 22198.5251155
72.5 0.00272351075923 71.5051396331 22251.7526103
72.6 0.00270943231439 71.2880757491 22295.4799255
72.7 0.00269544587266 71.0887796709 22344.516955
72.8 0.00268155070749 70.9051315427 22398.2750759
72.9 0.00266774609905 70.7256401759 22453.1777769
73.0 0.00265403133415 70.5282478052 22502.2049883
73.1 0.00264040570621 70.3514659232 22557.6175749
73.2 0.00262686851512 70.152683178 22605.7807268
73.3 0.00261341906727 69.979294009 22661.9347473
73.4 0.00260005667538 69.7909029679 22713.0530276
73.5 0.0025867806585 69.6065420228 22765.2854329
73.6 0.00257359034192 69.4369477375 22822.1779954
73.7 0.0025604850571 69.2590946845 22876.1950763
73.8 0.00254746414162 69.0483152962 22919.1063664
73.9 0.00253452693911 68.8565764636 22968.0823829
74.0 0.00252167279918 68.6782067704 23021.3129985
74.1 0.00250890107736 68.4888001406 23070.6405529
74.2 0.00249621113505 68.3171460239 23125.7534605
74.3 0.00248360233944 68.1283008433 23174.8510483
74.4 0.00247107406347 67.9302863323 23220.5873752
74.5 0.00245862568573 67.7648593237 23277.2575138
74.6 0.00244625659047 67.6002970899 23334.0727904
74.7 0.00243396616749 67.4384154761 23391.6653533
74.8 0.00242175381207 67.2526620101 23440.7919133
74.9 0.00240961892496 67.0747365697 23492.4317566
75.0 0.00239756091232 66.8681658259 23533.7858344
75.1 0.00238557918559 66.6896456848 23584.7556659
75.2 0.00237367316155 66.5205520458 23638.8642182
75.3 0.00236184226217 66.3522806223 23693.0853219
75.4 0.0023500859146 66.176729759 23744.514137
75.5 0.00233840355113 66.0165173886 23801.2652552
75.6 0.00232679460908 65.8620791893 23859.9513839
75.7 0.00231525853081 65.6798424215 23908.3797162
75.8 0.00230379476365 65.5036897693 23958.7954973
75.9 0.00229240275982 65.3382264023 24012.9207703
76.0 0.00228108197643 65.1714587246 24066.3806683
76.1 0.00226983187539 65.0019180616 24118.6211611
76.2 0.00225865192336 64.8274186847 24168.8104166
76.3 0.00224754159174 64.6687524256 24224.7082591
76.4 0.0022365003566 64.5068225585 24279.2094582
76.5 0.00222552769862 64.3361721322 24330.2307215
76.6 0.00221462310304 64.1866136254 24389.0507517
76.7 0.00220378605967 64.0353279195 24447.0696021
76.8 0.00219301606276 63.8688036146 24499.0931958
76.9 0.00218231261102 63.7092151193 24553.5825686
77.0 0.00217167520756 63.5381000222 24603.4243018
77.1 0.00216110335982 63.3853415035 24660.1791244
77.2 0.00215059657955 63.2382814892 24718.9978428
77.3 0.00214015438277 63.0926447775 24778.2309119
77.4 0.00212977628972 62.9446856888 24836.4063377
77.5 0.00211946182481 62.7916491147 24892.4170911
77.6 0.00210921051658 62.6289771707 24944.4175249
77.7 0.00209902189769 62.4848617024 25003.6327365
77.8 0.00208889550481 62.3394315676 25062.1759698
77.9 0.00207883087868 62.1964224741 25121.5467815
78.0 0.00206882756396 62.0540880993 25181.0482794
78.1 0.00205888510928 61.9093416319 25239.4239474
78.2 0.00204900306714 61.7676475879 25298.8963195
78.3 0.00203918099393 61.625687627 25358.1154345
78.4 0.00202941844981 61.4853417836 25417.8550702
78.5 0.00201971499877 61.3442539826 25477.1440889
78.6 0.00201007020851 61.2040182717 25536.6414199
78.7 0.00200048365046 61.0645724873 25596.3240327
78.8 0.00199095489969 60.9240577564 25655.4118391
78.9 0.00198148353494 60.7873300149 25715.9510118
79.0 0.00197206913852 60.6474259546 25775.0023952
79.1 0.00196271129633 60.5124026735 25835.9855064
79.2 0.00195340959776 60.3730098122 25894.9595355
79.3 0.00194416363573 60.2352991132 25954.5044466
79.4 0.00193497300661 60.0887638892 26010.080353
79.5 0.00192583731019 59.9387606341 26063.9621168
79.6 0.00191675614966 59.7950785758 26120.4032178
79.7 0.00190772913155 59.6455340375 26174.0928122
79.8 0.00189875586575 59.5108650939 26234.1356077
79.9 0.00188983596542 59.3772026871 26294.4773379
80.0 0.00188096904699 59.2188175785 26343.6764855
80.1 0.00187215473014 59.0613033324 26393.0183612
80.2 0.0018633926377 58.9280497144 26453.005655
80.3 0.00185468239574 58.7816099995 26506.8979679
80.4 0.0018460236334 58.6352891734 26560.6395582
80.5 0.00183741598298 58.486415686 26613.0133835
80.6 0.00182885907983 58.3536709422 26672.5405349
80.7 0.00182035256236 58.202542097 26723.4721388
80.8 0.00181189607199 58.0678642876 26781.7586985
80.9 0.00180348925316 57.9099082814 26829.0942131
81.0 0.00179513175323 57.7736750185 26886.2735319
81.1 0.00178682322254 57.6196760774 26934.9710594
81.2 0.00177856331428 57.4766050899 26988.5464133
81.3 0.00177035168458 57.32585265 27038.288865
81.4 0.00176218799238 57.1830307496 27091.5441454
81.5 0.00175407189946 57.0398202386 27144.4013401
81.6 0.00174600307038 56.9049038525 27201.0062454
81.7 0.0017379811725 56.7810101624 27262.7197859
81.8 0.0017300058759 56.6561300521 27323.818928
81.9 0.00172207685339 56.5308071827 27384.5589098
82.0 0.00171419378046 56.386086422 27435.7120942
82.1 0.0017063563353 56.2267178339 27479.4725946
82.2 0.00169856419869 56.0876777928 27532.9126466
82.3 0.00169081705408 55.9498200129 27586.7218226
82.4 0.00168311458748 55.8311358264 27649.8157517
82.5 0.00167545648748 55.7078580369 27710.495616
82.6 0.00166784244521 55.5866912326 27772.0792217
82.7 0.00166027215432 55.4662743397 27833.8956707
82.8 0.00165274531096 55.3271313411 27886.1317937
82.9 0.00164526161376 55.1886239244 27938.463072
83.0 0.00163782076379 55.0674983935 27999.4063305
83.1 0.00163042246456 54.9283552545 28050.9976156
83.2 0.00162306642196 54.7984278495 28107.0828175
83.3 0.00161575234429 54.6726269968 28165.0999762
83.4 0.00160847994219 54.5553893857 28227.3705026
83.5 0.00160124892866 54.4362817941 28288.5286608
83.6 0.001594059019 54.3211575518 28351.6150181
83.7 0.00158690993081 54.2039432091 28413.4712333
83.8 0.00157980138397 54.0880459974 28475.8751333
83.9 0.00157273310061 53.9728516844 28538.509203
84.0 0.00156570480508 53.848396198 28596.0851347
84.1 0.00155871622396 53.7255750201 28654.3484068
84.2 0.00155176708601 53.6093842133 28715.9845404
84.3 0.00154485712217 53.4990102526 28780.5999875
84.4 0.00153798606554 53.3829906472 28842.0404526
84.5 0.00153115365131 53.2715627455 28905.8197829
84.6 0.00152435961684 53.1531322135 28965.6500615
84.7 0.00151760370154 53.0231658027 29018.9994105
84.8 0.00151088564691 52.8944238508 29072.7982591
84.9 0.00150420519651 52.7333479767 29108.5291147
85.0 0.00149756209593 52.598216663 29158.2677785
85.1 0.00149095609276 52.4895365587 29222.4780716
85.2 0.00148438693663 52.3735203666 29282.4557486
85.3 0.00147785437911 52.2486449009 29337.291385
85.4 0.00147135817376 52.1372565267 29399.5203748
85.5 0.00146489807607 52.0098921759 29452.5532513
85.6 0.00145847384347 51.8958769619 29512.9499311
85.7 0.0014520852353 51.7875924809 29576.4540941
85.8 0.00144573201277 51.681033903 29640.8086835
85.9 0.001439413939 51.5719867273 29703.5971989
86.0 0.00143313077895 51.4638465132 29766.7637878
86.1 0.00142688229942 51.3581638934 29831.2140712
86.2 0.00142066826904 51.2443584316 29890.7928752
86.3 0.00141448845825 51.1034730699 29934.3343306
86.4 0.00140834263929 50.982920678 29989.5256598
86.5 0.00140223058617 50.8628806668 30044.8073282
86.6 0.00139615207466 50.7180061261 30085.1457521
86.7 0.00139010688227 50.6068113426 30145.2089
86.8 0.00138409478826 50.5014685745 30208.6007854
86.9 0.00137811557359 50.379055693 30261.5947655
87.0 0.00137216902092 50.2368264124 30302.4039363
87.1 0.00136625491459 50.089854885 30340.0069669
87.2 0.00136037304061 49.9851060781 30402.931318
87.3 0.00135452318667 49.8829834032 30467.3109166
87.4 0.00134870514206 49.7796902267 30530.8355642
87.5 0.00134291869772 49.6787083232 30595.6389897
87.6 0.0013371636462 49.5781188664 30660.5506113
87.7 0.00133143978163 49.4749000868 30723.6953266
87.8 0.00132574689974 49.3546859823 30776.0930102
87.9 0.00132008479782 49.2531189999 30839.9279195
88.0 0.00131445327472 49.1527830195 30904.3926077
88.1 0.00130885213083 49.0534432905 30969.3468065
88.2 0.00130328116805 48.9412484389 31026.0156752
88.3 0.00129774018984 48.8337563537 31085.4734297
88.4 0.0012922290011 48.7365415259 31151.3182181
88.5 0.00128674740826 48.6288271544 31210.2945857
88.6 0.00128129521922 48.519805848 31268.2420221
88.7 0.00127587224332 48.4229098203 31333.8401416
88.8 0.00127047829137 48.3250067121 31398.6509415
88.9 0.00126511317562 48.2283780212 31464.1532463
89.0 0.00125977670972 48.1108628776 31515.8387858
89.1 0.00125446870876 48.0145748802 31581.2382237
89.2 0.00124918898919 47.9057206289 31638.2023145
89.3 0.0012439373689 47.7813231316 31684.6538997
89.4 0.00123871366711 47.6854462754 31749.8037108
89.5 0.00123351770443 47.5897215091 31814.9160462
89.6 0.00122834930281 47.4940784351 31879.9432925
89.7 0.00122320828553 47.3828067022 31934.2963089
89.8 0.00121809447722 47.2187383487 31952.6940459
89.9 0.00121300770382 47.1067476807 32005.9558581
90.0 0.00120794779257 46.9823719656 32050.5324058
90.1 0.00120291457199 46.8848321716 32113.1832093
90.2 0.00119790787192 46.794705058 32180.7710515
90.3 0.00119292752344 46.701427582 32246.0623984
90.4 0.00118797335891 46.608351087 32311.3528039
90.5 0.00118304521192 46.5123667354 32374.4784896
90.6 0.00117814291733 46.4050569002 32429.5309398
90.7 0.0011732663112 46.3137446523 32495.5841889
90.8 0.00116841523081 46.2231609129 32562.0149212
90.9 0.00116358951468 46.1307208478 32626.9995629
91.0 0.00115878900249 46.0301460122 32686.0624886
91.1 0.00115401353514 45.9317561993 32746.4902496
91.2 0.00114926295467 45.8212048078 32798.0306461
91.3 0.00114453710433 45.7041609009 32844.6518259
91.4 0.00113983582849 45.61477511 32910.9355896
91.5 0.00113515897269 45.5257352013 32977.3337406
91.6 0.0011305063836 45.4359184569 33043.0312318
91.7 0.00112587790904 45.3322419911 33098.4675801
91.8 0.00112127339791 45.2407425159 33162.6064423
91.9 0.00111669270024 45.1532539443 33229.5422927
92.0 0.00111213566717 45.0645453829 33295.4437559
92.1 0.00110760215093 44.9543059922 33345.2328923
92.2 0.0011030920048 44.8266313504 33381.7689586
92.3 0.00109860508317 44.6981483191 33417.3268914
92.4 0.00109414124149 44.6005885311 33475.7137107
92.5 0.00108970033623 44.5040247633 33534.6500344
92.6 0.00108528222495 44.4079432979 33593.7542946
92.7 0.00108088676623 44.3063106321 33648.4468631
92.8 0.00107651381966 44.2097109991 33706.7460929
92.9 0.00107216324588 44.1059583248 33759.3677552
93.0 0.00106783490653 44.0031555809 33812.4721891
93.1 0.00106352866425 43.9174511344 33878.5230425
93.2 0.00105924438266 43.833970437 33946.1536193
93.3 0.00105498192641 43.7215787234 33991.1769305
93.4 0.00105074116109 43.6055777287 34033.0761544
93.5 0.00104652195326 43.5022530475 34084.5761471
93.6 0.00104232417047 43.3867960625 34126.2769824
93.7 0.0010381476812 43.2658238815 34163.2904311
93.8 0.00103399235489 43.1773167665 34225.6695678
93.9 0.00102985806192 43.0791519846 34280.1919863
94.0 0.00102574467357 42.9807418266 34334.2856095
94.1 0.00102165206209 42.8746575096 34381.9889878
94.2 0.00101758010061 42.7726292486 34432.6719108
94.3 0.00101352866319 42.6582138081 34473.0819101
94.4 0.00100949762478 42.5543946084 34521.7462356
94.5 0.00100548686121 42.4726939571 34588.145177
94.6 0.00100149624923 42.3908880461 34654.3166848
94.7 0.000997525666446 42.3112798957 34722.1482093
94.8 0.000993574991331 42.2188355967 34779.274294
94.9 0.000989644103233 42.1050255237 34818.5183215
95.0 0.000985732882356 41.9843373518 34851.7018612
95.1 0.000981841209751 41.8707202156 34890.3806607
95.2 0.000977968967315 41.7925610589 34958.3646582
95.3 0.000974116037781 41.7150214277 35026.7385216
95.4 0.000970282304712 41.6349061351 35092.8136385
95.5 0.000966467652491 41.5451696414 35150.6026663
95.6 0.000962671966323 41.450004238 35203.571675
95.7 0.000958895132217 41.3651273758 35265.06593
95.8 0.000955137036988 41.2557754551 35305.4338437
95.9 0.000951397568249 41.1623421436 35359.1341889
96.0 0.0009476766144 41.0846743663 35426.1881678
96.1 0.000943974064628 40.9926127147 35480.6442231
96.2 0.000940289808895 40.9167699445 35548.9562342
96.3 0.000936623737936 40.8415079208 35617.644154
96.4 0.000932975743251 40.7643061988 35684.5059356
96.5 0.000929345717097 40.6904539506 35754.1684887
96.6 0.000925733552487 40.6068170444 35815.0793458
96.7 0.000922139143179 40.5178081816 35871.0463397
96.8 0.000918562383672 40.4089128044 35909.1159238
96.9 0.0009150031692 40.3272321388 35971.1005892
97.0 0.000911461395727 40.241340035 36029.1345113
97.1 0.000907936959938 40.1271783533 36061.5530862
97.2 0.000904429759238 40.0424410705 36120.1118754
97.3 0.000900939691743 39.9498253021 36171.3314044
97.4 0.000897466656275 39.8282869187 36196.0050845
97.5 0.000894010552356 39.7382166176 36248.9246806
97.6 0.000890571280203 39.6660129569 36317.9551134
97.7 0.000887148740723 39.582612341 36376.5677329
97.8 0.000883742835507 39.4903610626 36426.8105801
97.9 0.000880353466824 39.398939435 36477.5534604
98.0 0.000876980537617 39.3143868659 36534.4153385
98.1 0.000873623951496 39.2424893849 36602.8621506
98.2 0.000870283612734 39.1716811743 36672.1955441
98.3 0.000866959426261 39.1013728671 36741.871646
98.4 0.000863651297661 39.0209665874 36801.8991092
98.5 0.000860359133162 38.9409586941 36862.1070488
98.6 0.000857082839637 38.8611236635 36922.2837234
98.7 0.000853822324593 38.7788246558 36979.9147921
98.8 0.000850577496173 38.6979816873 37038.7245953
98.9 0.000847348263142 38.6116170062 37092.0236666
99.0 0.00084413453489 38.5275426907 37147.2840543
99.1 0.000840936221426 38.443071788 37201.9280435
99.2 0.000837753233367 38.3514629505 37249.4020059
99.3 0.000834585481941 38.2712273543 37307.6730626
99.4 0.000831432878977 38.1936596446 37368.3437201
99.5 0.000828295336904 38.091380815 37404.5555964
99.6 0.000825172768742 37.9989079011 37450.0596292
99.7 0.000822065088103 37.9237086709 37512.3460714
99.8 0.000818972209182 37.8524294837 37578.3428073
99.9 0.000815894046752 37.7820591988 37645.0905767
100.0 0.000812830516164 37.7039227625 37703.9227625
100.1 0.000809781533339 37.6130924192 37749.8075864
100.2 0.000806747014763 37.5086359228 37781.6655805
100.3 0.000803726877487 37.4406243891 37849.9639003
100.4 0.000800721039118 37.3756336321 37921.1886117
100.5 0.000797729417815 37.3099397987 37991.5797396
100.6 0.000794751932289 37.2379066059 38055.3682109
100.7 0.000791788501795 37.1606834903 38113.6614007
100.8 0.000788839046127 37.0749675708 38163.0003555
100.9 0.000785903485619 36.9782025715 38200.6480655
101.0 0.000782981741134 36.8852932321 38241.932202
101.1 0.000780073734065 36.8085081015 38299.6592471
101.2 0.00077717938633 36.7387562046 38364.5147564
101.3 0.000774298620367 36.6660215438 38426.0794119
101.4 0.00077143135913 36.5960626593 38490.3747202
101.5 0.000768577526084 36.5259082576 38554.2942237
101.6 0.000765737045206 36.4522304291 38614.3089316
101.7 0.000762909840975 36.363695538 38658.328485
101.8 0.000760095838371 36.2681667215 38694.5711374
101.9 0.000757294962872 36.1978778754 38757.4681151
102.0 0.000754507140449 36.125893451 38818.3632932
102.1 0.000751732297562 36.0463885372 38870.9543405
102.2 0.000748970361156 35.9608749967 38916.7892191
102.3 0.000746221258661 35.8788074061 38966.0648749
102.4 0.000743484917981 35.8145148763 39034.4366024
102.5 0.0007407612675 35.7384054903 39089.7419476
102.6 0.000738050236069 35.6783035302 39162.3834604
102.7 0.000735351753009 35.593671918 39207.8929103
102.8 0.000732665748103 35.5237467587 39269.3553243
102.9 0.000729992151598 35.4627610696 39340.5435791
103.0 0.000727330894196 35.4011819132 39410.948527
103.1 0.000724681907052 35.3395892107 39481.209789
103.2 0.000722045121772 35.2778921082 39551.2240545
103.3 0.000719420470411 35.1997279639 39602.5794781
103.4 0.000716807885465 35.0976984719 39626.7262102
103.5 0.000714207299872 34.9907352059 39644.8279532
103.6 0.000711618647006 34.9192507631 39702.7719256
103.7 0.000709041860674 34.8542436331 39767.8899499
103.8 0.000706476875116 34.7738163122 39815.186003
103.9 0.000703923624997 34.7105055563 39881.8574465
104.0 0.000701382045407 34.6252456304 39923.0658063
104.1 0.000698852071857 34.553933277 39980.0781238
104.2 0.000696333640276 34.492343049 40048.1553225
104.3 0.000693826687008 34.4330198043 40118.7277298
104.4 0.000691331148806 34.3579866839 40170.8033681
104.5 0.000688846962836 34.2713284479 40208.9815922
104.6 0.000686374066666 34.1729805568 40233.0423456
104.7 0.000683912398268 34.0962021687 40282.1332708
104.8 0.000681461896013 34.0220342347 40334.0407992
104.9 0.000679022498669 33.9491042086 40387.1624698
105.0 0.000676594145398 33.8316669947 40386.9031578
105.1 0.000674176775753 33.7748188292 40458.6034104
105.2 0.000671770329673 33.6923238503 40499.3545705
105.3 0.000669374747485 33.602576362 40531.0228754
105.4 0.000666989969895 33.5174936695 40567.9398403
105.5 0.000664615937992 33.4479080297 40623.3176601
105.6 0.000662252593239 33.3757037161 40675.2709411
105.7 0.000659899877472 33.3082699659 40732.801417
105.8 0.000657557732902 33.2240615337 40769.5291889
105.9 0.000655226102106 33.1444033421 40811.4984277
106.0 0.000652904928025 33.0846375016 40877.7206528
106.1 0.000650594153967 33.0155642281 40932.2452158
106.2 0.000648293723598 32.9187115724 40951.9724631
106.3 0.000646003580941 32.8512507095 41007.912186
106.4 0.000643723670377 32.7956022657 41078.4189891
106.5 0.000641453936636 32.696266486 41093.888724
106.6 0.000639194324801 32.6071233442 41121.7074734
106.7 0.000636944780302 32.5491390042 41188.5352229
106.8 0.000634705248913 32.4932117163 41257.8210246
106.9 0.00063247567675 32.4326454901 41321.0591465
107.0 0.000630256010271 32.3485949279 41354.0962944
107.1 0.00062804619627 32.2478303225 41365.3095989
107.2 0.000625846181876 32.1535342332 41384.3165411
107.3 0.000623655914551 32.0864192674 41437.9483533
107.4 0.000621475342089 32.0007527103 41467.2977476
107.5 0.000619304412608 31.9069877155 41485.7103066
107.6 0.000617143074556 31.8289986717 41524.2236053
107.7 0.0006149912767 31.7648123844 41580.4607623
107.8 0.00061284896813 31.6930736482 41626.5541789
107.9 0.000610716098256 31.6204353768 41671.169546
108.0 0.0006085926168 31.5426162499 41708.6319106
108.1 0.000606478473804 31.4487101774 41724.4006763
108.2 0.000604373619615 31.3763213281 41768.3174146
108.3 0.000602278004895 31.2901267236 41793.4881518
108.4 0.00060019158061 31.213676332 41831.2860934
108.5 0.000598114298033 31.1615175093 41901.4014203
108.6 0.000596046108739 31.0975761328 41955.490753
108.7 0.000593986964603 31.0357323284 42012.182426
108.8 0.000591936817802 30.9690469605 42062.0786171
108.9 0.000589895620804 30.8957595008 42102.7127738
109.0 0.000587863326377 30.8043354814 42118.2222595
109.1 0.000585839887578 30.75073089 42185.1198478
109.2 0.000583825257754 30.6650184466 42207.6728376
109.3 0.000581819390542 30.5834861593 42235.5521623
109.4 0.000579822239865 30.5007014353 42261.2857614
109.5 0.000577833759928 30.4500769227 42331.3039737
109.6 0.000575853905221 30.37620227 42368.763301
109.7 0.000573882630512 30.2643302554 42352.702302
109.8 0.000571919890847 30.1845080612 42380.9411525
109.9 0.000569965641549 30.1147166763 42422.9050651
110.0 0.000568019838216 30.0283135213 42441.0762735
110.1 0.000566082436717 29.9391896621 42454.9182902
110.2 0.000564153393192 29.8784329643 42508.619815
110.3 0.000562232664049 29.7842482963 42514.3705892
110.4 0.000560320205963 29.7013946209 42535.7973653
110.5 0.000558415975873 29.642112928 42590.645936
110.6 0.000556519930982 29.5762942852 42635.8445131
110.7 0.000554632028753 29.4815309104 42638.8905052
110.8 0.000552752226909 29.3974578934 42656.8819654
110.9 0.000550880483429 29.3043065465 42661.1895763
111.0 0.00054901675655 29.2165511422 42672.8217349
111.1 0.000547161004761 29.1570848234 42725.399697
111.2 0.000545313186804 29.0977234017 42777.8929102
111.3 0.000543473261669 29.0277990162 42814.5667806
111.4 0.000541641188597 28.9539323827 42845.0642649
111.5 0.000539816927076 28.8825091544 42878.8064689
111.6 0.000538000436837 28.8060124517 42904.6309306
111.7 0.000536191677856 28.7482157319 42957.9861483
111.8 0.000534390610351 28.6733540138 42985.5258209
111.9 0.000532597194778 28.6014731463 43017.1482875
112.0 0.000530811391834 28.5311410908 43050.7343268
112.1 0.00052903316245 28.4632934151 43087.7209538
112.2 0.000527262467794 28.3925848734 43120.0249338
112.3 0.000525499269268 28.3137572391 43139.5906072
112.4 0.000523743528503 28.2395893355 43165.8290665
112.5 0.000521995207364 28.1630119811 43187.9665584
112.6 0.000520254267941 28.0736840085 43190.0557707
112.7 0.000518520672554 28.0024637256 43219.5318731
112.8 0.000516794383747 27.9282812306 43244.0380474
112.9 0.000515075364289 27.8471234527 43257.2941074
113.0 0.00051336357717 27.7793610813 43290.9386743
113.1 0.000511658985603 27.7229076314 43341.9087884
113.2 0.000509961553017 27.659329983 43381.4620967
113.3 0.000508271243064 27.592916574 43416.2371379
113.4 0.000506588019607 27.5337094814 43462.0406578
113.5 0.000504911846728 27.4862669975 43526.198489
113.6 0.000503242688721 27.4321179208 43579.5440238
113.7 0.000501580510091 27.3665118323 43614.40299
113.8 0.000499925275556 27.3055506056 43656.3426631
113.9 0.000498276950041 27.2432168045 43695.7808823
114.0 0.000496635498679 27.1901702121 43749.8468078
114.1 0.000495000886811 27.1331346453 43797.2517051
114.2 0.000493373079981 27.0467875729 43796.9277908
114.3 0.000491752043937 26.944104448 43769.4984076
114.4 0.000490137744631 26.8968582306 43831.670498
114.5 0.000488530148213 26.8459978837 43887.7653478
114.6 0.000486929221033 26.773774684 43908.6178087
114.7 0.000485334929641 26.7018663171 43929.5570546
114.8 0.000483747240782 26.6018050178 43903.6026952
114.9 0.000482166121397 26.5281595786 43920.656745
115.0 0.000480591538621 26.4327244917 43901.0684226
115.1 0.000479023459782 26.3693287154 43934.1773544
115.2 0.000477461852398 26.3020511563 43960.4487633
115.3 0.00047590668418 26.2428888127 43999.9340843
115.4 0.000474357923025 26.1727762931 44020.693401
115.5 0.000472815537021 26.076204685 43996.3840215
115.6 0.000471279494439 25.9920136772 43992.3198836
115.7 0.000469749763736 25.8831704946 43945.8193463
115.8 0.000468226313555 25.8043626129 43949.6283315
115.9 0.00046670911272 25.7254797262 43952.7805532
116.0 0.000465198130236 25.6648714914 43986.7216383
116.1 0.00046369333529 25.5997505134 44012.5661175
116.2 0.000462194697245 25.5502118806 44064.8961365
116.3 0.000460702185646 25.4894231531 44097.5408892
116.4 0.000459215770211 25.427301041 44127.5263904
116.5 0.000457735420836 25.3738906709 44172.3163033
116.6 0.00045626110759 25.2719143092 44132.0273193
116.7 0.000454792800715 25.1701909159 44091.3825651
116.8 0.000453330470626 25.0935051855 44093.9341554
116.9 0.000451874087908 25.0105473995 44084.9012839
117.0 0.000450423623317 24.9484894985 44112.2220216
117.1 0.000448979047776 24.8519492979 44078.0109062
117.2 0.000447540332377 24.7215993998 43982.8933152
117.3 0.000446107448377 24.6330327638 43961.2131301
117.4 0.0004446803672 24.5339268919 43919.9926319
117.5 0.000443259060432 24.4604265085 43923.9593758
117.6 0.000441843499823 24.3865209193 43926.6844613
117.7 0.000440433657287 24.3192925604 43940.9555986
117.8 0.000439029504897 24.2558096046 43961.5685147
117.9 0.000437631014886 24.1833126144 43965.3872161
118.0 0.000436238159647 24.1078505893 43963.2892184
118.1 0.000434850911728 24.0309576314 43958.0284824
118.2 0.000433469243838 23.9602951479 43963.63599
118.3 0.000432093128839 23.8640310887 43921.6279816
118.4 0.000430722539748 23.7763147728 43894.6126953
118.5 0.000429357449737 23.7181676504 43921.6600561
118.6 0.000427997832129 23.6652355463 43958.0331955
118.7 0.0004266436604 23.5974064209 43966.3469091
118.8 0.000425294908176 23.5340240862 43982.4961291
118.9 0.000423951549234 23.4567166235 43972.1148385
119.0 0.000422613557499 23.4047810633 44008.8533112
119.1 0.000421280907043 23.3647950656 44067.8305012
119.2 0.000419953572086 23.3159194744 44109.8269379
119.3 0.000418631526994 23.2491105622 44117.5263066
119.4 0.000417314746276 23.2035234185 44165.1432173
119.5 0.000416003204589 23.1003125274 44102.5145324
119.6 0.000414696876729 23.0377508199 44116.8259263
119.7 0.000413395737636 22.9923023023 44163.5755107
119.8 0.000412099762392 22.9274347738 44172.6766434
119.9 0.000410808926217 22.8433131539 44144.1062157
120.0 0.000409523204473 22.771869227 44139.4181811
120.1 0.000408242572659 22.7167646158 44165.9518759
120.2 0.000406967006411 22.62514758 44120.9279919
120.3 0.000405696481504 22.5656293823 44137.9012068
120.4 0.000404430973848 22.4937428643 44130.1977704
120.5 0.000403170459486 22.4373154717 44152.3551591
120.6 0.000401914914597 22.3493921551 44111.9689722
120.7 0.000400664315494 22.2897981452 44126.9109246
120.8 0.000399418638621 22.181714371 44045.148659
120.9 0.000398177860554 22.1067784117 44028.4027183
121.0 0.000396941957999 22.0511443914 44049.6059031
121.1 0.000395710907793 21.9816363366 44042.6313522
121.2 0.000394484686901 21.8998766895 44010.4875247
121.3 0.000393263272418 21.8419620459 44025.7086535
121.4 0.000392046641565 21.791318064 44055.2157589
121.5 0.000390834771689 21.6985252927 43998.9292384
121.6 0.000389627640264 21.6147114887 43960.0644026
121.7 0.000388425224888 21.5270341828 43912.5845915
121.8 0.000387227503285 21.476423068 43940.1572833
121.9 0.0003860344533 21.4195247561 43954.4937229
122.0 0.000384846052903 21.3674896795 43978.4266514
122.1 0.000383662280183 21.3188782588 44009.0718787
122.2 0.000382483113353 21.2637126327 44025.8319815
122.3 0.000381308530744 21.1375446638 43894.749742
122.4 0.000380138510809 21.0438335893 43829.9934212
122.5 0.000378973032116 20.9870658848 43841.5326202
122.6 0.000377812073356 20.9201834152 43831.455722
122.7 0.000376655613332 20.8479164274 43809.5124623
122.8 0.000375503630968 20.7875448862 43812.0194195
122.9 0.000374356105302 20.7205426236 43800.0351751
123.0 0.000373213015485 20.6549064174 43790.3872866
123.1 0.000372074340787 20.6211912368 43848.0699579
123.2 0.000370940060587 20.5772790505 43883.8595616
123.3 0.000369810154379 20.5062372696 43861.3451065
123.4 0.000368684601771 20.4294290947 43825.8411271
123.5 0.000367563382479 20.3442849832 43771.7073447
123.6 0.000366446476332 20.2522343124 43701.8671259
123.7 0.000365333863268 20.1685296958 43649.1959965
123.8 0.000364225523336 20.1093904545 43649.0551208
123.9 0.000363121436691 20.0502030117 43648.3284245
124.0 0.0003620215836 19.9931278806 43651.7300699
124.1 0.000360925944434 19.9290839849 43639.4134025
124.2 0.000359834499671 19.8576480685 43610.3128741
124.3 0.000358747229898 19.799879335 43610.668159
124.4 0.000357664115804 19.7438649141 43614.425041
124.5 0.000356585138183 19.6794031199 43599.0140029
124.6 0.000355510277937 19.6312165112 43619.2010443
124.7 0.000354439516065 19.5522560099 43570.4556
124.8 0.000353372833676 19.4735608873 43521.5463364
124.9 0.000352310211974 19.3991503572 43481.4842536
125.0 0.000351251632271 19.3169286014 43423.1596964
125.1 0.000350197075975 19.2420569298 43380.5974962
125.2 0.000349146524596 19.1625647471 43326.8732946
125.3 0.000348099959745 19.1129598309 43340.1424847
125.4 0.000347057363131 19.0501938101 43323.0930879
125.5 0.00034601871656 18.9799510702 43288.4278325
125.6 0.000344984001937 18.8525494171 43122.3558284
125.7 0.000343953201266 18.7470599981 43005.1262842
125.8 0.000342926296644 18.6743168331 42962.094901
125.9 0.000341903270266 18.6035309188 42922.8727385
126.0 0.000340884104424 18.5028413533 42813.7731783
126.1 0.000339868781502 18.4399112368 42791.212297
126.2 0.000338857283979 18.3516034759 42709.0071092
126.3 0.000337849594428 18.2766767889 42657.1065969
126.4 0.000336845695516 18.1822366583 42558.7814455
126.5 0.000335845570001 18.0778150122 42436.0102475
126.6 0.000334849200735 18.0037105096 42383.4565837
126.7 0.000333856570658 17.915737849 42297.4135111
126.8 0.000332867662804 17.8525548899 42269.1259425
126.9 0.000331882460296 17.7916944615 42245.7475999
127.0 0.000330900946348 17.7307291875 42221.5432897
127.1 0.00032992310426 17.6549884018 42161.4739361
127.2 0.000328948917424 17.6132276606 42181.9995474
127.3 0.000327978369318 17.535645386 42116.1689937
127.4 0.00032701144351 17.4538834606 42039.4567718
127.5 0.000326048123652 17.3799239529 41980.7161109
127.6 0.000325088393485 17.3104844732 41932.1538708
127.7 0.000324132236834 17.2470945686 41897.5764169
127.8 0.000323179637611 17.1926702441 41884.2104294
127.9 0.000322230579812 17.114580511 41812.5192671
128.0 0.000321285047518 17.0574378254 41791.3101843
128.1 0.000320343024893 16.9895333889 41743.1090349
128.2 0.000319404496186 16.9286270645 41711.4482449
128.3 0.000318469445728 16.8786204903 41706.1125573
128.4 0.000317537857932 16.8181714192 41674.4436611
128.5 0.000316609717293 16.7437251667 41607.3867982
128.6 0.000315685008389 16.6722515709 41546.933112
128.7 0.000314763715876 16.6137659935 41518.1711022
128.8 0.000313845824493 16.5512964448 41478.8397755
128.9 0.000312931319058 16.4656033501 41380.5005026
129.0 0.000312020184469 16.3986475742 41328.4084377
129.1 0.000311112405702 16.3549099856 41334.2838589
129.2 0.000310207967811 16.303192751 41319.5504464
129.3 0.000309306855931 16.2424286097 41281.3234394
129.4 0.000308409055271 16.1870232619 41256.1230685
129.5 0.00030751455112 16.1044206379 41160.8528654
129.6 0.000306623328842 15.9993347138 41007.0076944
129.7 0.000305735373878 15.919036646 40915.5973136
129.8 0.000304850671743 15.8587749803 40874.9063471
129.9 0.000303969208031 15.7905219425 40812.9233809
130.0 0.000303090968407 15.7332001375 40778.517793
130.1 0.000302215938611 15.6566701208 40693.5883761
130.2 0.00030134410446 15.5800554054 40607.557742
130.3 0.000300475451842 15.4990372327 40509.1332175
130.4 0.000299609966717 15.4155254825 40403.2211132
130.5 0.000298747635121 15.3323975076 40297.3258977
130.6 0.000297888443158 15.2718086812 40249.8445168
130.7 0.000297032377009 15.206149311 40188.2998086
130.8 0.000296179422921 15.1356054585 40113.0707094
130.9 0.000295329567216 15.0536642417 40006.7380156
131.0 0.000294482796284 15.0078688032 39995.748402
131.1 0.000293639096586 14.9250138641 39885.267956
131.2 0.000292798454653 14.8691857102 39846.2088414
131.3 0.000291960857086 14.8003539454 39771.5994825
131.4 0.000291126290552 14.7420382986 39724.524816
131.5 0.00029029474179 14.6906289375 39695.4630177
131.6 0.000289466197604 14.6241900057 39625.1299148
131.7 0.000288640644868 14.5676902637 39581.0273213
131.8 0.000287818070521 14.4956344752 39493.9133012
131.9 0.000286998461572 14.4180212632 39390.7517821
132.0 0.000286181805093 14.3409679609 39288.1732121
132.1 0.000285368088225 14.276569183 39219.4123592
132.2 0.000284557298172 14.2357318193 39214.7978075
132.3 0.000283749422205 14.1502780924 39086.5383546
132.4 0.000282944447661 14.0627296919 38951.3949
132.5 0.000282142361939 13.9544205769 38757.4723893
132.6 0.000281343152503 13.8511715498 38576.2049606
132.7 0.000280546806882 13.7611797696 38430.5958712
132.8 0.000279753312667 13.6932574687 38345.6219697
132.9 0.000278962657513 13.626510737 38263.1168092
133.0 0.000278174829137 13.5662882171 38198.1646313
133.1 0.000277389815318 13.5151788594 38158.2227496
133.2 0.000276607603899 13.4540308341 38089.2792571
133.3 0.000275828182782 13.4009132204 38042.393829
133.4 0.000275051539931 13.3402684974 37973.4654022
133.5 0.000274277663373 13.2883895813 37928.8213013
133.6 0.000273506541192 13.2367626318 37884.2962426
133.7 0.000272738161535 13.1714658664 37799.9407506
133.8 0.000271972512607 13.1202111438 37755.1774641
133.9 0.000271209582674 13.0909151819 37773.1761182
134.0 0.000270449360061 13.0363489087 37717.8034981
134.1 0.000269691833149 12.9419583374 37546.2407892
134.2 0.000268936990382 12.8803996668 37468.9024207
134.3 0.000268184820259 12.7938840409 37317.997915
134.4 0.000267435311337 12.7179950237 37197.0069753
134.5 0.000266688452231 12.6544923464 37111.3386056
134.6 0.000265944231614 12.6169099316 37101.0815547
134.7 0.000265202638215 12.5510923046 37007.1717773
134.8 0.000264463660818 12.4787070786 36892.9938126
134.9 0.000263727288266 12.4102293171 36789.4405634
135.0 0.000262993509456 12.3340598672 36662.1248229
135.1 0.000262262313341 12.2570214602 36531.1936917
135.2 0.000261533688928 12.1915996537 36433.9353572
135.3 0.00026080762528 12.1382215174 36371.9060458
135.4 0.000260084111516 12.0923782005 36331.8467195
135.5 0.000259363136807 12.02046425 36212.6979966
135.6 0.000258644690377 11.9639097131 36138.9724452
135.7 0.000257928761508 11.9039169045 36054.1061977
135.8 0.00025721533953 11.8441374856 35969.1027851
135.9 0.00025650441383 11.788830545 35896.9337102
136.0 0.000255795973846 11.7623579862 35912.0858302
136.1 0.000255090009068 11.7255403088 35895.3224079
136.2 0.00025438650904 11.6625415352 35797.780764
136.3 0.000253685463356 11.6036763053 35712.1142204
136.4 0.000252986861662 11.5330488477 35589.3696312
136.5 0.000252290693655 11.4825887605 35528.0470824
136.6 0.000251596949084 11.4138571572 35409.3921636
136.7 0.000250905617747 11.3235775498 35222.758621
136.8 0.000250216689494 11.2176082842 34985.8801451
136.9 0.000249530154224 11.1505499805 34869.105411
137.0 0.000248846001886 11.0586920747 34673.6390765
137.1 0.000248164222479 10.9972142169 34572.3296777
137.2 0.000247484806051 10.934402055 34465.9666158
137.3 0.000246807742698 10.8791072723 34382.4887264
137.4 0.000246133022566 10.8180411277 34279.972747
137.5 0.00024546063585 10.7552340661 34171.0765011
137.6 0.00024479057279 10.6900839007 34053.8351094
137.7 0.000244122823677 10.5946553371 33838.9622588
137.8 0.000243457378848 10.5196382508 33688.0183787
137.9 0.000242794228688 10.4570410629 33575.8564661
138.0 0.000242133363629 10.3924080555 33456.2510617
138.1 0.000241474774149 10.3244098477 33324.8566266
138.2 0.000240818450774 10.2469913817 33161.9887145
138.3 0.000240164384075 10.1819229352 33038.0434063
138.4 0.000239512564669 10.1308416289 32958.6590232
138.5 0.00023886298322 10.0823865439 32887.1334856
138.6 0.000238215630436 10.0284318628 32796.9572675
138.7 0.000237570497071 9.99351007762 32768.4280738
138.8 0.000236927573924 9.94222554078 32685.6685907
138.9 0.000236286851839 9.88844261913 32593.9541114
139.0 0.000235648321704 9.80317491166 32397.4237554
139.1 0.00023501197445 9.73648153838 32261.1263877
139.2 0.000234377801055 9.64997503322 32058.0139662
139.3 0.000233745792539 9.55245021082 31816.8613463
139.4 0.000233115939965 9.49860935672 31720.0523828
139.5 0.000232488234439 9.44151793308 31611.5794787
139.6 0.000231862667113 9.36679405466 31443.0770549
139.7 0.000231239229178 9.28195521603 31239.3812171
139.8 0.000230617911869 9.21737128469 31102.7016079
139.9 0.000229998706465 9.1329409353 30897.8992404
140.0 0.000229381604285 9.05962050825 30729.4491839
140.1 0.00022876659669 8.98695360416 30562.0815831
140.2 0.000228153675083 8.92317972808 30423.9031565
140.3 0.000227542830908 8.84867000388 30248.0474034
140.4 0.000226934055652 8.7938345614 30138.448555
140.5 0.000226327340841 8.75023466796 30066.6302835
140.6 0.000225722678042 8.70588904497 29991.614274
140.7 0.000225120058862 8.6471664847 29866.2980117
140.8 0.00022451947495 8.58020764603 29711.5586418
140.9 0.000223920917993 8.49325577451 29486.3562321
141.0 0.00022332437972 8.42304949831 29318.0264141
141.1 0.000222729851897 8.35666647298 29161.9209988
141.2 0.000222137326332 8.3053379579 29057.4338895
141.3 0.00022154679487 8.25207772133 28945.3867818
141.4 0.000220958249396 8.18068448687 28768.7504765
141.5 0.000220371681833 8.13141094738 28668.9499732
141.6 0.000219787084145 8.05767379301 28481.9218914
141.7 0.000219204448331 7.97599880244 28265.5627549
141.8 0.00021862376643 7.89264837411 28041.902369
141.9 0.000218045030517 7.81696255359 27844.1604076
142.0 0.000217468232708 7.76741037299 27738.4979909
142.1 0.000216893365154 7.70219499794 27575.9836192
142.2 0.000216320420043 7.64728861501 27449.4101212
142.3 0.000215749389602 7.58107012491 27281.2522491
142.4 0.000215180266093 7.5088940384 27090.5134902
142.5 0.000214613041816 7.44404042061 26925.060029
142.6 0.000214047709106 7.36417370437 26704.0972914
142.7 0.000213484260336 7.27404081419 26444.4632179
142.8 0.000212922687915 7.18529873613 26188.3551603
142.9 0.000212362984285 7.12796676504 26045.4974525
143.0 0.000211805141927 7.07870110283 25931.2463289
143.1 0.000211249153357 7.01517076977 25763.8117992
143.2 0.000210695011125 6.92119573262 25483.2190032
143.3 0.000210142707817 6.84802898985 25277.7992997
143.4 0.000209592236052 6.79255122894 25136.5888646
143.5 0.000209043588488 6.70899413397 24890.2817685
143.6 0.000208496757813 6.63938037619 24694.3823037
143.7 0.000207951736751 6.57181413395 24504.9228993
143.8 0.000207408518063 6.49058495027 24263.2288668
143.9 0.000206867094538 6.39591320622 23969.7356056
144.0 0.000206327459005 6.31219291569 23715.7088375
144.1 0.000205789604322 6.21820762318 23421.5411886
144.2 0.000205253523384 6.12805267196 23140.1614484
144.3 0.000204719209116 6.04484695644 22883.481125
144.4 0.000204186654478 5.96231872455 22627.8921233
144.5 0.000203655852463 5.87900438326 22367.8411033
144.6 0.000203126796096 5.77982015026 22045.7677676
144.7 0.000202599478435 5.71208806093 21842.1639235
144.8 0.000202073892569 5.62373987949 21558.3294368
144.9 0.000201550031623 5.54378534423 21305.1524065
145.0 0.000201027888748 5.46100393766 21039.6416119
145.1 0.000200507457134 5.38768304145 20809.1693838
145.2 0.000199988729996 5.31521569708 20580.6795589
145.3 0.000199471700585 5.23252557219 20311.1979795
145.4 0.000198956362181 5.15467698369 20059.0449334
145.5 0.000198442708097 5.10820573169 19927.8775434
145.6 0.000197930731675 5.05354069163 19763.8504141
145.7 0.00019742042629 4.99427672854 19580.8155084
145.8 0.000196911785346 4.91432218248 19315.3880413
145.9 0.000196404802278 4.83067373284 19033.9277075
146.0 0.000195899470552 4.75183104177 18769.8955886
146.1 0.000195395783664 4.68605318102 18556.1338634
146.2 0.000194893735139 4.62118048708 18344.7540493
146.3 0.000194393318533 4.54099559257 18071.2412696
146.4 0.000193894527431 4.48687735733 17900.2174737
146.5 0.000193397355449 4.43480071889 17736.3678284
146.6 0.00019290179623 4.37312160724 17533.0659555
146.7 0.000192407843449 4.32562101953 17385.6038767
146.8 0.000191915490808 4.24406760617 17100.0694866
146.9 0.000191424732038 4.17526833115 16864.5015701
147.0 0.000190935560901 4.09030312599 16562.176908
147.1 0.000190447971185 4.02353128461 16332.0757099
147.2 0.000189961956708 3.95895112277 16109.6271983
147.3 0.000189477511316 3.85336242472 15718.6711859
147.4 0.000188994628883 3.75806161208 15367.7313955
147.5 0.000188513303312 3.66581273073 15027.4505957
147.6 0.000188033528532 3.59693168022 14781.4033019
147.7 0.000187555298501 3.5182772725 14493.7665149
147.8 0.000187078607205 3.45296754233 14259.7099446
147.9 0.000186603448657 3.36586012054 13934.1517232
148.0 0.000186129816897 3.28981884064 13652.8088669
148.1 0.000185657705993 3.21534597867 13376.502446
148.2 0.000185187110039 3.16352266139 13193.1934058
148.3 0.000184718023156 3.06351661368 12807.4484973
148.4 0.000184250439492 2.96700550723 12434.359311
148.5 0.000183784353223 2.83671394297 11917.4289137
148.6 0.000183319758549 2.73860476575 11533.407525
148.7 0.000182856649699 2.66079309969 11233.1076623
148.8 0.000182395020925 2.58757758014 10950.7034913
148.9 0.000181934866508 2.51962648383 10689.1683582
149.0 0.000181476180753 2.46495972902 10482.7682048
149.1 0.000181018957992 2.40272698895 10243.0259368
149.2 0.000180563192583 2.33010939263 9957.65644843
149.3 0.000180108878907 2.24186141992 9603.86099103
149.4 0.000179656011373 2.16991671936 9318.27954424
149.5 0.000179204584415 2.07796485543 8945.11086255
149.6 0.00017875459249 1.99958525171 8628.62528655
149.7 0.000178306030083 1.92322112361 8319.25345308
149.8 0.000177858891702 1.85823025841 8057.63165258
149.9 0.000177413171879 1.76544445228 7673.86199655
150.0 0.000176968865173 1.68705059917 7350.88077314
150.1 0.000176525966167 1.60732247068 7020.44965221
150.2 0.000176084469465 1.53357471547 6714.54819123
150.3 0.0001756443697 1.48110322067 6500.49495913
150.4 0.000175205661526 1.40997221308 6203.26307379
150.5 0.000174768339623 1.36029659905 5999.16914604
150.6 0.000174332398692 1.32001359349 5835.56688929
150.7 0.000173897833461 1.29296128702 5729.76259089
150.8 0.00017346463868 1.23122023909 5469.31095509
150.9 0.000173032809122 1.17379448115 5226.7773885
151.0 0.000172602339584 1.13814882836 5080.25339009
151.1 0.000172173224886 1.07824138299 4824.42991362
151.2 0.000171745459873 1.04553840439 4689.35370648
151.3 0.00017131903941 0.984970059243 4428.31328553
151.4 0.000170893958387 0.919486238256 4143.83219687
151.5 0.000170470211716 0.878667552108 3969.37788787
151.6 0.000170047794332 0.84258488165 3815.5026814
151.7 0.000169626701191 0.795694376538 3611.80210697
151.8 0.000169206927274 0.748750582444 3406.85542474
151.9 0.000168788467584 0.705652826834 3218.44287238
152.0 0.000168371317143 0.653810411077 2989.12485721
152.1 0.000167955470999 0.620508588754 2843.65459866
152.2 0.000167540924219 0.602542483854 2767.91571714
152.3 0.000167127671895 0.564240048078 2598.1520113
152.4 0.000166715709138 0.52841778029 2439.00590979
152.5 0.000166305031082 0.490143233645 2267.73625968
152.6 0.000165895632882 0.456331072951 2116.32810396
152.7 0.000165487509714 0.433424549029 2014.88011358
152.8 0.000165080656777 0.403170172322 1878.69452693
152.9 0.00016467506929 0.371474319726 1735.11381678
153.0 0.000164270742492 0.345395486115 1617.1360229
153.1 0.000163867671646 0.319317063906 1498.5873751
153.2 0.000163465852033 0.300119533142 1411.83381729
153.3 0.000163065278956 0.278073747498 1311.22738791
153.4 0.000162665947739 0.24879164041 1175.93099892
153.5 0.000162267853726 0.245284493448 1162.10002971
153.6 0.000161870992282 0.236689241457 1124.0318848
153.7 0.000161475358792 0.210974551123 1004.28322969
153.8 0.00016108094866 0.174120862404 830.811132491
153.9 0.000160687757313 0.169065766335 808.596519033
154.0 0.000160295780196 0.152415314638 730.682697801
154.1 0.000159905012774 0.135169347783 649.533861734
154.2 0.000159515450533 0.123653420381 595.596875094
154.3 0.000159127088978 0.108296460324 522.856574783
154.4 0.000158739923634 0.106756801871 516.63668326
154.5 0.000158353950045 0.106600693996 517.095106787
154.6 0.000157969163774 0.104791589946 509.514886021
154.7 0.000157585560405 0.0992771081079 483.83686625
154.8 0.000157203135541 0.0861443495324 420.819026711
154.9 0.000156821884802 0.0654137956355 320.299304966
155.0 0.00015644180383 0.0562490790957 276.070168913
155.1 0.000156062888284 0.0561870286783 276.411999214
155.2 0.000155685133843 0.0479307819069 236.347735851
155.3 0.000155308536205 0.0435787965542 215.39103203
155.4 0.000154933091084 0.0381436136091 188.968326462
155.5 0.000154558794216 0.0323553310116 160.667181497
155.6 0.000154185641355 0.0261495017754 130.154215863
155.7 0.000153813628271 0.0248358738637 123.904508449
155.8 0.000153442750754 0.0191839268522 95.9306452011
155.9 0.000153073004614 0.0185841120904 93.1479313412
156.0 0.000152704385675 0.0185884011723 93.3865494317
156.1 0.000152336889783 0.0185556173896 93.4389494726
156.2 0.000151970512799 0.0158449244047 79.9746427539
156.3 0.000151605250604 0.0123534022497 62.4967845154
156.4 0.000151241099096 0.0115774961196 58.7075615331
156.5 0.000150878054191 0.00617656196708 31.3930754572
156.6 0.000150516111822 0.00337330238003 17.1849927503
156.7 0.00015015526794 0.0 0.0
156.8 0.000149795518512 0.0 0.0
156.9 0.000149436859526 0.0 0.0
157.0 0.000149079286983 0.0 0.0
157.1 0.000148722796904 0.0 0.0
157.2 0.000148367385326 0.0 0.0
157.3 0.000148013048303 0.0 0.0
157.4 0.000147659781906 0.0 0.0
157.5 0.000147307582224 0.0 0.0
157.6 0.000146956445361 0.0 0.0
157.7 0.000146606367438 0.0 0.0
157.8 0.000146257344594 0.0 0.0
157.9 0.000145909372984 0.0 0.0
158.0 0.000145562448777 0.0 0.0
158.1 0.000145216568162 0.0 0.0
158.2 0.000144871727342 0.0 0.0
158.3 0.000144527922537 0.0 0.0
158.4 0.000144185149983 0.0 0.0
158.5 0.000143843405932 0.0 0.0
158.6 0.000143502686651 0.0 0.0
158.7 0.000143162988426 0.0 0.0
158.8 0.000142824307555 0.0 0.0
158.9 0.000142486640353 0.0 0.0
159.0 0.000142149983153 0.0 0.0
159.1 0.0001418143323 0.0 0.0
159.2 0.000141479684156 0.0 0.0
159.3 0.000141146035099 0.0 0.0
159.4 0.000140813381522 0.0 0.0
159.5 0.000140481719833 0.0 0.0
159.6 0.000140151046456 0.0 0.0
159.7 0.000139821357828 0.0 0.0
159.8 0.000139492650404 0.0 0.0
159.9 0.000139164920652 0.0 0.0
160.0 0.000138838165055 0.0 0.0
160.1 0.000138512380111 0.0 0.0
160.2 0.000138187562334 0.0 0.0
160.3 0.000137863708252 0.0 0.0
160.4 0.000137540814406 0.0 0.0
160.5 0.000137218877353 0.0 0.0
160.6 0.000136897893665 0.0 0.0
160.7 0.000136577859928 0.0 0.0
160.8 0.000136258772742 0.0 0.0
160.9 0.000135940628721 0.0 0.0
161.0 0.000135623424493 0.0 0.0
161.1 0.000135307156702 0.0 0.0
161.2 0.000134991822004 0.0 0.0
161.3 0.00013467741707 0.0 0.0
161.4 0.000134363938585 0.0 0.0
161.5 0.000134051383247 0.0 0.0
161.6 0.000133739747769 0.0 0.0
161.7 0.000133429028876 0.0 0.0
161.8 0.000133119223309 0.0 0.0
161.9 0.000132810327821 0.0 0.0
162.0 0.000132502339179 0.0 0.0
162.1 0.000132195254164 0.0 0.0
162.2 0.000131889069568 0.0 0.0
162.3 0.000131583782199 0.0 0.0
162.4 0.000131279388879 0.0 0.0
162.5 0.000130975886439 0.0 0.0
162.6 0.000130673271728 0.0 0.0
162.7 0.000130371541604 0.0 0.0
162.8 0.000130070692941 0.0 0.0
162.9 0.000129770722625 0.0 0.0
163.0 0.000129471627555 0.0 0.0
163.1 0.000129173404641 0.0 0.0
163.2 0.00012887605081 0.0 0.0
163.3 0.000128579562996 0.0 0.0
163.4 0.000128283938151 0.0 0.0
163.5 0.000127989173237 0.0 0.0
163.6 0.000127695265229 0.0 0.0
163.7 0.000127402211114 0.0 0.0
163.8 0.000127110007892 0.0 0.0
163.9 0.000126818652575 0.0 0.0
164.0 0.000126528142187 0.0 0.0
164.1 0.000126238473766 0.0 0.0
164.2 0.000125949644361 0.0 0.0
164.3 0.000125661651031 0.0 0.0
164.4 0.000125374490852 0.0 0.0
164.5 0.000125088160906 0.0 0.0
164.6 0.000124802658293 0.0 0.0
164.7 0.000124517980121 0.0 0.0
164.8 0.00012423412351 0.0 0.0
164.9 0.000123951085594 0.0 0.0
165.0 0.000123668863516 0.0 0.0
165.1 0.000123387454433 0.0 0.0
165.2 0.000123106855513 0.0 0.0
165.3 0.000122827063935 0.0 0.0
165.4 0.000122548076889 0.0 0.0
165.5 0.000122269891578 0.0 0.0
165.6 0.000121992505216 0.0 0.0
165.7 0.000121715915028 0.0 0.0
165.8 0.000121440118249 0.0 0.0
165.9 0.000121165112128 0.0 0.0
166.0 0.000120890893924 0.0 0.0
166.1 0.000120617460905 0.0 0.0
166.2 0.000120344810354 0.0 0.0
166.3 0.000120072939563 0.0 0.0
166.4 0.000119801845834 0.0 0.0
166.5 0.000119531526482 0.0 0.0
166.6 0.000119261978831 0.0 0.0
166.7 0.000118993200217 0.0 0.0
166.8 0.000118725187986 0.0 0.0
166.9 0.000118457939497 0.0 0.0
167.0 0.000118191452117 0.0 0.0
167.1 0.000117925723224 0.0 0.0
167.2 0.000117660750208 0.0 0.0
167.3 0.000117396530468 0.0 0.0
167.4 0.000117133061415 0.0 0.0
167.5 0.000116870340469 0.0 0.0
167.6 0.000116608365062 0.0 0.0
167.7 0.000116347132634 0.0 0.0
167.8 0.000116086640638 0.0 0.0
167.9 0.000115826886535 0.0 0.0
168.0 0.000115567867798 0.0 0.0
168.1 0.000115309581908 0.0 0.0
168.2 0.000115052026359 0.0 0.0
168.3 0.000114795198653 0.0 0.0
168.4 0.000114539096302 0.0 0.0
168.5 0.000114283716828 0.0 0.0
168.6 0.000114029057765 0.0 0.0
168.7 0.000113775116655 0.0 0.0
168.8 0.000113521891049 0.0 0.0
168.9 0.000113269378509 0.0 0.0
169.0 0.000113017576608 0.0 0.0
169.1 0.000112766482926 0.0 0.0
169.2 0.000112516095054 0.0 0.0
169.3 0.000112266410594 0.0 0.0
169.4 0.000112017427155 0.0 0.0
169.5 0.000111769142357 0.0 0.0
169.6 0.000111521553829 0.0 0.0
169.7 0.00011127465921 0.0 0.0
169.8 0.000111028456148 0.0 0.0
169.9 0.0001107829423 0.0 0.0
170.0 0.000110538115333 0.0 0.0
170.1 0.000110293972922 0.0 0.0
170.2 0.000110050512754 0.0 0.0
170.3 0.000109807732522 0.0 0.0
170.4 0.00010956562993 0.0 0.0
170.5 0.00010932420269 0.0 0.0
170.6 0.000109083448524 0.0 0.0
170.7 0.000108843365163 0.0 0.0
170.8 0.000108603950346 0.0 0.0
170.9 0.000108365201822 0.0 0.0
171.0 0.000108127117349 0.0 0.0
171.1 0.000107889694692 0.0 0.0
171.2 0.000107652931627 0.0 0.0
171.3 0.000107416825937 0.0 0.0
171.4 0.000107181375416 0.0 0.0
171.5 0.000106946577864 0.0 0.0
171.6 0.000106712431092 0.0 0.0
171.7 0.000106478932919 0.0 0.0
171.8 0.00010624608117 0.0 0.0
171.9 0.000106013873683 0.0 0.0
172.0 0.0001057823083 0.0 0.0
172.1 0.000105551382876 0.0 0.0
172.2 0.000105321095271 0.0 0.0
172.3 0.000105091443354 0.0 0.0
172.4 0.000104862425004 0.0 0.0
172.5 0.000104634038106 0.0 0.0
172.6 0.000104406280554 0.0 0.0
172.7 0.000104179150253 0.0 0.0
172.8 0.000103952645111 0.0 0.0
172.9 0.000103726763049 0.0 0.0
173.0 0.000103501501994 0.0 0.0
173.1 0.00010327685988 0.0 0.0
173.2 0.000103052834651 0.0 0.0
173.3 0.000102829424258 0.0 0.0
173.4 0.00010260662666 0.0 0.0
173.5 0.000102384439826 0.0 0.0
173.6 0.000102162861729 0.0 0.0
173.7 0.000101941890353 0.0 0.0
173.8 0.000101721523688 0.0 0.0
173.9 0.000101501759734 0.0 0.0
174.0 0.000101282596497 0.0 0.0
174.1 0.00010106403199 0.0 0.0
174.2 0.000100846064236 0.0 0.0
174.3 0.000100628691264 0.0 0.0
174.4 0.000100411911111 0.0 0.0
174.5 0.000100195721822 0.0 0.0
174.6 9.99801214496e-05 0.0 0.0
174.7 9.97651080532e-05 0.0 0.0
174.8 9.95506797004e-05 0.0 0.0
174.9 9.93368344657e-05 0.0 0.0
175.0 9.91235704316e-05 0.0 0.0
175.1 9.89108856875e-05 0.0 0.0
175.2 9.86987783305e-05 0.0 0.0
175.3 9.84872464649e-05 0.0 0.0
175.4 9.82762882023e-05 0.0 0.0
175.5 9.80659016616e-05 0.0 0.0
175.6 9.78560849689e-05 0.0 0.0
175.7 9.76468362576e-05 0.0 0.0
175.8 9.74381536681e-05 0.0 0.0
175.9 9.7230035348e-05 0.0 0.0
176.0 9.70224794522e-05 0.0 0.0
176.1 9.68154841425e-05 0.0 0.0
176.2 9.66090475876e-05 0.0 0.0
176.3 9.64031679636e-05 0.0 0.0
176.4 9.61978434533e-05 0.0 0.0
176.5 9.59930722464e-05 0.0 0.0
176.6 9.57888525398e-05 0.0 0.0
176.7 9.55851825372e-05 0.0 0.0
176.8 9.53820604489e-05 0.0 0.0
176.9 9.51794844924e-05 0.0 0.0
177.0 9.49774528918e-05 0.0 0.0
177.1 9.4775963878e-05 0.0 0.0
177.2 9.45750156887e-05 0.0 0.0
177.3 9.43746065682e-05 0.0 0.0
177.4 9.41747347676e-05 0.0 0.0
177.5 9.39753985446e-05 0.0 0.0
177.6 9.37765961636e-05 0.0 0.0
177.7 9.35783258955e-05 0.0 0.0
177.8 9.33805860178e-05 0.0 0.0
177.9 9.31833748146e-05 0.0 0.0
178.0 9.29866905764e-05 0.0 0.0
178.1 9.27905316002e-05 0.0 0.0
178.2 9.25948961896e-05 0.0 0.0
178.3 9.23997826544e-05 0.0 0.0
178.4 9.22051893111e-05 0.0 0.0
178.5 9.20111144823e-05 0.0 0.0
178.6 9.18175564969e-05 0.0 0.0
178.7 9.16245136905e-05 0.0 0.0
178.8 9.14319844047e-05 0.0 0.0
178.9 9.12399669872e-05 0.0 0.0
179.0 9.10484597924e-05 0.0 0.0
179.1 9.08574611805e-05 0.0 0.0
179.2 9.0666969518e-05 0.0 0.0
179.3 9.04769831777e-05 0.0 0.0
179.4 9.02875005383e-05 0.0 0.0
179.5 9.00985199848e-05 0.0 0.0
179.6 8.99100399081e-05 0.0 0.0
179.7 8.97220587053e-05 0.0 0.0
179.8 8.95345747794e-05 0.0 0.0
179.9 8.93475865395e-05 0.0 0.0
180.0 8.91610924006e-05 0.0 0.0
180.1 8.89750907837e-05 0.0 0.0
180.2 8.87895801156e-05 0.0 0.0
180.3 8.86045588292e-05 0.0 0.0
180.4 8.8420025363e-05 0.0 0.0
180.5 8.82359781616e-05 0.0 0.0
180.6 8.80524156752e-05 0.0 0.0
180.7 8.786933636e-05 0.0 0.0
180.8 8.76867386779e-05 0.0 0.0
180.9 8.75046210964e-05 0.0 0.0
181.0 8.73229820889e-05 0.0 0.0
181.1 8.71418201344e-05 0.0 0.0
181.2 8.69611337176e-05 0.0 0.0
181.3 8.67809213288e-05 0.0 0.0
181.4 8.6601181464e-05 0.0 0.0
181.5 8.64219126248e-05 0.0 0.0
181.6 8.62431133183e-05 0.0 0.0
181.7 8.60647820572e-05 0.0 0.0
181.8 8.58869173597e-05 0.0 0.0
181.9 8.57095177495e-05 0.0 0.0
182.0 8.55325817557e-05 0.0 0.0
182.1 8.53561079131e-05 0.0 0.0
182.2 8.51800947617e-05 0.0 0.0
182.3 8.50045408471e-05 0.0 0.0
182.4 8.482944472e-05 0.0 0.0
182.5 8.46548049367e-05 0.0 0.0
182.6 8.44806200589e-05 0.0 0.0
182.7 8.43068886533e-05 0.0 0.0
182.8 8.41336092923e-05 0.0 0.0
182.9 8.39607805532e-05 0.0 0.0
183.0 8.37884010188e-05 0.0 0.0
183.1 8.3616469277e-05 0.0 0.0
183.2 8.3444983921e-05 0.0 0.0
183.3 8.32739435491e-05 0.0 0.0
183.4 8.31033467649e-05 0.0 0.0
183.5 8.29331921769e-05 0.0 0.0
183.6 8.27634783989e-05 0.0 0.0
183.7 8.25942040498e-05 0.0 0.0
183.8 8.24253677536e-05 0.0 0.0
183.9 8.22569681391e-05 0.0 0.0
184.0 8.20890038404e-05 0.0 0.0
184.1 8.19214734967e-05 0.0 0.0
184.2 8.17543757517e-05 0.0 0.0
184.3 8.15877092547e-05 0.0 0.0
184.4 8.14214726595e-05 0.0 0.0
184.5 8.1255664625e-05 0.0 0.0
184.6 8.10902838149e-05 0.0 0.0
184.7 8.0925328898e-05 0.0 0.0
184.8 8.07607985477e-05 0.0 0.0
184.9 8.05966914425e-05 0.0 0.0
185.0 8.04330062656e-05 0.0 0.0
185.1 8.02697417049e-05 0.0 0.0
185.2 8.01068964532e-05 0.0 0.0
185.3 7.99444692081e-05 0.0 0.0
185.4 7.9782458672e-05 0.0 0.0
185.5 7.96208635518e-05 0.0 0.0
185.6 7.94596825593e-05 0.0 0.0
185.7 7.92989144109e-05 0.0 0.0
185.8 7.91385578277e-05 0.0 0.0
185.9 7.89786115355e-05 0.0 0.0
186.0 7.88190742645e-05 0.0 0.0
186.1 7.86599447498e-05 0.0 0.0
186.2 7.85012217309e-05 0.0 0.0
186.3 7.8342903952e-05 0.0 0.0
186.4 7.81849901617e-05 0.0 0.0
186.5 7.80274791133e-05 0.0 0.0
186.6 7.78703695645e-05 0.0 0.0
186.7 7.77136602775e-05 0.0 0.0
186.8 7.7557350019e-05 0.0 0.0
186.9 7.74014375602e-05 0.0 0.0
187.0 7.72459216767e-05 0.0 0.0
187.1 7.70908011484e-05 0.0 0.0
187.2 7.69360747598e-05 0.0 0.0
187.3 7.67817412998e-05 0.0 0.0
187.4 7.66277995614e-05 0.0 0.0
187.5 7.64742483422e-05 0.0 0.0
187.6 7.6321086444e-05 0.0 0.0
187.7 7.61683126731e-05 0.0 0.0
187.8 7.60159258398e-05 0.0 0.0
187.9 7.58639247588e-05 0.0 0.0
188.0 7.57123082493e-05 0.0 0.0
188.1 7.55610751343e-05 0.0 0.0
188.2 7.54102242414e-05 0.0 0.0
188.3 7.52597544021e-05 0.0 0.0
188.4 7.51096644525e-05 0.0 0.0
188.5 7.49599532324e-05 0.0 0.0
188.6 7.4810619586e-05 0.0 0.0
188.7 7.46616623617e-05 0.0 0.0
188.8 7.45130804119e-05 0.0 0.0
188.9 7.43648725932e-05 0.0 0.0
189.0 7.42170377661e-05 0.0 0.0
189.1 7.40695747953e-05 0.0 0.0
189.2 7.39224825496e-05 0.0 0.0
189.3 7.37757599019e-05 0.0 0.0
189.4 7.36294057288e-05 0.0 0.0
189.5 7.34834189112e-05 0.0 0.0
189.6 7.33377983338e-05 0.0 0.0
189.7 7.31925428856e-05 0.0 0.0
189.8 7.30476514591e-05 0.0 0.0
189.9 7.2903122951e-05 0.0 0.0
190.0 7.2758956262e-05 0.0 0.0
190.1 7.26151502964e-05 0.0 0.0
190.2 7.24717039628e-05 0.0 0.0
190.3 7.23286161733e-05 0.0 0.0
190.4 7.21858858441e-05 0.0 0.0
190.5 7.20435118951e-05 0.0 0.0
190.6 7.190149325e-05 0.0 0.0
190.7 7.17598288366e-05 0.0 0.0
190.8 7.16185175862e-05 0.0 0.0
190.9 7.1477558434e-05 0.0 0.0
191.0 7.13369503188e-05 0.0 0.0
191.1 7.11966921835e-05 0.0 0.0
191.2 7.10567829744e-05 0.0 0.0
191.3 7.09172216417e-05 0.0 0.0
191.4 7.07780071393e-05 0.0 0.0
191.5 7.06391384246e-05 0.0 0.0
191.6 7.05006144589e-05 0.0 0.0
191.7 7.03624342071e-05 0.0 0.0
191.8 7.02245966378e-05 0.0 0.0
191.9 7.00871007229e-05 0.0 0.0
192.0 6.99499454385e-05 0.0 0.0
192.1 6.98131297637e-05 0.0 0.0
192.2 6.96766526816e-05 0.0 0.0
192.3 6.95405131787e-05 0.0 0.0
192.4 6.94047102451e-05 0.0 0.0
192.5 6.92692428745e-05 0.0 0.0
192.6 6.9134110064e-05 0.0 0.0
192.7 6.89993108142e-05 0.0 0.0
192.8 6.88648441294e-05 0.0 0.0
192.9 6.87307090173e-05 0.0 0.0
193.0 6.85969044889e-05 0.0 0.0
193.1 6.84634295589e-05 0.0 0.0
193.2 6.83302832454e-05 0.0 0.0
193.3 6.81974645698e-05 0.0 0.0
193.4 6.8064972557e-05 0.0 0.0
193.5 6.79328062353e-05 0.0 0.0
193.6 6.78009646364e-05 0.0 0.0
193.7 6.76694467953e-05 0.0 0.0
193.8 6.75382517506e-05 0.0 0.0
193.9 6.7407378544e-05 0.0 0.0
194.0 6.72768262206e-05 0.0 0.0
194.1 6.71465938288e-05 0.0 0.0
194.2 6.70166804205e-05 0.0 0.0
194.3 6.68870850506e-05 0.0 0.0
194.4 6.67578067774e-05 0.0 0.0
194.5 6.66288446627e-05 0.0 0.0
194.6 6.65001977712e-05 0.0 0.0
194.7 6.63718651711e-05 0.0 0.0
194.8 6.62438459337e-05 0.0 0.0
194.9 6.61161391335e-05 0.0 0.0
195.0 6.59887438483e-05 0.0 0.0
195.1 6.58616591591e-05 0.0 0.0
195.2 6.57348841499e-05 0.0 0.0
195.3 6.56084179082e-05 0.0 0.0
195.4 6.54822595244e-05 0.0 0.0
195.5 6.5356408092e-05 0.0 0.0
195.6 6.52308627078e-05 0.0 0.0
195.7 6.51056224716e-05 0.0 0.0
195.8 6.49806864864e-05 0.0 0.0
195.9 6.48560538583e-05 0.0 0.0
196.0 6.47317236964e-05 0.0 0.0
196.1 6.46076951128e-05 0.0 0.0
196.2 6.44839672228e-05 0.0 0.0
196.3 6.43605391448e-05 0.0 0.0
196.4 6.423741e-05 0.0 0.0
196.5 6.41145789129e-05 0.0 0.0
196.6 6.39920450107e-05 0.0 0.0
196.7 6.38698074239e-05 0.0 0.0
196.8 6.37478652857e-05 0.0 0.0
196.9 6.36262177325e-05 0.0 0.0
197.0 6.35048639036e-05 0.0 0.0
197.1 6.33838029412e-05 0.0 0.0
197.2 6.32630339905e-05 0.0 0.0
197.3 6.31425561995e-05 0.0 0.0
197.4 6.30223687193e-05 0.0 0.0
197.5 6.29024707038e-05 0.0 0.0
197.6 6.27828613098e-05 0.0 0.0
197.7 6.2663539697e-05 0.0 0.0
197.8 6.25445050278e-05 0.0 0.0
197.9 6.24257564679e-05 0.0 0.0
198.0 6.23072931853e-05 0.0 0.0
198.1 6.21891143513e-05 0.0 0.0
198.2 6.20712191396e-05 0.0 0.0
198.3 6.19536067272e-05 0.0 0.0
198.4 6.18362762934e-05 0.0 0.0
198.5 6.17192270208e-05 0.0 0.0
198.6 6.16024580942e-05 0.0 0.0
198.7 6.14859687017e-05 0.0 0.0
198.8 6.13697580339e-05 0.0 0.0
198.9 6.12538252842e-05 0.0 0.0
199.0 6.11381696487e-05 0.0 0.0
199.1 6.10227903263e-05 0.0 0.0
199.2 6.09076865185e-05 0.0 0.0
199.3 6.07928574297e-05 0.0 0.0
199.4 6.06783022667e-05 0.0 0.0
199.5 6.05640202394e-05 0.0 0.0
199.6 6.04500105599e-05 0.0 0.0
199.7 6.03362724434e-05 0.0 0.0
199.8 6.02228051074e-05 0.0 0.0
199.9 6.01096077723e-05 0.0 0.0
