# r frac
0.0 0.0
0.1 0.0
0.2 0.0
0.3 0.0
0.4 0.0
0.5 0.0
0.6 0.0
0.7 0.0
0.8 0.0
0.9 0.0
1.0 0.0
1.1 0.0
1.2 0.0
1.3 0.0
1.4 0.0
1.5 0.0
1.6 0.0
1.7 0.0
1.8 0.0
1.9 0.0
2.0 0.0
2.1 0.0
2.2 0.0
2.3 0.027051177531
2.4 0.111193375059
2.5 0.208386420014
2.6 0.258095155354
2.7 0.314227872614
2.8 0.369379125026
2.9 0.359501867482
3.0 0.504693687841
3.1 0.46162690305
3.2 0.54953411453
3.3 0.587021488588
3.4 0.577055725374
3.5 0.656439107989
3.6 0.662984484731
3.7 0.676364390965
3.8 0.714511521763
3.9 0.705153289596
4.0 0.774036144306
4.1 0.761306469726
4.2 0.780474819344
4.3 0.764324434922
4.4 0.770626204346
4.5 0.774713478593
4.6 0.76219984869
4.7 0.766325927135
4.8 0.773567566481
4.9 0.749640938267
5.0 0.774146346765
5.1 0.754030781106
5.2 0.731851889956
5.3 0.780510508066
5.4 0.736996594606
5.5 0.746950837655
5.6 0.754134901223
5.7 0.739329924496
5.8 0.757651664222
5.9 0.741114947494
6.0 0.731053950238
6.1 0.738218061057
6.2 0.725217527801
6.3 0.740681900452
6.4 0.721241430099
6.5 0.731781719303
6.6 0.720313210254
6.7 0.72207794319
6.8 0.716875325995
6.9 0.713609756426
7.0 0.710848214908
7.1 0.710803903832
7.2 0.705916360336
7.3 0.706537026441
7.4 0.702715532485
7.5 0.702225827949
7.6 0.69892983718
7.7 0.697884787197
7.8 0.695241022322
7.9 0.693054538103
8.0 0.691359879942
8.1 0.688527648282
8.2 0.687313940617
8.3 0.684360218418
8.4 0.682604884602
8.5 0.680266678877
8.6 0.678057110759
8.7 0.676062818474
8.8 0.673804280581
8.9 0.671712392022
9.0 0.669830496496
9.1 0.667376638688
9.2 0.665770744236
9.3 0.663512845364
9.4 0.661328654374
9.5 0.659690808478
9.6 0.657372583571
9.7 0.655546170964
9.8 0.653548330609
9.9 0.651623361976
10.0 0.649692223447
10.1 0.647737833037
10.2 0.645912387519
10.3 0.643938233706
10.4 0.642109973015
10.5 0.640240919346
10.6 0.638283599385
10.7 0.636022199603
10.8 0.634141817757
10.9 0.632266672556
11.0 0.630435289457
11.1 0.628608636352
11.2 0.62674256974
11.3 0.624888012986
11.4 0.623089201646
11.5 0.621243959148
11.6 0.619363703593
11.7 0.617494227974
11.8 0.615622498411
11.9 0.613725430104
12.0 0.61176050191
12.1 0.609817024107
12.2 0.607836572732
12.3 0.605813823084
12.4 0.603742479078
12.5 0.601647364067
12.6 0.599474548166
12.7 0.597300886417
12.8 0.595071126294
12.9 0.592749177898
13.0 0.590249721215
13.1 0.587753801964
13.2 0.585276328615
13.3 0.582817724063
13.4 0.580366745322
13.5 0.577967911828
13.6 0.575574743852
13.7 0.573092261104
13.8 0.570482128719
13.9 0.568119803899
14.0 0.56584143532
14.1 0.563564299345
14.2 0.561256626394
14.3 0.558880106045
14.4 0.556692583729
14.5 0.554486130316
14.6 0.55229695456
14.7 0.550126336998
14.8 0.548002491112
14.9 0.545855109063
15.0 0.543399881976
15.1 0.541297341042
15.2 0.539253349325
15.3 0.537180272209
15.4 0.535160978623
15.5 0.533132947803
15.6 0.530842230294
15.7 0.528787481467
15.8 0.526799601225
15.9 0.52485644912
16.0 0.522920833324
16.1 0.520993374881
16.2 0.519090197524
16.3 0.517211676972
16.4 0.515338523196
16.5 0.513479776457
16.6 0.511639630771
16.7 0.509805128281
16.8 0.508020339387
16.9 0.506184995821
17.0 0.504422173235
17.1 0.502641085124
17.2 0.500884169751
17.3 0.499140854466
17.4 0.497427340939
17.5 0.495684130955
17.6 0.49399317027
17.7 0.492290992786
17.8 0.490622483831
17.9 0.488950733754
18.0 0.487300801372
18.1 0.485650093261
18.2 0.484028814267
18.3 0.482238974388
18.4 0.480507849534
18.5 0.478916615279
18.6 0.477325170958
18.7 0.475775156357
18.8 0.474202704898
18.9 0.472652778458
19.0 0.4711218171
19.1 0.4695914427
19.2 0.468085925618
19.3 0.466566370602
19.4 0.465082396526
19.5 0.463592002826
19.6 0.462121449392
19.7 0.460659847729
19.8 0.459203987714
19.9 0.457752666648
20.0 0.456332614088
20.1 0.456045854173
20.2 0.455754273576
20.3 0.455466633186
20.4 0.455193552643
20.5 0.454915169249
20.6 0.454652753488
20.7 0.454359549327
20.8 0.454108371525
20.9 0.45383202509
21.0 0.453563876444
21.1 0.453244390661
21.2 0.452989012423
21.3 0.452718962347
21.4 0.452461449106
21.5 0.452217614036
21.6 0.451708931862
21.7 0.451261945168
21.8 0.450992599823
21.9 0.450753142002
22.0 0.450519802138
22.1 0.450275974287
22.2 0.450028721395
22.3 0.449641158927
22.4 0.44930605781
22.5 0.449063304337
22.6 0.448847900876
22.7 0.448600435232
22.8 0.44839037038
22.9 0.447980263474
23.0 0.447672114426
23.1 0.44746510497
23.2 0.447205213341
23.3 0.446774125907
23.4 0.446573729787
23.5 0.446018128017
23.6 0.44563621334
23.7 0.445438407523
23.8 0.445234599194
23.9 0.445026578961
24.0 0.444811228125
24.1 0.444448400085
24.2 0.444160736539
24.3 0.443976559412
24.4 0.44376677472
24.5 0.443581822694
24.6 0.443368155397
24.7 0.443192281341
24.8 0.442998833477
24.9 0.442785408246
25.0 0.442618701267
25.1 0.442415972667
25.2 0.442228160302
25.3 0.442048789419
25.4 0.441870574338
25.5 0.441667426274
25.6 0.44149863066
25.7 0.441313001681
25.8 0.441137602534
25.9 0.440962171413
26.0 0.440769634863
26.1 0.440598502095
26.2 0.440450427242
26.3 0.440245176297
26.4 0.44007614699
26.5 0.439921819662
26.6 0.439744968667
26.7 0.439367333038
26.8 0.439169852608
26.9 0.439015032063
27.0 0.43884836365
27.1 0.438682011248
27.2 0.4385085431
27.3 0.43836900159
27.4 0.438192663518
27.5 0.438011070377
27.6 0.437641941947
27.7 0.437494384177
27.8 0.437340879018
27.9 0.437183765945
28.0 0.437024070281
28.1 0.436869513121
28.2 0.43672363284
28.3 0.436575306467
28.4 0.436418380683
28.5 0.436288139236
28.6 0.436113554131
28.7 0.435665601742
28.8 0.435312771891
28.9 0.435149613267
29.0 0.435017810483
29.1 0.43486511423
29.2 0.434740172758
29.3 0.434598446223
29.4 0.434446281484
29.5 0.434312190804
29.6 0.434161621607
29.7 0.434033981668
29.8 0.433905381245
29.9 0.433758396232
30.0 0.433632859619
30.1 0.433508019711
30.2 0.433181520669
30.3 0.433018018383
30.4 0.432757765005
30.5 0.432517761983
30.6 0.432408970007
30.7 0.432269022308
30.8 0.431977146479
30.9 0.431818015192
31.0 0.431286108127
31.1 0.431126212153
31.2 0.430998075342
31.3 0.43086536602
31.4 0.430759362096
31.5 0.430618130187
31.6 0.430508772011
31.7 0.430387840616
31.8 0.430271280075
31.9 0.430150715253
32.0 0.430019094307
32.1 0.429928670791
32.2 0.429789918661
32.3 0.429671178479
32.4 0.429572709522
32.5 0.42944871366
32.6 0.429337215797
32.7 0.429215637808
32.8 0.429116655558
32.9 0.428942694536
33.0 0.428663643113
33.1 0.428566409032
33.2 0.428441773551
33.3 0.428356312304
33.4 0.428220941377
33.5 0.428122102819
33.6 0.427967155898
33.7 0.427742605504
33.8 0.427648128963
33.9 0.427534940809
34.0 0.427428296379
34.1 0.427324911343
34.2 0.427219230095
34.3 0.427111393651
34.4 0.427019116515
34.5 0.426909344057
34.6 0.426819273355
34.7 0.426703510773
34.8 0.42659669009
34.9 0.426515360517
35.0 0.42640640296
35.1 0.426306474708
35.2 0.426208380755
35.3 0.426119358285
35.4 0.426020255178
35.5 0.425917928437
35.6 0.425814327614
35.7 0.425719459966
35.8 0.425628922472
35.9 0.425362746157
36.0 0.42523412553
36.1 0.425133498454
36.2 0.425058395301
36.3 0.42495597994
36.4 0.424691089944
36.5 0.424569917547
36.6 0.424476694773
36.7 0.424390099929
36.8 0.424288013379
36.9 0.424177917412
37.0 0.423922631041
37.1 0.423839009133
37.2 0.423751245945
37.3 0.423647199818
37.4 0.423576749252
37.5 0.423478283699
37.6 0.423401483432
37.7 0.423309492941
37.8 0.423204274117
37.9 0.422937741799
38.0 0.422852167977
38.1 0.422766580615
38.2 0.422695971108
38.3 0.422596166529
38.4 0.422519822081
38.5 0.422439506938
38.6 0.422354130657
38.7 0.422275033387
38.8 0.422039496726
38.9 0.421914048616
39.0 0.421826498025
39.1 0.421752738989
39.2 0.421672846303
39.3 0.421591950529
39.4 0.421518314678
39.5 0.421257372165
39.6 0.420989270619
39.7 0.420824504442
39.8 0.420606969618
39.9 0.420540439216
40.0 0.420452252094
40.1 0.420381970697
40.2 0.420223778315
40.3 0.419967532843
40.4 0.419862295374
40.5 0.4197923309
40.6 0.419720626227
40.7 0.419644112492
40.8 0.419448600688
40.9 0.419308689242
41.0 0.41923056938
41.1 0.418977711179
41.2 0.418901904343
41.3 0.418816673848
41.4 0.418670832204
41.5 0.418584035806
41.6 0.418507476703
41.7 0.418448410821
41.8 0.418378708883
41.9 0.418306837479
42.0 0.418247889761
42.1 0.41815651199
42.2 0.418099777381
42.3 0.418030738175
42.4 0.41796077286
42.5 0.417888316423
42.6 0.417836586572
42.7 0.417757268654
42.8 0.41769397677
42.9 0.417595610968
43.0 0.417360048102
43.1 0.41731121124
43.2 0.417226981463
43.3 0.417152682418
43.4 0.416998389753
43.5 0.41694844867
43.6 0.4168871471
43.7 0.416820614202
43.8 0.416738943068
43.9 0.416701148075
44.0 0.416621677614
44.1 0.416564672043
44.2 0.416502739375
44.3 0.416439608911
44.4 0.416360839393
44.5 0.416218393011
44.6 0.416157039013
44.7 0.416092222911
44.8 0.415927960006
44.9 0.41578439174
45.0 0.415713328418
45.1 0.415654579319
45.2 0.415606667863
45.3 0.415538157362
45.4 0.415482714809
45.5 0.415417072535
45.6 0.415231408362
45.7 0.415144373746
45.8 0.415084898143
45.9 0.41502514232
46.0 0.414972516031
46.1 0.414798306837
46.2 0.414701818936
46.3 0.414649169777
46.4 0.414596412686
46.5 0.414542540303
46.6 0.414475881561
46.7 0.414408765542
46.8 0.414375668997
46.9 0.414302847413
47.0 0.414252624118
47.1 0.414210662294
47.2 0.414138630425
47.3 0.414079946412
47.4 0.414037312806
47.5 0.413978133525
47.6 0.413779964047
47.7 0.413683592418
47.8 0.413633259041
47.9 0.413505244477
48.0 0.413332951202
48.1 0.413277564905
48.2 0.413212441522
48.3 0.41307553278
48.4 0.413013061043
48.5 0.412970922181
48.6 0.41289968752
48.7 0.412877223708
48.8 0.412812995554
48.9 0.412595489175
49.0 0.412525007987
49.1 0.412478603887
49.2 0.412424568429
49.3 0.412373191089
49.4 0.412314164389
49.5 0.412103161297
49.6 0.412070568904
49.7 0.412015899075
49.8 0.411965351416
49.9 0.411912436792
50.0 0.411869380446
50.1 0.411811442921
50.2 0.411769187062
50.3 0.411728884921
50.4 0.411586402419
50.5 0.411355972526
50.6 0.41119803621
50.7 0.411165938429
50.8 0.411109887938
50.9 0.411034522984
51.0 0.410926587781
51.1 0.410870307391
51.2 0.410820230248
51.3 0.410783201027
51.4 0.410717281092
51.5 0.410685531791
51.6 0.410636396516
51.7 0.410595941599
51.8 0.410541692963
51.9 0.410483250935
52.0 0.410467602407
52.1 0.41040902227
52.2 0.410307258141
52.3 0.409945216477
52.4 0.409922400249
52.5 0.409870884499
52.6 0.409817914016
52.7 0.409779066984
52.8 0.409737902404
52.9 0.409638852011
53.0 0.40947814516
53.1 0.409420909034
53.2 0.409380857902
53.3 0.40934149907
53.4 0.409299837985
53.5 0.409250153526
53.6 0.409207398336
53.7 0.409172026824
53.8 0.409113287856
53.9 0.409088435265
54.0 0.409045078081
54.1 0.40899148791
54.2 0.408957846676
54.3 0.408917313484
54.4 0.408829060939
54.5 0.408654091067
54.6 0.408612271339
54.7 0.408580032138
54.8 0.408518804101
54.9 0.408321557967
55.0 0.408292070417
55.1 0.408247504221
55.2 0.408090157231
55.3 0.407986877198
55.4 0.407940753099
55.5 0.407914302811
55.6 0.407855054617
55.7 0.407691631243
55.8 0.407606348092
55.9 0.407568168265
56.0 0.4075259619
56.1 0.40749271416
56.2 0.407454314294
56.3 0.407284490004
56.4 0.407184869924
56.5 0.407164552515
56.6 0.407118240295
56.7 0.407086955699
56.8 0.407038867911
56.9 0.407001558046
57.0 0.406969846015
57.1 0.406926581944
57.2 0.406897616413
57.3 0.406812734581
57.4 0.406712378594
57.5 0.406672863846
57.6 0.406639558716
57.7 0.406511491476
57.8 0.406392832663
57.9 0.406363030319
58.0 0.406327203858
58.1 0.406294048049
58.2 0.406255522399
58.3 0.406208498211
58.4 0.406184683532
58.5 0.406151143554
58.6 0.406102499387
58.7 0.406082739139
58.8 0.406044134983
58.9 0.405856555201
59.0 0.405804737677
59.1 0.405773597132
59.2 0.405644468917
59.3 0.405525383028
59.4 0.405489441808
59.5 0.405300588671
59.6 0.405261670773
59.7 0.405223285862
59.8 0.405186154033
59.9 0.405156730506
60.0 0.405120655674
60.1 0.405057028597
60.2 0.404729952333
60.3 0.404696434147
60.4 0.404668502439
60.5 0.404634399744
60.6 0.404586959378
60.7 0.404582372571
60.8 0.40452852669
60.9 0.40450240544
61.0 0.404469754009
61.1 0.404441138681
61.2 0.40438931277
61.3 0.404373416277
61.4 0.404337043083
61.5 0.404304999922
61.6 0.404204216664
61.7 0.404067653556
61.8 0.404036203941
61.9 0.404005064362
62.0 0.40390781622
62.1 0.403767670529
62.2 0.40372084633
62.3 0.403709850799
62.4 0.403674096521
62.5 0.403639492364
62.6 0.403610977411
62.7 0.403580407492
62.8 0.403553577641
62.9 0.403501308872
63.0 0.403495890119
63.1 0.403459457236
63.2 0.40342050003
63.3 0.403395901567
63.4 0.403362526056
63.5 0.403290862641
63.6 0.403155479232
63.7 0.403104695115
63.8 0.402930220566
63.9 0.402896036365
64.0 0.402864026676
64.1 0.402839089616
64.2 0.402764295768
64.3 0.402605083868
64.4 0.402578271801
64.5 0.40254142589
64.6 0.402516163369
64.7 0.40249476276
64.8 0.402448538317
64.9 0.402424590684
65.0 0.402406870351
65.1 0.402365836428
65.2 0.402346631745
65.3 0.40232153402
65.4 0.402278085349
65.5 0.402254435092
65.6 0.402228381576
65.7 0.402198570608
65.8 0.402183401191
65.9 0.402143101399
66.0 0.402105332338
66.1 0.402099631735
66.2 0.402055262972
66.3 0.402027594189
66.4 0.401914370537
66.5 0.401776691084
66.6 0.401610777888
66.7 0.401566686995
66.8 0.401567630829
66.9 0.401523015367
67.0 0.401492087454
67.1 0.401476493428
67.2 0.401446010672
67.3 0.401237504718
67.4 0.401051294468
67.5 0.401021421305
67.6 0.400683154124
67.7 0.400456449856
67.8 0.400444244464
67.9 0.400402423808
68.0 0.400393839751
68.1 0.400342327851
68.2 0.40032689567
68.3 0.400315181168
68.4 0.40027090355
68.5 0.400168621424
68.6 0.400049912289
68.7 0.400041242728
68.8 0.399999411238
68.9 0.399941475573
69.0 0.399778640055
69.1 0.39976218276
69.2 0.399724890427
69.3 0.399716249099
69.4 0.399687838361
69.5 0.399582129286
69.6 0.399396356359
69.7 0.399286484546
69.8 0.399262403692
69.9 0.399239962354
70.0 0.399210970494
70.1 0.399091422173
70.2 0.398995763128
70.3 0.398977414057
70.4 0.398886039214
70.5 0.398768211451
70.6 0.398729009752
70.7 0.398714309434
70.8 0.398502349919
70.9 0.398397649592
71.0 0.398324063905
71.1 0.398282757886
71.2 0.398286429944
71.3 0.398237683628
71.4 0.398220517015
71.5 0.398211660148
71.6 0.39812655446
71.7 0.3979580858
71.8 0.397853702258
71.9 0.397852045457
72.0 0.397807027601
72.1 0.397800246506
72.2 0.397681054809
72.3 0.397588859705
72.4 0.397560417302
72.5 0.397486411666
72.6 0.397242293402
72.7 0.397092567359
72.8 0.397026075271
72.9 0.396978944788
73.0 0.39682722884
73.1 0.396787398246
73.2 0.396619374318
73.3 0.396590848178
73.4 0.396473366787
73.5 0.396374686721
73.6 0.39635625051
73.7 0.396286908075
73.8 0.396024833013
73.9 0.395867431623
74.0 0.395782793636
74.1 0.395630477191
74.2 0.39557671945
74.3 0.395419429999
74.4 0.39520456068
74.5 0.39517523216
74.6 0.395147352879
74.7 0.395131590654
74.8 0.394972107746
74.9 0.394854517241
75.0 0.394563920618
75.1 0.394434446238
75.2 0.394356842001
75.3 0.39428036404
75.4 0.39415678476
75.5 0.394120822838
75.6 0.394115878821
75.7 0.393940821345
75.8 0.393798177622
75.9 0.39371594451
76.0 0.393622123794
76.1 0.393507762438
76.2 0.393359474078
76.3 0.393303494833
76.4 0.393224072971
76.5 0.393087722561
76.6 0.39307663921
76.7 0.393051641519
76.8 0.392929525966
76.9 0.392846373837
77.0 0.392688367318
77.1 0.392640121903
77.2 0.392623819814
77.3 0.392613092747
77.4 0.392584633087
77.5 0.392521112974
77.6 0.392393752773
77.7 0.392379168029
77.8 0.392353078546
77.9 0.392338986943
78.0 0.392325949636
78.1 0.392294429411
78.2 0.39227902118
78.3 0.392258727761
78.4 0.392245525239
78.5 0.392224412491
78.6 0.392205566413
78.7 0.39218861832
78.8 0.392161630805
78.9 0.392155878668
79.0 0.392126496897
79.1 0.39212555291
79.2 0.392093175297
79.3 0.392068559403
79.4 0.391983232766
79.5 0.391871826485
79.6 0.391798326023
79.7 0.391682991452
79.8 0.391662046
79.9 0.39164465271
80.0 0.391460768783
80.1 0.39127886568
80.2 0.391254271581
80.3 0.391138866336
80.4 0.391020793856
80.5 0.390882198278
80.6 0.390848087865
80.7 0.390687495026
80.8 0.390633949069
80.9 0.390420318228
81.0 0.390349622192
81.1 0.390155426633
81.2 0.390031654835
81.3 0.38985222684
81.4 0.389723198501
81.5 0.389588093429
81.6 0.389506320438
81.7 0.389496957909
81.8 0.38947793324
81.9 0.389452942703
82.0 0.389291094492
82.1 0.389024385472
82.2 0.38889467278
82.3 0.38876981661
82.4 0.388775144781
82.5 0.388745652897
82.6 0.38872801703
82.7 0.388712787762
82.8 0.388563213121
82.9 0.38841471548
83.0 0.388385427372
83.1 0.388225924444
83.2 0.388128281301
83.3 0.388056784312
83.4 0.388043171079
83.5 0.388013455604
83.6 0.388009358158
83.7 0.387987580145
83.8 0.387972462216
83.9 0.387959643774
84.0 0.387877379091
84.1 0.387803889895
84.2 0.387775383236
84.3 0.387786257943
84.4 0.387753514129
84.5 0.387751405707
84.6 0.38769556832
84.7 0.38755254424
84.8 0.387415263265
84.9 0.387037473325
85.0 0.38684631562
85.1 0.386846703187
85.2 0.38679031353
85.3 0.386665533785
85.4 0.38663766841
85.5 0.386488389066
85.6 0.386435322863
85.7 0.386422231758
85.8 0.386419430333
85.9 0.386395416905
86.0 0.386375565149
86.1 0.386371577785
86.2 0.386303803394
86.3 0.38602866321
86.4 0.385903781414
86.5 0.385779759782
86.6 0.385463976866
86.7 0.38540089732
86.8 0.385379722614
86.9 0.385225444835
87.0 0.384916223959
87.1 0.384566865355
87.2 0.384538446588
87.3 0.384527695128
87.4 0.384505403286
87.5 0.384498459994
87.6 0.384492087836
87.7 0.38446281912
87.8 0.384298666108
87.9 0.3842769136
88.0 0.384262276631
88.1 0.384252969787
88.2 0.38414031605
88.3 0.384061794081
88.4 0.384061549419
88.5 0.383976006661
88.6 0.383877396642
88.7 0.383872136921
88.8 0.383856482038
88.9 0.383848538703
89.0 0.383671635869
89.1 0.383661290318
89.2 0.383547942329
89.3 0.383307110287
89.4 0.383292234461
89.5 0.383276190678
89.6 0.383258414043
89.7 0.383111878964
89.8 0.382534727239
89.9 0.382375725825
90.0 0.382113068873
90.1 0.382065773247
90.2 0.382076526016
90.3 0.382059262424
90.4 0.382041298348
90.5 0.381997107209
90.6 0.381857278853
90.7 0.381846538556
90.8 0.381839515427
90.9 0.381814846478
91.0 0.381720372522
91.1 0.381641444018
91.2 0.381458727454
91.3 0.381218918038
91.4 0.381207097998
91.5 0.381195907598
91.6 0.381175940983
91.7 0.381037189501
91.8 0.380998248424
91.9 0.380990800297
92.0 0.380970814406
92.1 0.380766193603
92.2 0.38041064441
92.3 0.380044683983
92.4 0.379938579656
92.5 0.379838405504
92.6 0.379739813124
92.7 0.379591130422
92.8 0.379482934292
92.9 0.379310666342
93.0 0.379143790312
93.1 0.379121750767
93.2 0.379116732036
93.3 0.378859048568
93.4 0.378566938539
93.5 0.378381871933
93.6 0.378088275569
93.7 0.377743320881
93.8 0.377678951144
93.9 0.377527614578
94.0 0.377371471444
94.1 0.377145158591
94.2 0.376951670441
94.3 0.376646019318
94.4 0.376430896863
94.5 0.376408937865
94.6 0.376383911039
94.7 0.376376294089
94.8 0.376252211191
94.9 0.375934864852
95.0 0.375552782712
95.1 0.37523062524
95.2 0.375223604227
95.3 0.375220114899
95.4 0.375191391589
95.5 0.375073694771
95.6 0.374904458875
95.7 0.374825830953
95.8 0.374522735336
95.9 0.374361313865
96.0 0.374340964743
96.1 0.374187174555
96.2 0.374179168049
96.3 0.374174485131
96.4 0.374150018261
96.5 0.374154301432
96.6 0.374066509542
96.7 0.373926870187
96.8 0.373600914663
96.9 0.373523902873
97.0 0.373405596342
97.1 0.373022134508
97.2 0.372909379832
97.3 0.372720791214
97.4 0.372259274974
97.5 0.372088829668
97.6 0.372083459534
97.7 0.371970947652
97.8 0.371772810795
97.9 0.371579892652
98.0 0.371449293061
98.1 0.371436123736
98.2 0.371431357462
98.3 0.371429448354
98.4 0.371329567976
98.5 0.371231261311
98.6 0.371132391627
98.7 0.371007737111
98.8 0.370894739122
98.9 0.370726472551
99.0 0.370577791541
99.1 0.370422919645
99.2 0.370196760574
99.3 0.370077944753
99.4 0.369982724513
99.5 0.369645543152
99.6 0.36940067668
99.7 0.369321351608
99.8 0.369278180852
99.9 0.369241936028
100.0 0.369127730952
100.1 0.368886832643
100.2 0.368509421996
100.3 0.368487585478
100.4 0.368493672219
100.5 0.368491057537
100.6 0.368423938083
100.7 0.368303374034
100.8 0.368096300215
100.9 0.367776847493
101.0 0.367492934969
101.1 0.367367205848
101.2 0.367309606679
101.3 0.367220188411
101.4 0.36715656602
101.5 0.367089019814
101.6 0.366984032875
101.7 0.36672711845
101.8 0.366396932218
101.9 0.366319308165
102.0 0.366222510099
102.1 0.366047294789
102.2 0.365808643508
102.3 0.365602578626
102.4 0.365575541945
102.5 0.365425888114
102.6 0.365437984392
102.7 0.365196754876
102.8 0.365104161557
102.9 0.365101604525
103.0 0.365091240492
103.1 0.365079026517
103.2 0.365064019198
103.3 0.36487659711
103.4 0.364439064183
103.5 0.36394706326
103.6 0.36382138457
103.7 0.363761230117
103.8 0.363538016936
103.9 0.363491650012
104.0 0.36321324408
104.1 0.363078815729
104.2 0.363044630756
104.3 0.363032604288
104.4 0.362853002143
104.5 0.362548194217
104.6 0.362116871998
104.7 0.361911433208
104.8 0.361731451201
104.9 0.361562444977
105.0 0.360916468925
105.1 0.360914179049
105.2 0.360635773404
105.3 0.360277089774
105.4 0.35996572235
105.5 0.359818447442
105.6 0.359640889749
105.7 0.359512661032
105.8 0.359201079836
105.9 0.358936175559
106.0 0.358884613697
106.1 0.358730196406
106.2 0.35827137804
106.3 0.358129907187
106.4 0.358115412074
106.5 0.357621491425
106.6 0.357236069622
106.7 0.357189775829
106.8 0.357164413574
106.9 0.357086368886
107.0 0.356747555879
107.1 0.356221480814
107.2 0.355763733928
107.3 0.355604215522
107.4 0.355236731037
107.5 0.354776494491
107.6 0.354488956166
107.7 0.354352962824
107.8 0.354130648665
107.9 0.353896057081
108.0 0.353601141188
108.1 0.353123154568
108.2 0.352884139217
108.3 0.352487354816
108.4 0.352197764729
108.5 0.352180312149
108.6 0.352027967492
108.7 0.351897459231
108.8 0.35171009382
108.9 0.351445575491
109.0 0.350972118286
109.1 0.350927287608
109.2 0.350513871533
109.3 0.350145548487
109.4 0.349760249263
109.5 0.349741670293
109.6 0.349454137881
109.7 0.348726433346
109.8 0.348364872912
109.9 0.348116698655
110.0 0.347673991431
110.1 0.347196915994
110.2 0.347046411896
110.3 0.346505140275
110.4 0.346092786178
110.5 0.345952842076
110.6 0.345734658728
110.7 0.34517551417
110.8 0.344738582263
110.9 0.344192264766
111.0 0.343706327278
111.1 0.343550812513
111.2 0.343394688014
111.3 0.343111861982
111.4 0.342780120956
111.5 0.342474958912
111.6 0.342107237889
111.7 0.341959454711
111.8 0.341606563885
111.9 0.341286799525
112.0 0.340983211906
112.1 0.340707084292
112.2 0.340394470673
112.3 0.339982067908
112.4 0.339623099059
112.5 0.339232673776
112.6 0.338685895218
112.7 0.338354901007
112.8 0.33798572687
112.9 0.337529560507
113.0 0.337233297676
113.1 0.337072326518
113.2 0.336822816298
113.3 0.33653666388
113.4 0.33633637392
113.5 0.336278121813
113.6 0.33613624032
113.7 0.335852046565
113.8 0.33562279944
113.9 0.335374684351
114.0 0.335239049502
114.1 0.335052482521
114.2 0.334501576493
114.3 0.333745374084
114.4 0.333673327965
114.5 0.333554914761
114.6 0.333169062864
114.7 0.332784713536
114.8 0.332046544373
114.9 0.331635113838
115.0 0.330948383648
115.1 0.33066009003
115.2 0.330320948776
115.3 0.330081631488
115.4 0.329702433497
115.5 0.328987054961
115.6 0.328424729459
115.7 0.327547523964
115.8 0.327047125715
115.9 0.326543065492
116.0 0.326268608723
116.1 0.32593468223
116.2 0.325797259856
116.3 0.325514576534
116.4 0.325212811645
116.5 0.325020555995
116.6 0.324203519403
116.7 0.323386102584
116.8 0.322887229971
116.9 0.322304873737
117.0 0.321989351305
117.1 0.321226029907
117.2 0.320021603662
117.3 0.319354118835
117.4 0.318546658185
117.5 0.318068606825
117.6 0.317582723478
117.7 0.317181353398
117.8 0.316826589337
117.9 0.316351736656
118.0 0.315835512233
118.1 0.315297867566
118.2 0.314839387025
118.3 0.31404153585
118.4 0.31335286793
118.5 0.313051340006
118.6 0.312816764778
118.7 0.312383203173
118.8 0.312006229436
118.9 0.311442173333
119.0 0.311212742674
119.1 0.311140691323
119.2 0.310948805073
119.3 0.310515768773
119.4 0.310364248341
119.5 0.309439324852
119.6 0.309055935489
119.7 0.308900279752
119.8 0.308481839776
119.9 0.307801684092
120.0 0.307289563216
120.1 0.306995710286
120.2 0.306205805044
120.3 0.305847609995
120.4 0.30531945549
120.5 0.304998871719
120.6 0.304247566796
120.7 0.303879264729
120.8 0.302846841772
120.9 0.302263622995
121.0 0.30194199539
121.1 0.301428176689
121.2 0.300743615441
121.3 0.30038399822
121.4 0.300122478484
121.5 0.299277869696
121.6 0.298553846462
121.7 0.297773300123
121.8 0.297502975695
121.9 0.297143673834
122.0 0.296849923152
122.1 0.296601985602
122.2 0.29626104662
122.3 0.29492747906
122.4 0.294042624309
122.5 0.293671213624
122.6 0.293156043238
122.7 0.292562880835
122.8 0.292134239666
122.9 0.291610108352
123.0 0.29110278725
123.1 0.291043603551
123.2 0.290839191634
123.3 0.290249265173
123.4 0.289574988243
123.5 0.28877953461
123.6 0.287882713723
123.7 0.287101225454
123.8 0.286666785998
123.9 0.286229511574
124.0 0.285820283533
124.1 0.285309221521
124.2 0.284689830735
124.3 0.284264002016
124.4 0.283861292799
124.5 0.28333492882
124.6 0.28304083928
124.7 0.282300709199
124.8 0.281561440856
124.9 0.280881241893
125.0 0.280084988862
125.1 0.279392340782
125.2 0.278629688917
125.3 0.278299206458
125.4 0.27777502708
125.5 0.277139342258
125.6 0.275665228554
125.7 0.274506981329
125.8 0.273824805092
125.9 0.273168615397
126.0 0.272070040024
126.1 0.271523557122
126.2 0.270600514158
126.3 0.269871650188
126.4 0.268851393803
126.5 0.267679676577
126.6 0.26695341385
126.7 0.266018400116
126.8 0.265448575603
126.9 0.264910945469
127.0 0.264369458489
127.1 0.263605059452
127.2 0.263345802523
127.3 0.262548705176
127.4 0.261685947142
127.5 0.260937161035
127.6 0.260253480139
127.7 0.259658210572
127.8 0.259195687929
127.9 0.258373847861
128.0 0.257865641333
128.1 0.257192355304
128.2 0.256622539243
128.3 0.256215854137
128.4 0.255648560974
128.5 0.254865897035
128.6 0.254125645925
128.7 0.253580858387
128.8 0.252972942381
128.9 0.252007183009
129.0 0.25132521259
129.1 0.250996971033
129.2 0.25054447101
129.3 0.249950785755
129.4 0.249437332303
129.5 0.248502083285
129.6 0.247216163738
129.7 0.24630956452
129.8 0.24571022617
129.9 0.244984567484
130.0 0.244426057754
130.1 0.243566513322
130.2 0.242702620771
130.3 0.241767004268
130.4 0.240789214692
130.5 0.239814095954
130.6 0.239188669014
130.7 0.238481349553
130.8 0.237694735931
130.9 0.236726097763
131.0 0.23632335353
131.1 0.235334509339
131.2 0.234769065528
131.3 0.233995850166
131.4 0.233386383265
131.5 0.232884106343
131.6 0.232141251869
131.7 0.231553739401
131.8 0.230716410997
131.9 0.229787625718
132.0 0.228864651527
132.1 0.228140794269
132.2 0.227791384893
132.3 0.226725535743
132.4 0.225622609968
132.5 0.224182593936
132.6 0.222819526229
132.7 0.221665767304
132.8 0.220864299467
132.9 0.220079081669
133.0 0.219396686147
133.1 0.218859453845
133.2 0.218157420753
133.3 0.217583317318
133.4 0.216884725284
133.5 0.216326396322
133.6 0.215770110136
133.7 0.214988645496
133.8 0.214434036012
133.9 0.21423674463
134.0 0.213624252774
134.1 0.212356120365
134.2 0.211623504876
134.3 0.210477815852
134.4 0.209503604622
134.5 0.208730581926
134.6 0.208383075842
134.7 0.207567152719
134.8 0.206639782757
134.9 0.205774224622
135.0 0.204778152554
135.1 0.203764487604
135.2 0.202941004708
135.3 0.202315574654
135.4 0.201813728905
135.5 0.200874374163
135.6 0.200189049009
135.7 0.199443806562
135.8 0.198699681548
135.9 0.198028229645
136.0 0.197839500877
136.1 0.19747553556
136.2 0.196668610207
136.3 0.195928876219
136.4 0.19498785385
136.5 0.194385297504
136.6 0.193470965931
136.7 0.192188050007
136.8 0.190634692344
136.9 0.189738950212
137.0 0.188417874206
137.1 0.18761119134
137.2 0.186779156906
137.3 0.186073077515
137.4 0.185265867254
137.5 0.184426256553
137.6 0.183543789234
137.7 0.18213805885
137.8 0.181079615837
137.9 0.180232064679
138.0 0.179346753231
138.1 0.178400573707
138.2 0.177288539641
138.3 0.176387164414
138.4 0.175725659077
138.5 0.175107634314
138.6 0.174391956218
138.7 0.17400541444
138.8 0.173332183239
138.9 0.172613193004
139.0 0.171341646518
139.1 0.170391501308
139.2 0.169091345441
139.3 0.167594160976
139.4 0.16686015585
139.5 0.166066703091
139.6 0.164960302286
139.7 0.163672335447
139.8 0.162738324116
139.9 0.161450711205
140.0 0.16035609989
140.1 0.159269916985
140.2 0.158338410343
140.3 0.157213427504
140.4 0.156435219779
140.5 0.155854794531
140.6 0.155259230093
140.7 0.154405074064
140.8 0.153401146891
140.9 0.152036438271
141.0 0.150968078378
141.1 0.149965289197
141.2 0.149230128002
141.3 0.14845801538
141.4 0.147356989297
141.5 0.146651794048
141.6 0.145502730483
141.7 0.144206937037
141.8 0.142877241641
141.9 0.14168281713
142.0 0.140959344923
142.1 0.139949136339
142.2 0.139123631939
142.3 0.138089696153
142.4 0.136944215666
142.5 0.135929281056
142.6 0.134637030631
142.7 0.133153339231
142.8 0.131691156056
142.9 0.130801439865
143.0 0.130057420635
143.1 0.129048850042
143.2 0.127476748906
143.3 0.126284201131
143.4 0.125415023782
143.5 0.124024331264
143.6 0.122888006948
143.7 0.121786547796
143.8 0.120428593404
143.9 0.118817304295
144.0 0.117405484623
144.1 0.11579877391
144.2 0.114259280186
144.3 0.112845485292
144.4 0.111440636581
144.5 0.110017388254
144.6 0.108293067667
144.7 0.107154310204
144.8 0.105625318001
144.9 0.104250200864
145.0 0.102818274109
145.1 0.1015609653
145.2 0.100316477531
145.3 0.0988755646457
145.4 0.0975225271835
145.5 0.0967603396738
145.6 0.0958406880658
145.7 0.0948312662651
145.8 0.0934258383323
145.9 0.0919464901393
146.0 0.0905549411016
146.1 0.0894091011882
146.2 0.0882775847871
146.3 0.0868502814829
146.4 0.0859184888273
146.5 0.0850233993565
146.6 0.0839416454313
146.7 0.0831295832516
146.8 0.0816601714114
146.9 0.0804327445358
147.0 0.0788903965743
147.1 0.0776954922339
147.2 0.0765399231023
147.3 0.0745876335655
147.4 0.0728298814299
147.5 0.0711269796043
147.6 0.0698737922193
147.7 0.0684273735194
147.8 0.0672372025387
147.9 0.0656190873331
148.0 0.064212967193
148.1 0.0628340060975
148.2 0.0618947658315
148.3 0.0600093332814
148.4 0.0581878290262
148.5 0.0556985946815
148.6 0.0538359771533
148.7 0.0523683084757
148.8 0.0509876122559
148.9 0.0497073909712
149.0 0.0486864150176
149.1 0.0475133021966
149.2 0.0461317123338
149.3 0.0444369416155
149.4 0.0430616090403
149.5 0.0412854319841
149.6 0.0397749521144
149.7 0.0383009657713
149.8 0.0370501913351
149.9 0.035241555351
150.0 0.0337162185551
150.1 0.0321605280274
150.2 0.0307209157326
150.3 0.0297045698747
150.4 0.0283111089911
150.5 0.0273456334524
150.6 0.0265668760821
150.7 0.0260528345679
150.8 0.0248377495161
150.9 0.0237069269366
151.0 0.0230138150654
151.1 0.0218278815944
151.2 0.0211905036119
151.3 0.019986174663
151.4 0.0186791414087
151.5 0.0178706750783
151.6 0.017156725099
151.7 0.0162207543353
151.8 0.0152814873814
151.9 0.0144185936854
152.0 0.0133747810943
152.1 0.0127082382973
152.2 0.0123545689549
152.3 0.0115825950729
152.4 0.0108597818255
152.5 0.0100848181757
152.6 0.00939996328571
152.7 0.00893841155485
152.8 0.00832406827564
152.9 0.00767849500984
153.0 0.00714765713636
153.1 0.00661559025692
153.2 0.00622500672724
153.3 0.00577436614241
153.4 0.00517223861749
153.5 0.00510517904592
153.6 0.00493193328764
153.7 0.00440115044463
153.8 0.00363650422017
153.9 0.00353497042187
154.0 0.0031904740133
154.1 0.00283270271219
154.2 0.00259432731119
154.3 0.00227472252298
154.4 0.0022449410019
154.5 0.00224421416625
154.6 0.00220864169903
154.7 0.0020947982672
154.8 0.00181975874537
154.9 0.00138340703876
155.0 0.00119093851715
155.1 0.00119097588016
155.2 0.00101712439708
155.3 0.000925821220528
155.4 0.000811270633911
155.5 0.00068894011869
155.6 0.000557430127968
155.7 0.000530026446061
155.8 0.000409870218857
155.9 0.000397503644626
156.0 0.000398044351946
156.1 0.000397790726402
156.2 0.000340062638013
156.3 0.000265426646692
156.4 0.000249035613349
156.5 0.000133009352896
156.6 7.2724191593e-05
156.7 0.0
156.8 0.0
156.9 0.0
157.0 0.0
157.1 0.0
157.2 0.0
157.3 0.0
157.4 0.0
157.5 0.0
157.6 0.0
157.7 0.0
157.8 0.0
157.9 0.0
158.0 0.0
158.1 0.0
158.2 0.0
158.3 0.0
158.4 0.0
158.5 0.0
158.6 0.0
158.7 0.0
158.8 0.0
158.9 0.0
159.0 0.0
159.1 0.0
159.2 0.0
159.3 0.0
159.4 0.0
159.5 0.0
159.6 0.0
159.7 0.0
159.8 0.0
159.9 0.0
160.0 0.0
160.1 0.0
160.2 0.0
160.3 0.0
160.4 0.0
160.5 0.0
160.6 0.0
160.7 0.0
160.8 0.0
160.9 0.0
161.0 0.0
161.1 0.0
161.2 0.0
161.3 0.0
161.4 0.0
161.5 0.0
161.6 0.0
161.7 0.0
161.8 0.0
161.9 0.0
162.0 0.0
162.1 0.0
162.2 0.0
162.3 0.0
162.4 0.0
162.5 0.0
162.6 0.0
162.7 0.0
162.8 0.0
162.9 0.0
163.0 0.0
163.1 0.0
163.2 0.0
163.3 0.0
163.4 0.0
163.5 0.0
163.6 0.0
163.7 0.0
163.8 0.0
163.9 0.0
164.0 0.0
164.1 0.0
164.2 0.0
164.3 0.0
164.4 0.0
164.5 0.0
164.6 0.0
164.7 0.0
164.8 0.0
164.9 0.0
165.0 0.0
165.1 0.0
165.2 0.0
165.3 0.0
165.4 0.0
165.5 0.0
165.6 0.0
165.7 0.0
165.8 0.0
165.9 0.0
166.0 0.0
166.1 0.0
166.2 0.0
166.3 0.0
166.4 0.0
166.5 0.0
166.6 0.0
166.7 0.0
166.8 0.0
166.9 0.0
167.0 0.0
167.1 0.0
167.2 0.0
167.3 0.0
167.4 0.0
167.5 0.0
167.6 0.0
167.7 0.0
167.8 0.0
167.9 0.0
168.0 0.0
168.1 0.0
168.2 0.0
168.3 0.0
168.4 0.0
168.5 0.0
168.6 0.0
168.7 0.0
168.8 0.0
168.9 0.0
169.0 0.0
169.1 0.0
169.2 0.0
169.3 0.0
169.4 0.0
169.5 0.0
169.6 0.0
169.7 0.0
169.8 0.0
169.9 0.0
170.0 0.0
170.1 0.0
170.2 0.0
170.3 0.0
170.4 0.0
170.5 0.0
170.6 0.0
170.7 0.0
170.8 0.0
170.9 0.0
171.0 0.0
171.1 0.0
171.2 0.0
171.3 0.0
171.4 0.0
171.5 0.0
171.6 0.0
171.7 0.0
171.8 0.0
171.9 0.0
172.0 0.0
172.1 0.0
172.2 0.0
172.3 0.0
172.4 0.0
172.5 0.0
172.6 0.0
172.7 0.0
172.8 0.0
172.9 0.0
173.0 0.0
173.1 0.0
173.2 0.0
173.3 0.0
173.4 0.0
173.5 0.0
173.6 0.0
173.7 0.0
173.8 0.0
173.9 0.0
174.0 0.0
174.1 0.0
174.2 0.0
174.3 0.0
174.4 0.0
174.5 0.0
174.6 0.0
174.7 0.0
174.8 0.0
174.9 0.0
175.0 0.0
175.1 0.0
175.2 0.0
175.3 0.0
175.4 0.0
175.5 0.0
175.6 0.0
175.7 0.0
175.8 0.0
175.9 0.0
176.0 0.0
176.1 0.0
176.2 0.0
176.3 0.0
176.4 0.0
176.5 0.0
176.6 0.0
176.7 0.0
176.8 0.0
176.9 0.0
177.0 0.0
177.1 0.0
177.2 0.0
177.3 0.0
177.4 0.0
177.5 0.0
177.6 0.0
177.7 0.0
177.8 0.0
177.9 0.0
178.0 0.0
178.1 0.0
178.2 0.0
178.3 0.0
178.4 0.0
178.5 0.0
178.6 0.0
178.7 0.0
178.8 0.0
178.9 0.0
179.0 0.0
179.1 0.0
179.2 0.0
179.3 0.0
179.4 0.0
179.5 0.0
179.6 0.0
179.7 0.0
179.8 0.0
179.9 0.0
180.0 0.0
180.1 0.0
180.2 0.0
180.3 0.0
180.4 0.0
180.5 0.0
180.6 0.0
180.7 0.0
180.8 0.0
180.9 0.0
181.0 0.0
181.1 0.0
181.2 0.0
181.3 0.0
181.4 0.0
181.5 0.0
181.6 0.0
181.7 0.0
181.8 0.0
181.9 0.0
182.0 0.0
182.1 0.0
182.2 0.0
182.3 0.0
182.4 0.0
182.5 0.0
182.6 0.0
182.7 0.0
182.8 0.0
182.9 0.0
183.0 0.0
183.1 0.0
183.2 0.0
183.3 0.0
183.4 0.0
183.5 0.0
183.6 0.0
183.7 0.0
183.8 0.0
183.9 0.0
184.0 0.0
184.1 0.0
184.2 0.0
184.3 0.0
184.4 0.0
184.5 0.0
184.6 0.0
184.7 0.0
184.8 0.0
184.9 0.0
185.0 0.0
185.1 0.0
185.2 0.0
185.3 0.0
185.4 0.0
185.5 0.0
185.6 0.0
185.7 0.0
185.8 0.0
185.9 0.0
186.0 0.0
186.1 0.0
186.2 0.0
186.3 0.0
186.4 0.0
186.5 0.0
186.6 0.0
186.7 0.0
186.8 0.0
186.9 0.0
187.0 0.0
187.1 0.0
187.2 0.0
187.3 0.0
187.4 0.0
187.5 0.0
187.6 0.0
187.7 0.0
187.8 0.0
187.9 0.0
188.0 0.0
188.1 0.0
188.2 0.0
188.3 0.0
188.4 0.0
188.5 0.0
188.6 0.0
188.7 0.0
188.8 0.0
188.9 0.0
189.0 0.0
189.1 0.0
189.2 0.0
189.3 0.0
189.4 0.0
189.5 0.0
189.6 0.0
189.7 0.0
189.8 0.0
189.9 0.0
190.0 0.0
190.1 0.0
190.2 0.0
190.3 0.0
190.4 0.0
190.5 0.0
190.6 0.0
190.7 0.0
190.8 0.0
190.9 0.0
191.0 0.0
191.1 0.0
191.2 0.0
191.3 0.0
191.4 0.0
191.5 0.0
191.6 0.0
191.7 0.0
191.8 0.0
191.9 0.0
192.0 0.0
192.1 0.0
192.2 0.0
192.3 0.0
192.4 0.0
192.5 0.0
192.6 0.0
192.7 0.0
192.8 0.0
192.9 0.0
193.0 0.0
193.1 0.0
193.2 0.0
193.3 0.0
193.4 0.0
193.5 0.0
193.6 0.0
193.7 0.0
193.8 0.0
193.9 0.0
194.0 0.0
194.1 0.0
194.2 0.0
194.3 0.0
194.4 0.0
194.5 0.0
194.6 0.0
194.7 0.0
194.8 0.0
194.9 0.0
195.0 0.0
195.1 0.0
195.2 0.0
195.3 0.0
195.4 0.0
195.5 0.0
195.6 0.0
195.7 0.0
195.8 0.0
195.9 0.0
196.0 0.0
196.1 0.0
196.2 0.0
196.3 0.0
196.4 0.0
196.5 0.0
196.6 0.0
196.7 0.0
196.8 0.0
196.9 0.0
197.0 0.0
197.1 0.0
197.2 0.0
197.3 0.0
197.4 0.0
197.5 0.0
197.6 0.0
197.7 0.0
197.8 0.0
197.9 0.0
198.0 0.0
198.1 0.0
198.2 0.0
198.3 0.0
198.4 0.0
198.5 0.0
198.6 0.0
198.7 0.0
198.8 0.0
198.9 0.0
199.0 0.0
199.1 0.0
199.2 0.0
199.3 0.0
199.4 0.0
199.5 0.0
199.6 0.0
199.7 0.0
199.8 0.0
199.9 0.0
