# r frac rho dNdR
0.0 0.0 inf nan
0.1 0.0 15135612.4844 0.0
0.2 0.0 1494719.89288 0.0
0.3 0.0 385846.894561 0.0
0.4 0.0 147611.308129 0.0
0.5 0.0 70055.1690683 0.0
0.6 0.0 38104.3733446 0.0
0.7 0.0 22770.4989143 0.0
0.8 0.0 14577.3789401 0.0
0.9 0.0 9836.26042196 0.0
1.0 0.0 6918.30970919 0.0
1.1 0.0 5032.09036632 0.0
1.2 0.0 3763.00363811 0.0
1.3 0.0 2880.24348735 0.0
1.4 0.0 2248.70435425 0.0
1.5 0.0 1785.89201202 0.0
1.6 0.0 1439.59144767 0.0
1.7 0.0 1175.71105713 0.0
1.8 0.0 971.381510949 0.0
1.9 0.0 810.89191969 0.0
2.0 0.0 683.218809816 0.0
2.1 0.0 580.48039369 0.0
2.2 0.0 496.944909303 0.0
2.3 0.0150810314735 428.379843363 429.462858131
2.4 0.0622682900329 371.61604135 1674.91873223
2.5 0.117217361258 324.250288401 2985.1227407
2.6 0.145823762775 284.438917904 3523.49677343
2.7 0.178324317708 250.752359168 4096.31165427
2.8 0.210546101265 222.071167253 4606.43880324
2.9 0.205814819134 197.510726754 4296.088196
3.0 0.290198870508 176.366058503 5788.46085223
3.1 0.266589536511 158.070906033 5088.95128923
3.2 0.318729786427 142.167089483 5830.84564413
3.3 0.341940017102 128.281326111 6002.76184873
3.4 0.337577599344 116.107538243 5693.79380542
3.5 0.385657975943 105.393234192 6256.92576293
3.6 0.391160845991 95.9289404037 6111.10702586
3.7 0.400745901647 87.5399393963 6035.157986
3.8 0.425134355449 80.0797645014 6177.68907908
3.9 0.421329090533 73.4250435072 5912.95721436
4.0 0.464421686584 67.4713855996 6300.31069599
4.1 0.45868714801 62.1300808206 6019.99413008
4.2 0.472187265703 57.3254364677 6000.2602212
4.3 0.464327094215 52.9926159041 5717.23652691
4.4 0.470081984651 49.0758760087 5612.50686473
4.5 0.474512005638 45.5271227096 5497.33623393
4.6 0.468752906945 42.3047216783 5273.0069478
4.7 0.473206260006 39.3725147615 5171.88924084
4.8 0.479611891218 36.6990031022 5096.08365003
4.9 0.466651484071 34.2566659486 4823.24994607
5.0 0.483841466728 32.0213904026 4867.35636295
5.1 0.473154315144 29.9719922641 4635.20165837
5.2 0.461066690673 28.0898119808 4400.77466468
5.3 0.493672896352 26.358372763 4593.24364648
5.4 0.467992837575 24.7630903487 4246.60075175
5.5 0.476181159005 23.2910258335 4215.95598197
5.6 0.482646336783 21.930674538 4171.25674705
5.7 0.475019476488 20.6717851266 4009.11924741
5.8 0.488685323423 19.5052042089 4029.44886497
5.9 0.479871928502 18.4227424674 3867.1722243
6.0 0.475185067654 17.4170590285 3744.12184294
6.1 0.48168728484 16.4815613377 3712.21453996
6.2 0.47501748071 15.6103182462 3581.9093621
6.3 0.486998349547 14.7979843888 3594.35540323
6.4 0.476019343865 14.0397342348 3439.9592686
6.5 0.484805389038 13.3312044473 3431.41626001
6.6 0.479008284819 12.668443396 3321.72760232
6.7 0.48198702708 12.0478668447 3275.70646277
6.8 0.480306468416 11.4662189789 3200.12068069
6.9 0.479902561196 10.9205380638 3135.4880517
7.0 0.479822545063 10.4081261253 3075.09927143
7.1 0.481569644846 9.92652213338 3028.18762707
7.2 0.480023125028 9.47347824028 2962.4189609
7.3 0.482211520546 9.04693869066 2921.42548417
7.4 0.481360139753 8.64502107014 2863.58107889
7.5 0.482780256715 8.26599960651 2820.83232938
7.6 0.482261587654 7.90829027505 2768.23096266
7.7 0.483285215134 7.57043749245 2725.9369185
7.8 0.483192510514 7.25110221201 2678.6951448
7.9 0.483405540327 6.94905125688 2634.51809146
8.0 0.483951915959 6.66314774904 2593.41187445
8.1 0.483690672918 6.39234250933 2549.22196363
8.2 0.484556328135 6.13566631971 2512.13845442
8.3 0.484184854531 5.89222295194 2469.76948634
8.4 0.484649468067 5.66118287876 2432.78293704
8.5 0.4846900087 5.44177759359 2394.70803239
8.6 0.484810834193 5.23329447349 2358.0567669
8.7 0.485075072255 5.035072128 2323.07388429
8.8 0.485139082019 4.84649618285 2288.07020303
8.9 0.485312203236 4.66699545352 2254.49079771
9.0 0.48562710996 4.49603846885 2222.4286367
9.1 0.485516504645 4.33313030902 2189.26531356
9.2 0.486012643292 4.17780972659 2159.64188946
9.3 0.486023159229 4.02964652247 2128.62754163
9.4 0.486076560965 3.88823915169 2098.56883828
9.5 0.486521971252 3.7532125369 2070.91698778
9.6 0.486455711842 3.62421606937 2041.78363634
9.7 0.486743031941 3.50092177986 2014.81642734
9.8 0.486893506304 3.38302266326 1987.92916354
9.9 0.487088463077 3.27023114269 1961.85337738
10.0 0.487269167586 3.16227766017 1936.32742183
10.1 0.487422719361 3.05890938238 1911.28297579
10.2 0.487663852577 2.95988901094 1887.14903424
10.3 0.487783212032 2.86499368796 1863.09427834
10.4 0.488003579491 2.77401398841 1839.95921702
10.5 0.488183701001 2.68675299152 1817.18640394
10.6 0.488286953529 2.60302542454 1794.6308338
10.7 0.488147038195 2.52265687247 1771.6839895
10.8 0.488289199673 2.44548304811 1750.24622663
10.9 0.48842600455 2.37134911744 1729.24741515
11.0 0.488587349329 2.30010907552 1708.77894359
11.1 0.488743214764 2.23162516885 1688.72064814
11.2 0.488859204397 2.16576736025 1668.94302289
11.3 0.488974870161 2.10241283286 1649.57205148
11.4 0.489125023292 2.04144553 1630.71191643
11.5 0.489229617829 1.98275572814 1612.08337479
11.6 0.489297325839 1.92623964017 1593.70891
11.7 0.489364175669 1.87179904675 1575.69799558
11.8 0.489419886237 1.81934095338 1558.0076507
11.9 0.489446030508 1.76877727132 1540.5710995
12.0 0.489408401528 1.72002452046 1523.27535181
12.1 0.489378161846 1.67300355245 1506.33668578
12.2 0.48930844105 1.6276392926 1489.60252138
12.3 0.48919466214 1.58386049908 1473.05419176
12.4 0.489031408054 1.54159953823 1456.67128274
12.5 0.488838483305 1.50079217461 1440.50853082
12.6 0.488571756755 1.46137737493 1424.43190079
12.7 0.488293474646 1.4232971247 1408.61983196
12.8 0.487958323561 1.38649625664 1392.93623261
12.9 0.487536198821 1.35092229022 1377.29356748
13.0 0.486956020002 1.31652528128 1361.49330821
13.1 0.486366271125 1.28325768123 1345.9526361
13.2 0.48577935275 1.25107420498 1330.69905388
13.3 0.485195755282 1.21993170716 1315.72660919
13.4 0.484606232344 1.18978906589 1301.00339347
13.5 0.484048126156 1.16060707381 1286.62254605
13.6 0.483482784835 1.13234833552 1272.47348563
13.7 0.482830229981 1.10497717145 1258.34218852
13.8 0.482057398768 1.07845952727 1244.14397624
13.9 0.481481533804 1.05276288888 1230.6928204
14.0 0.480965220022 1.02785620226 1217.62054856
14.1 0.480438565192 1.00370979816 1204.74217554
14.2 0.479874415567 0.980295321062 1191.98579182
14.3 0.479239690934 0.957585662314 1179.2675637
14.4 0.478755622007 0.935554897107 1167.12671916
14.5 0.478244287397 0.914178225018 1155.1184806
14.6 0.477736865695 0.89343191394 1143.31471528
14.7 0.477234597346 0.873293247163 1131.71365491
14.8 0.476762167268 0.853740473417 1120.36865713
14.9 0.476258582658 0.834752759686 1109.13160173
15.0 0.475474896729 0.816310146624 1097.42580913
15.1 0.474988416765 0.798393506416 1086.58517043
15.2 0.474542947406 0.780984502937 1076.00670981
15.3 0.474061590224 0.76406555406 1065.51143706
15.4 0.473617466081 0.74761979599 1055.2608059
15.5 0.473155491175 0.731631049509 1045.12749473
15.6 0.472449584961 0.716083788004 1034.6140553
15.7 0.471942827209 0.700963107188 1024.69288264
15.8 0.471485643096 0.686254696399 1015.02757402
15.9 0.471058663085 0.671944811404 1005.57093635
16.0 0.470628749992 0.658020248599 996.248180661
16.1 0.47019652083 0.644468320544 987.057837843
16.2 0.469776628759 0.631276832744 978.027691704
16.3 0.469369596852 0.618434061613 969.155420498
16.4 0.468958056108 0.605928733547 960.402116634
16.5 0.468550296017 0.593750005048 951.782237032
16.6 0.468150262156 0.581887443843 943.301004624
16.7 0.467746205198 0.570331010931 934.932087812
16.8 0.467378712236 0.55907104353 926.75375452
16.9 0.466955658645 0.548098238839 918.58071291
17.0 0.466590510242 0.537403638613 910.634733157
17.1 0.466199606452 0.526978614468 902.748922357
17.2 0.465822277868 0.5168148539 894.997866241
17.3 0.46544884679 0.506904346979 887.360401599
17.4 0.465094563778 0.497239373667 879.863161094
17.5 0.464703872771 0.487812491739 872.39902316
17.6 0.464353580054 0.47861652528 865.110707555
17.7 0.463984260701 0.469644553708 857.88472627
17.8 0.463638247221 0.46088990132 850.797717747
17.9 0.463280820232 0.452346127312 843.78368409
18.0 0.462935761304 0.444007016265 836.884333747
18.1 0.462581713831 0.435866569063 830.059137042
18.2 0.462095592606 0.427918994227 823.087545864
18.3 0.461618384642 0.420158699638 816.222384101
18.4 0.461287535553 0.412580284639 809.702911479
18.5 0.460957242206 0.405178532482 803.267860218
18.6 0.460618789975 0.39794840312 796.900627664
18.7 0.460312463776 0.39088502631 790.669243947
18.8 0.459976623751 0.38398369503 784.465967238
18.9 0.459654827051 0.377239859178 778.364233714
19.0 0.459343771672 0.370649119544 772.356615565
19.1 0.459025635239 0.364207222052 766.411640289
19.2 0.458724207106 0.35791005224 760.56769738
19.3 0.458401459117 0.351753629988 754.760322361
19.4 0.458106160578 0.345734104462 749.068747831
19.5 0.457797102791 0.339847749277 743.423909845
19.6 0.457500234898 0.334090957868 737.86693575
19.7 0.457204898871 0.328460239048 732.379190754
19.8 0.456907967775 0.322952212758 726.95451901
19.9 0.456608284982 0.317563605991 721.590038159
20.0 0.456332614088 0.312291248889 716.326765322
20.1 0.456045854173 0.307132070996 711.108154845
20.2 0.455754273576 0.302083097666 705.943231564
20.3 0.455466633186 0.297141446621 700.844613658
20.4 0.455193552643 0.292304324646 695.827424905
20.5 0.454915169249 0.287569024419 690.860096505
20.6 0.454652753488 0.282932921465 685.973935395
20.7 0.454359549327 0.278393471238 681.09746083
20.8 0.454108371525 0.273948206316 676.33911269
20.9 0.45383202509 0.269594733706 671.597359038
21.0 0.453563876444 0.265330732259 666.921114835
21.1 0.453244390661 0.261153950181 662.222316163
21.2 0.452989012423 0.257062202652 657.669162078
21.3 0.452718962347 0.253053369522 653.14541262
21.4 0.452461449106 0.249125393113 648.689681544
21.5 0.452217614036 0.245276276092 644.302478509
21.6 0.451708931862 0.241504079434 639.588307442
21.7 0.451261945168 0.237806920461 635.012876434
21.8 0.450992599823 0.234182970954 630.735940127
21.9 0.450753142002 0.230630455337 626.546795079
22.0 0.450519802138 0.227147648932 622.411139014
22.1 0.450275974287 0.223732876275 618.305332291
22.2 0.450028721395 0.220384509498 614.238607387
22.3 0.449641158927 0.217100966774 610.024680378
22.4 0.44930605781 0.213880710811 605.92628634
22.5 0.449063304337 0.210722247409 601.994962999
22.6 0.448847900876 0.207624124069 598.141250071
22.7 0.448600435232 0.20458492865 594.285187962
22.8 0.44839037038 0.201603288077 590.518416042
22.9 0.447980263474 0.198677867096 586.528606378
23.0 0.447672114426 0.19580736707 582.712865343
23.1 0.44746510497 0.192990524827 579.067224052
23.2 0.447205213341 0.190226111536 575.390678628
23.3 0.446774125907 0.187512931638 571.532516082
23.4 0.446573729787 0.184849821805 568.00712923
23.5 0.446018128017 0.182235649936 564.067969602
23.6 0.44563621334 0.179669314192 560.387262548
23.7 0.445438407523 0.177149742066 556.973767747
23.8 0.445234599194 0.174675889478 553.586699988
23.9 0.445026578961 0.172246739913 550.22792336
24.0 0.444811228125 0.169861303573 546.893222732
24.1 0.444448400085 0.167518616575 543.410935896
24.2 0.444160736539 0.165217740166 540.05431228
24.3 0.443976559412 0.162957759968 536.855613688
24.4 0.44376677472 0.160737785246 533.657085161
24.5 0.443581822694 0.158556948206 530.519134077
24.6 0.443368155397 0.156414403313 527.377160435
24.7 0.443192281341 0.154309326633 524.309992504
24.8 0.442998833477 0.152240915194 521.251351879
24.9 0.442785408246 0.150208386374 518.198366234
25.0 0.442618701267 0.148210977307 515.228658744
25.1 0.442415972667 0.146247944305 512.245173746
25.2 0.442228160302 0.144318562302 509.306869083
25.3 0.442048789419 0.142422124321 506.40568349
25.4 0.441870574338 0.140557940946 503.532799406
25.5 0.441667426274 0.138725339826 500.658268127
25.6 0.44149863066 0.136923665186 497.849037027
25.7 0.441313001681 0.135152277352 495.046735867
25.8 0.441137602534 0.133410552299 492.281524229
25.9 0.440962171413 0.131697881208 489.541500447
26.0 0.440769634863 0.130013670041 486.807483176
26.1 0.440598502095 0.128357339122 484.121756721
26.2 0.440450427242 0.126728322743 481.48545169
26.3 0.440245176297 0.125126068769 478.810611989
26.4 0.44007614699 0.123550038268 476.198947936
26.5 0.439921819662 0.121999705145 473.626393442
26.6 0.439744968667 0.120474555788 471.052540209
26.7 0.439367333038 0.118974088728 468.287470315
26.8 0.439169852608 0.117497814308 465.73809212
26.9 0.439015032063 0.116045254359 463.256156613
27.0 0.43884836365 0.114615941894 460.78348318
27.1 0.438682011248 0.113209420802 458.332696681
27.2 0.4385085431 0.11182524556 455.895800185
27.3 0.43836900159 0.110462980946 453.515101654
27.4 0.438192663518 0.109122201764 451.117019165
27.5 0.438011070377 0.10780249258 448.734170135
27.6 0.437641941947 0.106503447464 446.180545904
27.7 0.437494384177 0.105224669737 443.873743698
27.8 0.437340879018 0.103965771726 441.580524512
27.9 0.437183765945 0.102726374534 439.303090404
28.0 0.437024070281 0.101506107805 437.042286457
28.1 0.436869513121 0.100304609506 434.805605074
28.2 0.43672363284 0.0991215257089 432.596252413
28.3 0.436575306467 0.0979565103809 430.402918902
28.4 0.436418380683 0.0968092251832 428.219383496
28.5 0.436288139236 0.0956793392725 426.080008926
28.6 0.436020220698 0.0945665291096 423.824452857
28.7 0.435532962879 0.093470478273 421.375375102
28.8 0.435312771891 0.0923908772789 419.203924514
28.9 0.435149613267 0.0913274234052 417.104962236
29.0 0.435017810483 0.0902798205213 415.053026511
29.1 0.43486511423 0.0892477789224 412.997885238
29.2 0.434740172758 0.0882310151687 410.985610643
29.3 0.434598446223 0.087229251929 408.973739034
29.4 0.434446281484 0.0862422178287 406.968247153
29.5 0.434312190804 0.0852696473027 404.995672294
29.6 0.434161621607 0.0843112804512 403.023529337
29.7 0.434033981668 0.0833668629006 401.08826428
29.8 0.433905381245 0.082436145668 399.167437829
29.9 0.433758396232 0.0815188850292 397.244932837
30.0 0.433632859619 0.0806148423907 395.35712255
30.1 0.433508019711 0.0797237841649 393.48474156
30.2 0.433181520669 0.078845481649 391.444758341
30.3 0.433018018383 0.0779797109071 389.567492578
30.4 0.432757765005 0.0771262526557 387.618173861
30.5 0.432517761983 0.0762848921518 385.702120401
30.6 0.432408970007 0.0754554190849 383.917445319
30.7 0.432269022308 0.0746376274709 382.118931509
30.8 0.431977146479 0.0738313155498 380.2004926
30.9 0.4316160561 0.0730362856857 378.2362017
31.0 0.431276407474 0.0722523442692 376.305785532
31.1 0.431126212153 0.071479301623 374.554803574
31.2 0.430998075342 0.0707169719098 372.836170718
31.3 0.43086536602 0.0699651730424 371.12656124
31.4 0.430759362096 0.0692237265963 369.452713592
31.5 0.430618130187 0.068492457725 367.761305804
31.6 0.430508772011 0.067771195077 366.109651752
31.7 0.430387840616 0.067059770715 364.460482448
31.8 0.430271280075 0.0663580200377 362.827237213
31.9 0.430150715253 0.0656657817032 361.202708391
32.0 0.430019094307 0.0649828975545 359.580915025
32.1 0.429928670791 0.0643092125468 358.005359782
32.2 0.429789918661 0.0636445746771 356.401251365
32.3 0.429671178479 0.0629888349151 354.825404975
32.4 0.429572709522 0.0623418471362 353.277707483
32.5 0.42944871366 0.0617034680562 351.720325605
32.6 0.429337215797 0.0610735571672 350.184416367
32.7 0.429215637808 0.0604519766761 348.651398752
32.8 0.429116655558 0.0598385914434 347.1476941
32.9 0.428942694536 0.0592332689249 345.594352104
33.0 0.428663643113 0.0586358791134 343.967836836
33.1 0.428566409032 0.0580462944835 342.498347529
33.2 0.428441773551 0.0574643899363 341.017479599
33.3 0.428356312304 0.0568900427461 339.578168942
33.4 0.428220941377 0.0563231325091 338.109598779
33.5 0.428122102819 0.0557635410916 336.680119374
33.6 0.427967155898 0.0552111525819 335.216720467
33.7 0.427742605504 0.0546658532407 333.70929799
33.8 0.427648128963 0.0541275314553 332.313559196
33.9 0.427534940809 0.0535960776929 330.91304063
34.0 0.427428296379 0.0530713844563 329.527288573
34.1 0.427324911343 0.0525533462398 328.153625943
34.2 0.427219230095 0.0520418594873 326.787679855
34.3 0.427111393651 0.0515368225498 325.429485822
34.4 0.427019116515 0.0510381356457 324.09241623
34.5 0.426909344057 0.0505457008208 322.751253188
34.6 0.426819273355 0.0500594219096 321.434074718
34.7 0.426703510773 0.0495792044978 320.106567074
34.8 0.42659669009 0.0491049558852 318.794748475
34.9 0.426515360517 0.0486365850503 317.510775236
35.0 0.42640640296 0.0481740026146 316.214952495
35.1 0.426306474708 0.0477171208087 314.934513026
35.2 0.426208380755 0.0472658534389 313.66400266
35.3 0.426119358285 0.0468201158543 312.408630554
35.4 0.426020255178 0.0463798249151 311.154252698
35.5 0.425917928437 0.0459448989615 309.905862887
35.6 0.425814327614 0.045515257783 308.664822378
35.7 0.425719459966 0.045090822589 307.438290795
35.8 0.425628922472 0.0446715159798 306.222952801
35.9 0.425362746157 0.0442572619179 304.889700768
36.0 0.42523412553 0.0438479857008 303.663520637
36.1 0.425133498454 0.0434436139336 302.465287597
36.2 0.425058395301 0.0430440745025 301.292955661
36.3 0.42495597994 0.0426492965494 300.108938997
36.4 0.424691089944 0.0422592104462 298.818278531
36.5 0.424569917547 0.0418737477707 297.63681265
36.6 0.424476694773 0.0414928412816 296.482497626
36.7 0.424390099929 0.041116424896 295.340211909
36.8 0.424288013379 0.0407444336657 294.194500232
36.9 0.424177917412 0.0403768037547 293.050582442
37.0 0.423922631041 0.0400134724177 291.814021524
37.1 0.423839009133 0.0396543779779 290.703158742
37.2 0.423751245945 0.0392994598068 289.596502647
37.3 0.423647199818 0.0389486583028 288.485752603
37.4 0.423576749252 0.0386019148717 287.404808612
37.5 0.423478283699 0.0382591719067 286.311709168
37.6 0.423401483432 0.0379203727695 285.240065236
37.7 0.423309492941 0.0375854617712 284.164919427
37.8 0.423204274117 0.037254384154 283.087633177
37.9 0.422937741799 0.0369270860735 281.909534716
38.0 0.422852167977 0.0366035145807 280.8590394
38.1 0.422766580615 0.0362836176051 279.815034801
38.2 0.422695971108 0.0359673439375 278.787351543
38.3 0.422596166529 0.0356546432142 277.746797466
38.4 0.422519822081 0.0353454659001 276.728004647
38.5 0.422439506938 0.0350397632737 275.712853826
38.6 0.422354130657 0.0347374874111 274.700608684
38.7 0.422275033387 0.0344385911711 273.698599924
38.8 0.422039496726 0.0341430281806 272.601629916
38.9 0.421914048616 0.03385075282 271.58225168
39.0 0.421826498025 0.0335617202091 270.59336792
39.1 0.421752738989 0.0332758861932 269.619265232
39.2 0.421672846303 0.0329932073295 268.647107959
39.3 0.421591950529 0.0327136408742 267.680143724
39.4 0.421518314678 0.0324371447691 266.723558049
39.5 0.421257372165 0.032163677629 265.654557008
39.6 0.420942921265 0.0318931987296 264.558381821
39.7 0.420674896763 0.0316256679946 263.497914208
39.8 0.420606969618 0.0313610459847 262.56873527
39.9 0.420540439216 0.0310992938851 261.645908453
40.0 0.420452252094 0.0308403734945 260.715084092
40.1 0.420381970697 0.030584247214 259.800801454
40.2 0.420148816729 0.0303308780356 258.791553523
40.3 0.419949754639 0.0300802295322 257.809213548
40.4 0.419862295374 0.0298322658464 256.900950139
40.5 0.4197923309 0.0295869516808 256.008646303
40.6 0.419720626227 0.0293442522872 255.120461112
40.7 0.419531968839 0.0291041334574 254.166562814
40.8 0.419366956025 0.0288665615134 253.232505979
40.9 0.419308689242 0.0286315032973 252.368120638
41.0 0.41923056938 0.0283989261629 251.496785762
41.1 0.418977711179 0.0281687979659 250.525964412
41.2 0.418901904343 0.0279410870554 249.666302333
41.3 0.418816673848 0.0277157622649 248.805947849
41.4 0.418670832204 0.0274927929039 247.914605104
41.5 0.418584035806 0.0272721487493 247.063207515
41.6 0.418507476703 0.0270538000376 246.222661893
41.7 0.418448410821 0.0268377174562 245.397126605
41.8 0.418378708883 0.0266238721361 244.570021539
41.9 0.418306837479 0.0264122356438 243.74630266
42.0 0.418247889761 0.0262027799739 242.934711683
42.1 0.41815651199 0.0259954775415 242.108880793
42.2 0.418099777381 0.025790301175 241.307664332
42.3 0.418030738175 0.0255872241088 240.503825509
42.4 0.41796077286 0.0253862199767 239.703921892
42.5 0.417888316423 0.0251872628045 238.907028599
42.6 0.417836586572 0.0249903270036 238.126356051
42.7 0.417757268654 0.0247953873643 237.334310219
42.8 0.41769397677 0.0246024190492 236.555704933
42.9 0.417595610968 0.0244113975871 235.761571648
43.0 0.417360048102 0.0242222988665 234.894586171
43.1 0.41731121124 0.0240350991298 234.137175184
43.2 0.417189743878 0.023849774967 233.343262968
43.3 0.417095032011 0.0236663033099 232.568611453
43.4 0.416998389753 0.0234846614264 231.797103302
43.5 0.41694844867 0.0233048269148 231.05566555
43.6 0.4168871471 0.0231267776985 230.311950922
43.7 0.416820614202 0.0229504920201 229.569362222
43.8 0.416738943068 0.0227759484362 228.822455588
43.9 0.416701148075 0.0226031258126 228.103581305
44.0 0.416621677614 0.0224320033186 227.365800791
44.1 0.416564672043 0.0222625604221 226.644189624
44.2 0.416502739375 0.0220947768849 225.923748523
44.3 0.416439608911 0.0219286327575 225.206489468
44.4 0.416360839393 0.0217641083748 224.484603314
44.5 0.416218393011 0.0216011843508 223.732315531
44.6 0.416157039013 0.0214398415746 223.027490722
44.7 0.416092222911 0.0212800612056 222.32452934
44.8 0.415927960006 0.0211218246689 221.572287459
44.9 0.41578439174 0.0209651136515 220.835022217
45.0 0.415713328418 0.0208099100977 220.140041723
45.1 0.415654579319 0.0206561962048 219.455195714
45.2 0.415606667863 0.0205039544192 218.779622182
45.3 0.415538157362 0.0203531674325 218.096744495
45.4 0.415482714809 0.0202038181773 217.42425061
45.5 0.415301664379 0.0200558898232 216.689697903
45.6 0.415188389619 0.0199093657736 215.994242679
45.7 0.415144373746 0.0197642296612 215.338316002
45.8 0.415084898143 0.0196204653448 214.677760646
45.9 0.41502514232 0.0194780569058 214.020449852
46.0 0.414972516031 0.0193369886441 213.370170158
46.1 0.414798306837 0.0191972450752 212.66087623
46.2 0.414701818936 0.0190588109264 211.994970225
46.3 0.414649169777 0.0189216711338 211.354810143
46.4 0.414596412686 0.0187858108385 210.717842072
46.5 0.414542540303 0.0186512153842 210.083532603
46.6 0.414475881561 0.0185178703129 209.445965745
46.7 0.414408765542 0.0183857613627 208.811386488
46.8 0.414375668997 0.0182548744646 208.197096129
46.9 0.414302847413 0.0181251957389 207.565979343
47.0 0.414252624118 0.0179967114929 206.949319448
47.1 0.414210662294 0.0178694082178 206.33985568
47.2 0.414138630425 0.0177432725857 205.718490427
47.3 0.414079946412 0.0176182914469 205.106835378
47.4 0.414037312806 0.0174944518272 204.506147456
47.5 0.413978133525 0.0173717409252 203.900283333
47.6 0.413779964047 0.0172501461093 203.229151953
47.7 0.413683592418 0.0171296549158 202.611238978
47.8 0.413633259041 0.0170102550456 202.018868542
47.9 0.413505244477 0.0168919343621 201.391574889
48.0 0.413332951202 0.0167746808887 200.745877252
48.1 0.413255953495 0.016658482806 200.149532738
48.2 0.413130296409 0.0165433284501 199.532607232
48.3 0.41307553278 0.0164292063094 198.952857192
48.4 0.413013061043 0.016316105023 198.372225371
48.5 0.412970922181 0.0162040133782 197.804154
48.6 0.41289968752 0.0160929203079 197.224933099
48.7 0.412877223708 0.0159828148891 196.671749807
48.8 0.412657181776 0.0158736863402 196.027368714
48.9 0.41256848549 0.015765524019 195.448365847
49.0 0.412525007987 0.0156583174207 194.893519383
49.1 0.412478603887 0.0155520561759 194.33995163
49.2 0.412424568429 0.0154467300485 193.785445155
49.3 0.412373191089 0.0153423289335 193.234832786
49.4 0.412314164389 0.0152388428557 192.683269536
49.5 0.412103161297 0.0151362619669 192.063502083
49.6 0.412070568904 0.0150345765449 191.529649884
49.7 0.412015899075 0.0149337769908 190.988086799
49.8 0.411965351416 0.014833853828 190.450990508
49.9 0.411912436792 0.0147347976999 189.915336615
50.0 0.411869380446 0.0146365993681 189.386738371
50.1 0.411811442921 0.014539249711 188.853797219
50.2 0.411769187062 0.014442739722 188.330529752
50.3 0.411653987558 0.0143470605076 187.776435481
50.4 0.411388431346 0.014252203286 187.156545264
50.5 0.411261685009 0.0141581593853 186.602590236
50.6 0.41119803621 0.0140649202421 186.079788326
50.7 0.411165938429 0.0139724773998 185.573657932
50.8 0.411109887938 0.0138808225072 185.059085644
50.9 0.411034522984 0.0137899473167 184.538223602
51.0 0.410926587781 0.0136998436832 184.005188805
51.1 0.410870307391 0.0136105035621 183.497695664
51.2 0.410820230248 0.0135219190086 182.995301009
51.3 0.410783201027 0.0134340821756 182.501008872
51.4 0.410717281092 0.0133469853125 181.996175156
51.5 0.410685531791 0.0132606207643 181.508756003
51.6 0.410636396516 0.0131749809693 181.015891703
51.7 0.410595941599 0.0130900584588 180.529088212
51.8 0.410541692963 0.0130058458549 180.038445662
51.9 0.410483250935 0.01292233587 179.548195895
52.0 0.410467602407 0.0128395213049 179.078838189
52.1 0.41040902227 0.0127573950479 178.592910258
52.2 0.410307258141 0.0126759500734 178.090432862
52.3 0.409945216477 0.012595179441 177.477549685
52.4 0.409922400249 0.0125150762937 177.013989612
52.5 0.409870884499 0.0124356338576 176.540139904
52.6 0.409817914016 0.0123568454398 176.067786864
52.7 0.409779066984 0.012278704428 175.603597536
52.8 0.409737902404 0.0122012042892 175.140484839
52.9 0.409638852011 0.0121243385684 174.654750985
53.0 0.40947814516 0.0120481008875 174.144966512
53.1 0.409420909034 0.0119724849446 173.681365125
53.2 0.409380857902 0.0118974845126 173.227089475
53.3 0.40934149907 0.0118230934385 172.775110584
53.4 0.409299837985 0.0117493056421 172.324152918
53.5 0.409250153526 0.0116761151149 171.871808625
53.6 0.409207398336 0.0116035159196 171.424354518
53.7 0.409172026824 0.0115315021886 170.981946371
53.8 0.409113287856 0.0114600681236 170.531730866
53.9 0.409088435265 0.0113892079941 170.097574576
54.0 0.409045078081 0.0113189161368 169.657630483
54.1 0.40899148791 0.0112491869546 169.215366213
54.2 0.408957846676 0.0111800149157 168.783257892
54.3 0.40887701823 0.011111394553 168.333592951
54.4 0.408692902313 0.0110433204627 167.843463949
54.5 0.408654091067 0.0109757873039 167.41501342
54.6 0.408612271339 0.0109087897973 166.98717896
54.7 0.408580032138 0.0108423227251 166.565090451
54.8 0.408518804101 0.0107763809293 166.133022945
54.9 0.408321557967 0.0107109593117 165.647632148
55.0 0.408292070417 0.0106460528325 165.232245718
55.1 0.408132867162 0.0105816565099 164.766262987
55.2 0.408022968291 0.0105177654191 164.322150824
55.3 0.407986877198 0.0104543746917 163.909596964
55.4 0.407940753099 0.0103914795149 163.494772986
55.5 0.407914302811 0.0103290751308 163.089574632
55.6 0.407715311741 0.0102671568354 162.617269655
55.7 0.407650443449 0.0102057199786 162.200362913
55.8 0.407606348092 0.0101447599625 161.793465196
55.9 0.407568168265 0.0100842722416 161.390623353
56.0 0.4075259619 0.0100242523216 160.987882848
56.1 0.40749271416 0.00996469575893 160.590362353
56.2 0.407454314294 0.00990559816005 160.192478857
56.3 0.407284490004 0.00984695518076 159.744710547
56.4 0.407184869924 0.00978876252562 159.326309603
56.5 0.407164552515 0.00973101594728 158.940620998
56.6 0.407118240295 0.00967371124586 158.546407911
56.7 0.407086955699 0.00961684426836 158.159670526
56.8 0.407038867911 0.00956041090803 157.768020279
56.9 0.407001558046 0.00950440710379 157.382159019
57.0 0.406969846015 0.00944882883964 157.000049474
57.1 0.406926581944 0.00939367214407 156.615066589
57.2 0.406851234793 0.00933893308951 156.219349065
57.3 0.406751843422 0.00928460779175 155.816053528
57.4 0.406712378594 0.00923069240941 155.437326872
57.5 0.406672863846 0.00917718314336 155.060130893
57.6 0.406639558716 0.0091240762362 154.686837868
57.7 0.406511491476 0.00907136797176 154.279101651
57.8 0.406392832663 0.00901905467452 153.876606635
57.9 0.406363030319 0.00896713270914 153.509330957
58.0 0.406327203858 0.00891559847993 153.141272771
58.1 0.406294048049 0.00886444843037 152.775708643
58.2 0.406255522399 0.00881367904259 152.409606628
58.3 0.406208498211 0.00876328683692 152.041801083
58.4 0.406184683532 0.00871326837136 151.684146369
58.5 0.406151143554 0.00866362024117 151.324303561
58.6 0.406102499387 0.00861433907835 150.960289826
58.7 0.406082739139 0.00856542155122 150.608449738
58.8 0.405906945294 0.00851686436393 150.200275577
58.9 0.405836453591 0.00846866425606 149.83263708
59.0 0.405804737677 0.00842081800215 149.480754556
59.1 0.405661542249 0.00837332241126 149.089300484
59.2 0.405581008672 0.00832617432657 148.722400943
59.3 0.405525383028 0.00827937062494 148.366078564
59.4 0.405489441808 0.00823290821649 148.018356651
59.5 0.405300588671 0.00818678404422 147.61631663
59.6 0.405261670773 0.00814099508356 147.270379698
59.7 0.405223285862 0.00809553834203 146.925999615
59.8 0.405186154033 0.00805041085877 146.58342796
59.9 0.405156730506 0.00800560970423 146.244984188
60.0 0.405106229143 0.00796113197975 145.90027474
60.1 0.404895820968 0.00791697481719 145.499454761
60.2 0.404729952333 0.00787313537855 145.11620472
60.3 0.404696434147 0.0078296108556 144.781823944
60.4 0.404668502439 0.00778639846956 144.450739152
60.5 0.404634399744 0.00774349547069 144.118742239
60.6 0.404586959378 0.00770089913797 143.783293768
60.7 0.404582372571 0.00765860677875 143.464343348
60.8 0.40452852669 0.0076166157284 143.129192322
60.9 0.40450240544 0.00757492334997 142.805127218
61.0 0.404469754009 0.00753352703387 142.480009694
61.1 0.404441138681 0.00749242419754 142.15756201
61.2 0.40438931277 0.00745161228513 141.828211996
61.3 0.404373416277 0.00741108876714 141.512702634
61.4 0.404337043083 0.00737085114018 141.191248149
61.5 0.404304999922 0.0073308969266 140.87253216
61.6 0.404204216664 0.0072912236742 140.531133588
61.7 0.404067653556 0.00725182895593 140.178636031
61.8 0.404036203941 0.0072127103696 139.863885657
61.9 0.403944769069 0.00717386553756 139.529610821
62.0 0.403796038621 0.00713529210646 139.176866438
62.1 0.403767670529 0.00709698774689 138.866874875
62.2 0.40372084633 0.00705895015317 138.551720638
62.3 0.403709850799 0.00702117704303 138.25002806
62.4 0.403674096521 0.00698366615733 137.941008167
62.5 0.403639492364 0.00694641525984 137.633543744
62.6 0.403610977411 0.00690942213689 137.329306585
62.7 0.403580407492 0.0068726845972 137.025512097
62.8 0.403553577641 0.00683620047153 136.72412203
62.9 0.403501308872 0.00679996761248 136.41525744
63.0 0.403495890119 0.00676398389423 136.123354605
63.1 0.403459457236 0.00672824721226 135.822094243
63.2 0.40342050003 0.00669275548314 135.521107608
63.3 0.403395901567 0.00665750664427 135.226053679
63.4 0.403362526056 0.00662249865361 134.92915686
63.5 0.403290862641 0.00658772948951 134.620579101
63.6 0.403155479232 0.0065531971504 134.291923895
63.7 0.403104695115 0.00651889965463 133.99262067
63.8 0.402930220566 0.00648483504017 133.653395344
63.9 0.402896036365 0.00645100136444 133.361879959
64.0 0.402864026676 0.00641739670408 133.072154428
64.1 0.402798509732 0.00638401915469 132.772447051
64.2 0.402631686368 0.00635086683067 132.440519765
64.3 0.402605083868 0.00631793786496 132.15585687
64.4 0.402578271801 0.00628523040886 131.872163998
64.5 0.40254142589 0.00625274263179 131.586224744
64.6 0.402516163369 0.00622047272113 131.305105938
64.7 0.40249476276 0.00618841888197 131.026265102
64.8 0.402448538317 0.00615657933694 130.740370252
64.9 0.402424590684 0.00612495232598 130.462735763
65.0 0.402406870351 0.00609353610621 130.188119236
65.1 0.402365836428 0.00606232895164 129.906965569
65.2 0.402346631745 0.00603132915307 129.633860854
65.3 0.40232153402 0.00600053501786 129.359842956
65.4 0.402278085349 0.00596994486974 129.08092107
65.5 0.402254435092 0.00593955704864 128.809342434
65.6 0.402228381576 0.0059093699105 128.537968216
65.7 0.402198570608 0.00587938182711 128.266366292
65.8 0.402183401191 0.00584959118592 128.000394785
65.9 0.402143101399 0.00581999638984 127.727388116
66.0 0.402105332338 0.00579059585713 127.456157894
66.1 0.402099631735 0.00576138802117 127.196037965
66.2 0.402055262972 0.00573237133032 126.92463105
66.3 0.402027594189 0.00570354424777 126.659450333
66.4 0.401879067552 0.00567490525134 126.357208718
66.5 0.401639169308 0.00564645283333 126.027383408
66.6 0.401610777888 0.00561818550039 125.764988731
66.7 0.401566686995 0.00559010177333 125.498612458
66.8 0.401567630829 0.00556220018696 125.247222211
66.9 0.401523015367 0.00553447928998 124.982529599
67.0 0.401492087454 0.00550693764477 124.723020266
67.1 0.401476493428 0.00547957382729 124.46917451
67.2 0.401436790301 0.00545238642691 124.208755293
67.3 0.401076241477 0.00542537404624 123.850172107
67.4 0.401051294468 0.00539853530105 123.596315731
67.5 0.400871313617 0.00537186882007 123.295659409
67.6 0.400663871372 0.00534537324486 122.987641854
67.7 0.400456449856 0.0053190472297 122.680726992
67.8 0.400444244464 0.00529288944141 122.434589713
67.9 0.400402423808 0.00526689855925 122.180265428
68.0 0.400393839751 0.00524107327478 121.936944436
68.1 0.400342327851 0.00521541229171 121.681412985
68.2 0.40032689567 0.00518991432577 121.437710521
68.3 0.400315181168 0.00516457810461 121.195970651
68.4 0.400178381661 0.00513940236764 120.917263856
68.5 0.400090564257 0.00511438586593 120.654300824
68.6 0.400049912289 0.00508952736206 120.406443465
68.7 0.400041242728 0.00506482563002 120.169043428
68.8 0.39996240479 0.00504027945508 119.911414963
68.9 0.399807370599 0.00501588763364 119.631873177
69.0 0.399778640055 0.00499164897319 119.3910217
69.1 0.39976218276 0.0049675622921 119.154648073
69.2 0.399724890427 0.00494362641957 118.912877808
69.3 0.399716249099 0.00491984019549 118.68043597
69.4 0.399625555215 0.00489620247032 118.424463598
69.5 0.399396135247 0.004872712105 118.128335349
69.6 0.399325924411 0.00484936797082 117.880233825
69.7 0.399286484546 0.00482616894933 117.642041215
69.8 0.399262403692 0.00480311393221 117.409169145
69.9 0.399239962354 0.00478020182119 117.177561101
70.0 0.399103001464 0.00475743152792 116.913182956
70.1 0.399033883822 0.00473480197387 116.669542582
70.2 0.398995763128 0.00471231209026 116.435769524
70.3 0.398977414057 0.0046899608179 116.208538593
70.4 0.398886039214 0.00466774710715 115.960835898
70.5 0.398768211451 0.00464566991779 115.706292415
70.6 0.398724568165 0.00462372821889 115.474093329
70.7 0.398548179667 0.00460192098881 115.204297341
70.8 0.398502349919 0.00458024721499 114.973085204
70.9 0.398397649592 0.00455870589395 114.725689492
71.0 0.398324063905 0.00453729603112 114.488066487
71.1 0.398282757886 0.00451601664081 114.260495941
71.2 0.398286429944 0.00449486674608 114.046557948
71.3 0.398237683628 0.00447384537867 113.818339975
71.4 0.398220517015 0.0044529515789 113.599885102
71.5 0.398211660148 0.00443218439558 113.3845134
71.6 0.39812655446 0.00441154288595 113.148176564
71.7 0.3979580858 0.00439102611554 112.888974703
71.8 0.397853702258 0.00437063315814 112.648785159
71.9 0.397852045457 0.00435036309569 112.438423085
72.0 0.397807027601 0.00433021501821 112.216513122
72.1 0.397800246506 0.00431018802368 112.006095266
72.2 0.397681054809 0.00429028121802 111.764768099
72.3 0.397588859705 0.00427049371496 111.531810653
72.4 0.397507964806 0.00425082463599 111.302782174
72.5 0.397388279861 0.00423127311025 111.063662154
72.6 0.397242293402 0.00421183827449 110.817991046
72.7 0.397092567359 0.00419251927298 110.572088234
72.8 0.397011388004 0.00417331525741 110.346047095
72.9 0.396840838747 0.00415422538685 110.09594789
73.0 0.39682722884 0.00413524882767 109.890132155
73.1 0.396623588591 0.00411638475344 109.632449742
73.2 0.396615008106 0.00409763234488 109.429435655
73.3 0.396492969812 0.0040789907898 109.195823853
73.4 0.396403748904 0.004060459283 108.97199375
73.5 0.396374686721 0.00404203702621 108.765395009
73.6 0.396313834289 0.00402372322804 108.550749268
73.7 0.396162515533 0.0040055171039 108.312058791
73.8 0.396024833013 0.0039874178759 108.077865441
73.9 0.395867431623 0.00396942477285 107.839059104
74.0 0.395670668409 0.00395153703013 107.590324212
74.1 0.395580644224 0.00393375388967 107.371371044
74.2 0.395441568155 0.00391607459985 107.139829432
74.3 0.395386947593 0.00389849841547 106.931874987
74.4 0.39520456068 0.00388102459766 106.690089172
74.5 0.39517523216 0.00386365241383 106.490330683
74.6 0.395147352879 0.00384638113761 106.291592074
74.7 0.395131590654 0.00382921004877 106.09673284
74.8 0.39494885645 0.00381213843321 105.857731652
74.9 0.394711895211 0.00379516558282 105.604990782
75.0 0.394563920618 0.0037782907955 105.376832828
75.1 0.394434446238 0.00376151337505 105.154335574
75.2 0.394356842001 0.00374483263114 104.946349808
75.3 0.39428036404 0.00372824787925 104.739318741
75.4 0.39415678476 0.00371175844058 104.520449115
75.5 0.394120822838 0.00369536364206 104.32546513
75.6 0.39398114748 0.00367906281621 104.103684072
75.7 0.393910887362 0.00366285530118 103.900914479
75.8 0.393798177622 0.0036467404406 103.687601977
75.9 0.393639617327 0.00363071758362 103.462909057
76.0 0.393530461447 0.00361478608477 103.251888839
76.1 0.393381554258 0.00359894530398 103.031118814
76.2 0.39331923827 0.00358319460648 102.833683342
76.3 0.393242365068 0.00356753336278 102.633061181
76.4 0.393117416559 0.00355196094858 102.42053702
76.5 0.393087722561 0.00353647674478 102.233450851
76.6 0.39307663921 0.00352108013737 102.051771252
76.7 0.392951107831 0.00350577051742 101.840985632
76.8 0.392865878761 0.00349054728102 101.641283419
76.9 0.392702067262 0.00347540982923 101.421903265
77.0 0.392664518322 0.00346035756802 101.235761017
77.1 0.392640121903 0.00344538990826 101.053572915
77.2 0.392623819814 0.00343050626563 100.874019302
77.3 0.392613092747 0.00341570606062 100.696440818
77.4 0.392541429395 0.00340098871844 100.503798553
77.5 0.392412338079 0.003386353669 100.297067792
77.6 0.392393752773 0.00337180034685 100.119170318
77.7 0.392379168029 0.00335732819117 99.9428295371
77.8 0.392353078546 0.00334293664569 99.7640953214
77.9 0.392338986943 0.00332862515865 99.5889462433
78.0 0.392325949636 0.0033143931828 99.414591213
78.1 0.392294429411 0.00330024017529 99.2360844026
78.2 0.39227902118 0.00328616559768 99.0621838532
78.3 0.392258727761 0.00327216891589 98.8875730376
78.4 0.392245525239 0.00325824960015 98.7152700322
78.5 0.392224412491 0.00324440712494 98.541494625
78.6 0.392205566413 0.00323064096901 98.3688072483
78.7 0.39218861832 0.00321695061527 98.1971104785
78.8 0.392161630805 0.00320333555081 98.0234158699
78.9 0.392155878668 0.00318979526681 97.8555381079
79.0 0.392126496897 0.00317632925855 97.6822717582
79.1 0.39212555291 0.00316293702533 97.5165931261
79.2 0.392093175297 0.00314961807048 97.3436000784
79.3 0.392068559403 0.00313637190126 97.1730445576
79.4 0.391983232766 0.00312319802888 96.9879725945
79.5 0.391818153355 0.00311009596844 96.7837543965
79.6 0.391688510856 0.00309706523889 96.5888924308
79.7 0.391682991452 0.00308410536302 96.4251729256
79.8 0.391662046 0.00307121586737 96.258142742
79.9 0.39164465271 0.00305839628227 96.0924753645
80.0 0.391460768783 0.00304564614174 95.8865131592
80.1 0.39127886568 0.0030329649835 95.6816560105
80.2 0.391254271581 0.00302035234891 95.5158187115
80.3 0.391138866336 0.00300780778294 95.3283346284
80.4 0.391020793856 0.00299533083415 95.1407590092
80.5 0.390868688108 0.00298292105466 94.9454736739
80.6 0.390697043247 0.0029705780001 94.7460324242
80.7 0.390687495026 0.00295830122957 94.5864308982
80.8 0.390524545906 0.00294609030565 94.3902152925
80.9 0.390365031765 0.00293394479433 94.1954125254
81.0 0.390162198001 0.00292186426499 93.9907527845
81.1 0.390065491548 0.00290984829038 93.8122279311
81.2 0.389976664383 0.00289789644658 93.6361190465
81.3 0.389761853997 0.00288600831296 93.430326252
81.4 0.389614667939 0.00287418347217 93.2413300649
81.5 0.389533247142 0.00286242151011 93.0686039549
81.6 0.389506320438 0.00285072201588 92.9093797001
81.7 0.389496957909 0.00283908458176 92.754796795
81.8 0.38947793324 0.0028275088032 92.5983597568
81.9 0.389452942703 0.00281599427878 92.4409554012
82.0 0.389291094492 0.00280454061016 92.2515709837
82.1 0.389024385472 0.00279314740208 92.0379334589
82.2 0.38889467278 0.00278181426233 91.8572887295
82.3 0.38876981661 0.00277054080171 91.6783154155
82.4 0.388775144781 0.00275932663402 91.5305120872
82.5 0.388745652897 0.00274817137601 91.3749429007
82.6 0.38872801703 0.00273707464739 91.2225994381
82.7 0.388566024707 0.00272603607074 91.0368674694
82.8 0.388450660844 0.00271505527157 90.8625827428
82.9 0.388393927166 0.00270413187823 90.7024929666
83.0 0.388255130021 0.00269326552191 90.5237263329
83.1 0.388132895239 0.00268245583659 90.3493315962
83.2 0.388070544712 0.00267170245907 90.1893562426
83.3 0.388056784312 0.00266100502889 90.0411105052
83.4 0.388043171079 0.00265036318831 89.893316018
83.5 0.388013455604 0.00263977658235 89.7422126803
83.6 0.388009358158 0.00262924485866 89.5974506006
83.7 0.387987580145 0.0026187676676 89.4490173489
83.8 0.387972462216 0.00260834466216 89.3025335307
83.9 0.387959643774 0.00259797549794 89.156988033
84.0 0.387877379091 0.00258765983313 88.9959151101
84.1 0.387803889895 0.00257739732852 88.8373081654
84.2 0.387775383236 0.00256718764742 88.6894368228
84.3 0.387786257943 0.0025570304557 88.5509712205
84.4 0.387753514129 0.0025469254217 88.402943962
84.5 0.387729829538 0.00253687221628 88.2573916604
84.6 0.387553869819 0.00252687051273 88.0776371474
84.7 0.38755254424 0.00251691998682 87.9380207347
84.8 0.387256469891 0.00250702031671 87.732015008
84.9 0.386869983333 0.00249717118296 87.5061534682
85.0 0.38684631562 0.00248737226854 87.3628852241
85.1 0.386846703187 0.00247762325875 87.2254369193
85.2 0.38679031353 0.00246792384123 87.0755841166
85.3 0.386665533785 0.00245827370595 86.9107753423
85.4 0.386500334275 0.00244867254518 86.7373583315
85.5 0.386460693318 0.00243912005345 86.5925639393
85.6 0.386435322863 0.00242961592758 86.4513613367
85.7 0.386422231758 0.00242015986659 86.3132892361
85.8 0.386419430333 0.00241075157176 86.1778895475
85.9 0.386395416905 0.00240139074655 86.0381356276
86.0 0.386375565149 0.00239207709661 85.8996892369
86.1 0.386366057666 0.00238281032974 85.7639169581
86.2 0.386156166988 0.00237359015591 85.5841029194
86.3 0.38602866321 0.00236441628721 85.4230257974
86.4 0.385903781414 0.00235528843782 85.2629752513
86.5 0.3856844448 0.00234620632404 85.0825315665
86.6 0.385443358528 0.00233716966424 84.8978037695
86.7 0.38540089732 0.00232817817882 84.7572768466
86.8 0.385379722614 0.00231923159024 84.6218064434
86.9 0.384955822642 0.002310329623 84.3984083625
87.0 0.384722809022 0.00230147200357 84.2174331623
87.1 0.384566865355 0.00229265846043 84.0538089615
87.2 0.384538446588 0.00228388872401 83.9184670175
87.3 0.384527695128 0.00227516252674 83.7873398387
87.4 0.384505403286 0.00226647960293 83.6540538184
87.5 0.384498459994 0.00225783968886 83.5244602178
87.6 0.384492087836 0.00224924252269 83.3953371873
87.7 0.384314744039 0.00224068784448 83.2295324948
87.8 0.384286847317 0.00223217539615 83.0965002598
87.9 0.3842769136 0.00222370492152 82.9677027575
88.0 0.384262276631 0.00221527616619 82.8382345872
88.1 0.384161497298 0.00220688887765 82.6905693444
88.2 0.384081409999 0.00219854280516 82.547751336
88.3 0.384061794081 0.0021902376998 82.4182953003
88.4 0.383994626327 0.00218197331443 82.2789945055
88.5 0.383899406252 0.00217374940367 82.1340657834
88.6 0.383877396642 0.00216556572389 82.0051670361
88.7 0.383872136921 0.00215742203322 81.8801828365
88.8 0.383856482038 0.0021493180915 81.7533144038
88.9 0.383848538703 0.00214125366027 81.6284210432
89.0 0.383671635869 0.00213322850279 81.4679801527
89.1 0.383565356473 0.00212524238399 81.3229483478
89.2 0.383331900491 0.00211729507047 81.1513822325
89.3 0.383296139181 0.00210938633048 81.0220735961
89.4 0.383292234461 0.00210151593392 80.899830061
89.5 0.383276190678 0.00209368365231 80.7753480826
89.6 0.383258414043 0.00208588925879 80.6508277717
89.7 0.382884831497 0.00207813252811 80.4518716112
89.8 0.382398264368 0.00207041323658 80.2297585711
89.9 0.382267899193 0.00206273116211 80.0828843806
90.0 0.382113068873 0.00205508608417 79.9312846315
90.1 0.382065773247 0.00204747778377 79.8025516542
90.2 0.382076526016 0.00203990604346 79.6862629319
90.3 0.382059262424 0.00203237064733 79.5644402037
90.4 0.382041298348 0.00202487138097 79.442788445
90.5 0.381997107209 0.00201740803145 79.3160069185
90.6 0.381857278853 0.00200998038737 79.169727944
90.7 0.381846538556 0.00200258823877 79.0505611976
90.8 0.381839515427 0.00199523137718 78.9324707292
90.9 0.381814846478 0.00198790959555 78.8110424389
91.0 0.381720372522 0.00198062268831 78.6755408809
91.1 0.3815652629 0.0019733704513 78.5279154704
91.2 0.381227904664 0.00196615268177 78.3432281461
91.3 0.381218918038 0.00195896917837 78.2264220093
91.4 0.381207097998 0.00195181974119 78.1093349801
91.5 0.381195907598 0.00194470417164 77.9926770551
91.6 0.381041097218 0.00193762227255 77.8469762695
91.7 0.381019515293 0.0019305738481 77.7288378432
91.8 0.380998248424 0.0019235587038 77.6110663067
91.9 0.380990800297 0.00191657664653 77.4964070293
92.0 0.38077488689 0.00190962748448 77.3396982284
92.1 0.380449020685 0.00190271102717 77.1611035193
92.2 0.380177399255 0.00189582708542 76.9939720758
92.3 0.380002031912 0.00188897547134 76.8467497226
92.4 0.379938579656 0.00188215599836 76.7225126437
92.5 0.379756582824 0.00187536848114 76.5746909946
92.6 0.379669061739 0.00186861273564 76.4462789639
92.7 0.379591130422 0.00186188857908 76.3201255901
92.8 0.379322739409 0.00185519582991 76.156057692
92.9 0.3791550773 0.00184853430783 76.0126167223
93.0 0.379143790312 0.00184190383374 75.9008536484
93.1 0.379114491281 0.00183530422981 75.7857716118
93.2 0.378891986027 0.00182873531936 75.6324137944
93.3 0.378565289078 0.00182219692696 75.4586883874
93.4 0.378402789176 0.00181568887833 75.3181039787
93.5 0.378153857309 0.00180921100039 75.1607041493
93.6 0.377949857025 0.00180276312124 75.0126333985
93.7 0.377743320881 0.00179634507011 74.8644444725
93.8 0.377549216313 0.00178995667742 74.7191002748
93.9 0.377452415361 0.0017835977747 74.5933615718
94.0 0.377239285353 0.00177726819464 74.4449861829
94.1 0.376961499434 0.00177096777104 74.2842537572
94.2 0.376665688328 0.00176469633883 74.1203932835
94.3 0.376441563567 0.00175845373404 73.9710467503
94.4 0.37641044215 0.0017522397938 73.8599576875
94.5 0.376408937865 0.00174605435633 73.7549491391
94.6 0.376383911039 0.00173989726094 73.6455978309
94.7 0.376263542482 0.00173376834801 73.5178896756
94.8 0.375938302526 0.00172766745899 73.3505320084
94.9 0.375600341995 0.00172159443638 73.1811312129
95.0 0.375382005879 0.00171554912373 73.0354456498
95.1 0.37523062524 0.00170953136565 72.9031423818
95.2 0.375223604227 0.00170354100775 72.7991827577
95.3 0.375220114899 0.00169757789671 72.6961630748
95.4 0.375191391589 0.00169164188018 72.5885142432
95.5 0.375073694771 0.00168573280686 72.4639414991
95.6 0.374866054366 0.00167985052642 72.3223290257
95.7 0.374644004633 0.00167399488955 72.1783009053
95.8 0.374425749147 0.00166816574792 72.0353696753
95.9 0.374346262519 0.00166236295417 71.9194623206
96.0 0.374208596323 0.00165658636192 71.7926809788
96.1 0.374187174555 0.00165083582576 71.6884882716
96.2 0.374179168049 0.00164511120122 71.5871169894
96.3 0.374174485131 0.00163941234479 71.4866275038
96.4 0.374150018261 0.00163373911391 71.3826077153
96.5 0.374084185742 0.00162809136694 71.270960729
96.6 0.373939157778 0.00162246896319 71.1445210745
96.7 0.373602865343 0.00161687176287 70.9820580555
96.8 0.373544358606 0.00161129962711 70.8727145231
96.9 0.37341995416 0.00160575241795 70.7511533773
97.0 0.373120867109 0.00160022999834 70.5968426305
97.1 0.372947991556 0.00159473223211 70.4667705708
97.2 0.37273925581 0.00158925898397 70.3302567408
97.3 0.372423802819 0.00158381011954 70.1739767173
97.4 0.372107342644 0.00157838550528 70.0179033127
97.5 0.372088829668 0.00157298500855 69.9182116377
97.6 0.371982192652 0.00156760849754 69.8022237272
97.7 0.371952531189 0.00156225584131 69.700945138
97.8 0.371728842011 0.00155692690977 69.5636013202
97.9 0.371464680114 0.00155162157366 69.4190367481
98.0 0.371449293061 0.00154633970458 69.3212617205
98.1 0.371436123736 0.00154108117492 69.2241341879
98.2 0.371431357462 0.00153584585792 69.1288028399
98.3 0.371352089954 0.00153063362764 69.0198518224
98.4 0.371247184646 0.00152544435894 68.9064063629
98.5 0.371137273478 0.00152027792747 68.7923092182
98.6 0.371068750483 0.00151513420971 68.6861509275
98.7 0.371007737111 0.00151001308292 68.5816368155
98.8 0.370894739122 0.00150491442512 68.4677776292
98.9 0.370580305469 0.00149983811516 68.31705998
99.0 0.370426330232 0.00149478403263 68.1962591443
99.1 0.370278390314 0.0014897520579 68.0768628373
99.2 0.370189342366 0.0014847420721 67.9685702964
99.3 0.369965904042 0.00147975395712 67.8358970622
99.4 0.369663878334 0.00147478759561 67.6891599778
99.5 0.369425470497 0.00146984287095 67.5544202032
99.6 0.369308769332 0.00146491966728 67.4422375774
99.7 0.369321351608 0.00146001786947 67.3539031607
99.8 0.369225925362 0.0014551373631 67.2461037483
99.9 0.369136907314 0.00145027803452 67.1397282525
100.0 0.369018949708 0.00144543977075 67.0283505751
100.1 0.368706705692 0.00144062245955 66.8819976756
100.2 0.368509421996 0.0014358259894 66.7568311991
100.3 0.368487585478 0.00143105024946 66.6637092435
100.4 0.368493672219 0.00142629512961 66.5758505287
100.5 0.368455888918 0.0014215605204 66.4802805278
100.6 0.368300820069 0.0014168463131 66.3638015131
100.7 0.368263145432 0.00141215239963 66.268727568
100.8 0.367792013007 0.00140747867262 66.0959797893
100.9 0.367502218487 0.00140282502535 65.9562060942
101.0 0.367492934969 0.00139819135179 65.867050655
101.1 0.367367205848 0.00139357754655 65.7572587977
101.2 0.367223610798 0.00138898350491 65.6445346281
101.3 0.367167978843 0.00138440912282 65.5477828187
101.4 0.36709274758 0.00137985429687 65.4477632783
101.5 0.366994970554 0.00137531892427 65.343964474
101.6 0.366892315363 0.00137080290292 65.2395431003
101.7 0.36640571357 0.00136630613131 65.0671859113
101.8 0.366370640334 0.00136182850858 64.9753316682
101.9 0.366319308165 0.0013573699345 64.8808106877
102.0 0.366211317739 0.00135293030947 64.7764876716
102.1 0.36582450772 0.00134850953448 64.6231563936
102.2 0.365596874819 0.00134410751117 64.4982807448
102.3 0.365589822382 0.00133972414175 64.4125676806
102.4 0.365453721803 0.00133535932906 64.3043438683
102.5 0.365425888114 0.00133101297653 64.215400501
102.6 0.365212919018 0.00132668498821 64.0941706632
102.7 0.365118253926 0.0013223752687 63.9939644128
102.8 0.365104161557 0.00131808372322 63.9080952147
102.9 0.365101604525 0.00131381025756 63.824438595
103.0 0.365091240492 0.00130955477809 63.7396091578
103.1 0.365079026517 0.00130531719176 63.6546502647
103.2 0.364958907931 0.0013010974061 63.551095014
103.3 0.364529304593 0.00129689532917 63.3939598235
103.4 0.364031597641 0.00129271086964 63.2253764379
103.5 0.363875867338 0.00128854393671 63.1165204922
103.6 0.363770085412 0.00128439444014 63.016571892
103.7 0.363560266175 0.00128026229024 62.8988555038
103.8 0.36350933936 0.00127614739789 62.8088705203
103.9 0.363491650012 0.00127204967447 62.7248265656
104.0 0.363087601214 0.00126796903193 62.5743876268
104.1 0.363047828271 0.00126390538275 62.4870079079
104.2 0.363044630756 0.00125985863995 62.4061138066
104.3 0.362896792108 0.00125582871706 62.3005699715
104.4 0.362674190185 0.00125181552814 62.1824523579
104.5 0.362137396307 0.00124781898778 62.0108107652
104.6 0.361916263722 0.00124383901109 61.8935661755
104.7 0.361741892792 0.00123987551367 61.7845826286
104.8 0.361561221828 0.00123592841164 61.6747773898
104.9 0.361211790696 0.00123199762166 61.5364768549
105.0 0.360916468925 0.00122808306083 61.4077101295
105.1 0.360667130949 0.00122418464681 61.2870601884
105.2 0.360383352184 0.00122030229772 61.1608472967
105.3 0.360092035695 0.00121643593217 61.033652777
105.4 0.359916420669 0.00121258546929 60.9263423678
105.5 0.359649753308 0.00120875082866 60.8038858275
105.6 0.359518354896 0.00120493193037 60.7045552267
105.7 0.359221474475 0.00120112869498 60.5775454599
105.8 0.358920899091 0.0011973410435 60.4502103309
105.9 0.358904076387 0.00119356889746 60.3709025305
106.0 0.358736355789 0.00118981217882 60.2664203809
106.1 0.358285026527 0.00118607081003 60.1145925805
106.2 0.358139080702 0.00118234471398 60.0142973991
106.3 0.358129907187 0.00117863381404 59.9371211897
106.4 0.357827404728 0.00117493803403 59.8110850482
106.5 0.357341881846 0.00117125729821 59.6547884285
106.6 0.357179100093 0.00116759153131 59.5526715011
106.7 0.357189775829 0.00116394065849 59.4796714841
106.8 0.357164413574 0.00116030460537 59.4008372583
106.9 0.356846819894 0.00115668329799 59.2736361421
107.0 0.356325933477 0.00115307666285 59.1130044923
107.1 0.355815464197 0.00114948462688 58.9544771733
107.2 0.355601057813 0.00114590711742 58.8453155245
107.3 0.355408467018 0.00114234406226 58.7400087022
107.4 0.354941832064 0.00113879538961 58.5897053081
107.5 0.35460090525 0.00113526102811 58.4604779811
107.6 0.354421820547 0.0011317409068 58.3581979119
107.7 0.354139098028 0.00112823495517 58.2391058282
107.8 0.353895084864 0.00112474310309 58.1266448205
107.9 0.353615049626 0.00112126528087 58.0085310772
108.0 0.35328317071 0.00111780141919 57.8821935572
108.1 0.353094599932 0.00111435144919 57.7795971897
108.2 0.352713309852 0.00111091530237 57.6457352649
108.3 0.352217652143 0.00110749291065 57.493513525
108.4 0.352175882294 0.00110408420634 57.4156435686
108.5 0.352180312149 0.00110068912214 57.3454663509
108.6 0.351917403283 0.00109730759116 57.2319630749
108.7 0.351730920286 0.0010939395469 57.1311312128
108.8 0.351439167355 0.00109058492321 57.0134478606
108.9 0.350991616235 0.00108724365438 56.8707883065
109.0 0.350948559065 0.00108391567504 56.7939167348
109.1 0.350660609266 0.00108060092021 56.6776299403
109.2 0.350221415073 0.00107729932529 56.5371909897
109.3 0.349823407397 0.00107401082606 56.4037154101
109.4 0.349729897521 0.00107073535867 56.3195807462
109.5 0.349557787924 0.00106747285963 56.2229885192
109.6 0.349084463199 0.00106422326582 56.0782227592
109.7 0.34838975736 0.00106098651449 55.8982692639
109.8 0.348111247756 0.00105776254324 55.7854298935
109.9 0.347883711278 0.00105455129005 55.6810031234
110.0 0.34756607416 0.00105135269325 55.5624061021
110.1 0.347086265342 0.0010481666915 55.4181833287
110.2 0.346509644915 0.00104499322385 55.25885157
110.3 0.346213036199 0.00104183222967 55.1444861216
110.4 0.345983035663 0.0010386836487 55.0409740014
110.5 0.345808960178 0.00103554742101 54.9465783981
110.6 0.345528215994 0.00103242348702 54.8354626173
110.7 0.344941287033 0.00102931178749 54.6760625282
110.8 0.344558080725 0.00102621226352 54.5492802576
110.9 0.343803733096 0.00102312485654 54.364097191
111.0 0.343553462246 0.00102004950833 54.2589521069
111.1 0.343398103453 0.00101698616098 54.1690123549
111.2 0.343114750702 0.00101393475692 54.0591033667
111.3 0.342789451331 0.00101089523892 53.9428381519
111.4 0.342483436429 0.00100786755005 53.8298637786
111.5 0.342108212906 0.00100485163372 53.7062763278
111.6 0.341967988894 0.00100184743366 53.6198133117
111.7 0.341627177451 0.000998854893923 53.5021241566
111.8 0.34141012456 0.000995873958866 53.4040560804
111.9 0.341013977054 0.000992904573169 53.2782225661
112.0 0.340713939486 0.000989946681825 53.1676684464
112.1 0.340388539206 0.000987000230136 53.0534061975
112.2 0.340005169779 0.000984065163713 52.9303732215
112.3 0.339616273471 0.000981141428475 52.8067552654
112.4 0.339329016735 0.000978228970645 52.6991979586
112.5 0.338746935757 0.000975327736747 52.5461449249
112.6 0.338474523757 0.000972437673609 52.4414156105
112.7 0.33811472788 0.000969558728355 52.3233937537
112.8 0.337597495315 0.000966690848408 52.1812990182
112.9 0.337347493295 0.000963833981484 52.0807787219
113.0 0.337127807703 0.000960988075594 51.9851529598
113.1 0.336917897758 0.000958153079038 51.8912408169
113.2 0.336762069721 0.000955328940408 51.8058521828
113.3 0.336347465408 0.000952515608581 51.6808852503
113.4 0.336274336141 0.00094971303272 51.6086020087
113.5 0.33614742672 0.000946921162272 51.5282271409
113.6 0.335950564145 0.000944139946966 51.4373131197
113.7 0.335684147416 0.000941369336812 51.3359583162
113.8 0.33538684652 0.000938609282095 51.2301065275
113.9 0.335235295412 0.00093585973338 51.1467227158
114.0 0.335239049502 0.000933120641505 51.0871839377
114.1 0.334742733443 0.000930391957581 50.9516507116
114.2 0.33394102728 0.000927673632989 50.7699883334
114.3 0.33366937216 0.000924965619383 50.6692247402
114.4 0.333595512769 0.00092226786868 50.5986804939
114.5 0.333437468922 0.000919580333067 50.5155298387
114.6 0.332796304271 0.000916902964992 50.3594491705
114.7 0.33214031227 0.000914235717168 50.2014745462
114.8 0.331717273314 0.000911578542567 50.0790199236
114.9 0.331043068676 0.000908931394423 49.9189595321
115.0 0.330720989347 0.000906294226223 49.8122909848
115.1 0.330327025894 0.000903666991716 49.6950392045
115.2 0.330202200055 0.000901049644899 49.6184855418
115.3 0.329782804946 0.000898442140026 49.4978801537
115.4 0.329117598735 0.0008958444316 49.3406862939
115.5 0.328458372991 0.000893256474376 49.1847357504
115.6 0.327804878299 0.000890678223353 49.0299870658
115.7 0.327119831341 0.000888109633779 48.8708662013
115.8 0.326640771616 0.000885550661147 48.7428352342
115.9 0.326278498909 0.000883001261192 48.6324910385
116.0 0.326086519297 0.000880461389891 48.5477384498
116.1 0.32580156968 0.000877931003462 48.4493396293
116.2 0.32551498555 0.000875410058359 48.3509085442
116.3 0.325348633577 0.000872898511277 48.2705262292
116.4 0.325126902516 0.000870396319144 48.1821058009
116.5 0.324635615056 0.000867903439123 48.0539716278
116.6 0.32358678013 0.000865419828609 47.8436800059
116.7 0.323073323655 0.00086294544523 47.7129222595
116.8 0.322401265169 0.000860480246841 47.5590523184
116.9 0.322089777773 0.000858024191528 47.4586478819
117.0 0.32136255487 0.000855577237603 47.2972707343
117.1 0.32015715317 0.000853139343602 47.065950552
117.2 0.319373595554 0.000850710468287 46.8970874937
117.3 0.318557593987 0.000848290570642 46.7238359391
117.4 0.318070233749 0.000845879609873 46.5991121519
117.5 0.31759054869 0.000843477545405 46.4757805482
117.6 0.31718453626 0.00084108433688 46.3634834778
117.7 0.316853405617 0.000838699944161 46.2623599323
117.8 0.316485312946 0.000836324327324 46.1560606598
117.9 0.315844520619 0.000833957446659 46.0102626237
118.0 0.315318773217 0.000831599262672 45.881520563
118.1 0.314993320991 0.000829249736079 45.782167133
118.2 0.314175280931 0.000826908827806 45.6115107826
118.3 0.313483668478 0.000824576498988 45.4595598624
118.4 0.313190953404 0.000822252710971 45.3657183003
118.5 0.312913755674 0.000819937425303 45.2743193289
118.6 0.312449036754 0.000817630603741 45.1560110713
118.7 0.311996415608 0.000815332208244 45.0397016738
118.8 0.311459037111 0.000813042200976 44.9114182905
118.9 0.311315419528 0.000810760544299 44.8401246035
119.0 0.311191383354 0.00080848720078 44.7717942175
119.1 0.311021629665 0.00080622213318 44.6970330762
119.2 0.310602616022 0.000803965304462 44.5866446572
119.3 0.310372110435 0.000801716677783 44.5035195899
119.4 0.309581271141 0.000799476216497 44.3403120557
119.5 0.309058218444 0.000797243884151 44.2157674806
119.6 0.308936336297 0.000795019644487 44.1488174436
119.7 0.308605172072 0.000792803461437 44.0521290517
119.8 0.30790056943 0.000790595299125 43.9023957111
119.9 0.307343167053 0.000788395121862 43.7739483219
120.0 0.307063791773 0.00078620289415 43.6853281978
120.1 0.306536677618 0.000784018580678 43.5616859887
120.2 0.306110645338 0.00078184214632 43.4526542863
120.3 0.305674201919 0.000779673556136 43.3423755014
120.4 0.305129832194 0.000777512775368 43.2170423539
120.5 0.304688634231 0.000775359769443 43.1065707871
120.6 0.304047355469 0.000773214503967 42.9680556596
120.7 0.303025408259 0.00077107694473 42.7760981032
120.8 0.302430949411 0.000768947057698 42.6448317124
120.9 0.302108455539 0.000766824809017 42.5521493425
121.0 0.301659727755 0.000764710165009 42.4418985147
121.1 0.300966056304 0.000762603092174 42.2974542899
121.2 0.300459846911 0.000760503557187 42.179632845
121.3 0.300224702103 0.000758411526894 42.1000695628
121.4 0.299457431672 0.000756326968317 41.9461320089
121.5 0.298609101377 0.000754249848648 41.7811791166
121.6 0.297881312448 0.000752180135253 41.6334242708
121.7 0.297502149295 0.000750117795664 41.5346539851
121.8 0.297142472467 0.000748062797584 41.4388057214
121.9 0.296854336285 0.000746015108884 41.3531213397
122.0 0.296622261957 0.0007439746976 41.2754135525
122.1 0.29624454672 0.000741941531935 41.1776197565
122.2 0.295033519813 0.000739915580258 40.9643255263
122.3 0.294242946726 0.0007378968111 40.8098006015
122.4 0.293693153696 0.000735885193155 40.6889597557
122.5 0.293297590059 0.00073388069528 40.5897147898
122.6 0.292597470674 0.000731883286491 40.4485727196
122.7 0.292257002656 0.000729892935967 40.3573903885
122.8 0.291613461437 0.000727909613043 40.2245894766
122.9 0.291228075883 0.000725933287213 40.1276366015
123.0 0.291061232679 0.000723963928128 40.0609624635
123.1 0.290837251073 0.000722001505597 39.9865655586
123.2 0.290323867917 0.000720045989582 39.8725725344
123.3 0.289707750275 0.000718097350199 39.744721214
123.4 0.288891809991 0.000716155557719 39.5897518794
123.5 0.288116103705 0.000714220582565 39.4406145975
123.6 0.287295073893 0.000712292395311 39.2855911552
123.7 0.286680744561 0.000710370966682 39.1591260108
123.8 0.286231420008 0.000708456267553 39.0554373317
123.9 0.28582090137 0.000706548268949 38.9572505034
124.0 0.285317802358 0.000704646942039 38.8466592521
124.1 0.284697481808 0.000702752258144 38.7203525195
124.2 0.284246086021 0.000700864188729 38.6172566869
124.3 0.283880066043 0.000698982705404 38.5259582121
124.4 0.283331116366 0.000697107779923 38.4100459889
124.5 0.283092990267 0.000695239384187 38.3364636562
124.6 0.282399576056 0.000693377490237 38.201439455
124.7 0.281577344323 0.000691522070256 38.0492871714
124.8 0.281021372415 0.000689673096569 37.9333912183
124.9 0.280097699963 0.000687830541642 37.7681523425
125.0 0.279533527198 0.000685994378079 37.6516793197
125.1 0.278780674256 0.000684164578623 37.5100577832
125.2 0.278311638793 0.000682341116156 37.4068753031
125.3 0.27776288235 0.000680523963697 37.2931990407
125.4 0.277221170081 0.000678713094399 37.1806996058
125.5 0.275806915924 0.000676908481554 36.9515298398
125.6 0.274687182282 0.000675110098586 36.7622548693
125.7 0.273894416265 0.000673317919053 36.6170851993
125.8 0.27316545893 0.000671531916649 36.4807356931
125.9 0.272079361965 0.000669752065197 36.2970212889
126.0 0.271656476869 0.000667978338652 36.202069481
126.1 0.270786486175 0.000666210711103 36.0477892014
126.2 0.269852369444 0.000664449156764 35.8852985889
126.3 0.268972615232 0.000662693649984 35.7303639484
126.4 0.267715344912 0.000660944165235 35.5256513849
126.5 0.267065471345 0.000659200677122 35.4018780683
126.6 0.266381498583 0.000657463160372 35.2738412644
126.7 0.265547556886 0.000655731589842 35.1262275361
126.8 0.264907306947 0.000654005940514 35.0045099357
126.9 0.264372273815 0.000652286187494 34.8969279471
127.0 0.263750092436 0.000650572306012 34.7780716959
127.1 0.263415788055 0.000648864271422 34.6973756108
127.2 0.262640725912 0.0006471620592 34.5588438501
127.3 0.261695813903 0.000645465644947 34.39826824
127.4 0.261284731799 0.000643775004381 34.3081154562
127.5 0.260638066443 0.000642090113343 34.1872416348
127.6 0.259656303183 0.000640410947794 34.0227042478
127.7 0.259312898781 0.000638737483813 33.94205882
127.8 0.258402979551 0.000637069697599 33.7874983069
127.9 0.25787172446 0.000635407565469 33.682712544
128.0 0.25719290579 0.000633751063855 33.5588824488
128.1 0.256664469002 0.000632100169307 33.4549035404
128.2 0.256321883023 0.000630454858492 33.3753320488
128.3 0.255647150202 0.00062881510819 33.2527142488
128.4 0.254865026155 0.000627180895296 33.1163890277
128.5 0.254182626762 0.000625552196822 32.9932833181
128.6 0.253803480905 0.000623928989888 32.909746747
128.7 0.252970555706 0.000622311251731 32.7675964137
128.8 0.252052951863 0.000620698959697 32.6147756551
128.9 0.251440868846 0.000619092091246 32.50175584
129.0 0.251081229085 0.000617490623946 32.4215592956
129.1 0.250755095347 0.000615894535477 32.3458423889
129.2 0.250075087035 0.000614303803627 32.2246733935
129.3 0.249441870966 0.000612718406294 32.1097700928
129.4 0.248630999933 0.000611138321484 31.9722507476
129.5 0.247626046166 0.000609563527311 31.810075339
129.6 0.246340733569 0.000607994001993 31.6122488719
129.7 0.245758452555 0.000606429723859 31.5049474713
129.8 0.245173657008 0.00060487067134 31.3975370186
129.9 0.244543843895 0.000603316822975 31.2845805141
130.0 0.243682450921 0.000601768157404 31.1422528149
130.1 0.242816332943 0.000600224653375 30.9996066141
130.2 0.241765356404 0.000598686289737 30.8336695878
130.3 0.240925747346 0.000597153045443 30.6949946341
130.4 0.240075318423 0.000595624899547 30.5552193028
130.5 0.239243966224 0.000594101831204 30.4181482346
130.6 0.238595019007 0.000592583819674 30.3045179315
130.7 0.237895647139 0.000591070844313 30.1847144909
130.8 0.236948665662 0.00058956288458 30.0337633519
130.9 0.23634376092 0.000588059920032 29.9264277915
131.0 0.235460754239 0.000586561930324 29.7841258772
131.1 0.234917226465 0.000585068895212 29.6850046908
131.2 0.234157826612 0.000583580794547 29.5588275313
131.3 0.233497513435 0.00058209760828 29.4453954398
131.4 0.232887898888 0.000580619316455 29.338573741
131.5 0.232137946134 0.000579145899215 29.2143005511
131.6 0.231599759418 0.000577677336798 29.1168960712
131.7 0.230956395049 0.000576213609537 29.0064725378
131.8 0.22980347009 0.000574754697859 28.8323337573
131.9 0.228909585814 0.000573300582285 28.691008726
132.0 0.228239722346 0.00057185124343 28.578012808
132.1 0.227790379148 0.000570406662001 28.4928220595
132.2 0.2269063638 0.0005689668188 28.3534813182
132.3 0.225833486835 0.000567531694717 28.1908397491
132.4 0.224269535995 0.000566101270737 27.9672811616
132.5 0.22301094006 0.000564675527934 27.7822078118
132.6 0.221846975154 0.000563254447472 27.6092782299
132.7 0.220863260357 0.000561838010607 27.4591004789
132.8 0.220087120907 0.000560426198683 27.3349996498
132.9 0.219391640338 0.000559018993133 27.2211497572
133.0 0.218893369515 0.000557616375477 27.1319664712
133.1 0.218338187812 0.000556218327327 27.0359086937
133.2 0.217752540327 0.000554824830378 26.9362685339
133.3 0.217076797458 0.000553435866414 26.8256880274
133.4 0.216559741318 0.000552051417306 26.7349130745
133.5 0.215836477443 0.000550671465011 26.6188820876
133.6 0.214993796531 0.000549295991569 26.4883641947
133.7 0.214435083863 0.000547924979109 26.3930524201
133.8 0.214306229751 0.000546558409842 26.3507795625
133.9 0.213681110936 0.000545196266064 26.2476256711
134.0 0.21248755714 0.000543838530153 26.0749171932
134.1 0.211888833383 0.000542485184574 25.9754674352
134.2 0.210663318555 0.000541136211871 25.799448007
134.3 0.20976869418 0.000539791594672 25.6642561808
134.4 0.208876567886 0.000538451315688 25.5296327131
134.5 0.208377391145 0.000537115357708 25.4432508318
134.6 0.207568369946 0.000535783703605 25.3192395976
134.7 0.206674566583 0.000534456336333 25.1851372121
134.8 0.205884712259 0.000533133238923 25.0639495806
134.9 0.204951253369 0.000531814394489 24.9255316297
135.0 0.203916339324 0.000530499786221 24.7750557472
135.1 0.203042573936 0.00052918939739 24.6444316324
135.2 0.202413771716 0.000527883211346 24.5437633439
135.3 0.201872302076 0.000526581211515 24.4538673566
135.4 0.201002591465 0.000525283381402 24.3244209457
135.5 0.200183318593 0.000523989704587 24.201322169
135.6 0.199437144873 0.00052270016473 24.0872892728
135.7 0.198709906357 0.000521414745564 23.9757602331
135.8 0.19802972767 0.0005201334309 23.870117814
135.9 0.197832102947 0.000518856204625 23.8227865518
136.0 0.197517495027 0.000517583050698 23.7614695192
136.1 0.196771315532 0.000516313953155 23.6484001503
136.2 0.196011843857 0.000515048896106 23.5339514897
136.3 0.195252684938 0.000513787863735 23.4197595472
136.4 0.194520400816 0.000512530840298 23.3090065318
136.5 0.193546940209 0.000511277810127 23.1695938601
136.6 0.192246261435 0.000510028757623 22.9913159616
136.7 0.190724363156 0.000508783667262 22.7869514974
136.8 0.18987070397 0.000507542523591 22.662741972
136.9 0.188420775233 0.000506305311227 22.4676696586
137.0 0.187618330411 0.000505072014862 22.3501051636
137.1 0.186902977213 0.000503842619255 22.243129688
137.2 0.186073021042 0.000502617109236 22.1227322732
137.3 0.185269809029 0.000501395469707 22.0057410418
137.4 0.184419925931 0.000500177685638 21.8834346001
137.5 0.183547942603 0.000498963742068 21.7587413321
137.6 0.182139288435 0.000497753624106 21.5707277831
137.7 0.181251881375 0.000496547316928 21.4447460308
137.8 0.18048037994 0.000495344805781 21.3327040812
137.9 0.179345201447 0.000494146075975 21.1779300031
138.0 0.178396516804 0.000492951112893 21.0454520528
138.1 0.177413076889 0.00049175990198 20.9091299946
138.2 0.176410078606 0.000490572428752 20.7707644104
138.3 0.175732714988 0.000489388678788 20.6709654651
138.4 0.175105084886 0.000488208637735 20.5771991617
138.5 0.174389487512 0.000487032291305 20.4732820279
138.6 0.173996140975 0.000485859625275 20.4073565185
138.7 0.173344562837 0.000484690625488 20.3112957642
138.8 0.172610940582 0.00048352527785 20.2058115642
138.9 0.171463909879 0.000482363568332 20.0521792143
139.0 0.170532915861 0.000481205482971 19.9240787492
139.1 0.169336856132 0.000480051007863 19.7652814239
139.2 0.167770793641 0.000478900129172 19.5636393317
139.3 0.16686943643 0.000477752833122 19.4398167721
139.4 0.16624796226 0.000476609106 19.3488018895
139.5 0.165199848805 0.000475468934157 19.2083504788
139.6 0.163852463963 0.000474332304004 19.0334002357
139.7 0.162875776998 0.000473199202015 18.9018007299
139.8 0.161697936578 0.000472069614723 18.7471274657
139.9 0.160571170156 0.000470943528725 18.5986618707
140.0 0.159813923339 0.000469820930677 18.4932358982
140.1 0.158377704049 0.000468701807295 18.3095135303
140.2 0.157210868458 0.000467586145357 18.1572508082
140.3 0.156444549751 0.000466473931697 18.0514886464
140.4 0.155839081318 0.000465365153212 17.964466279
140.5 0.155394508234 0.000464259796857 17.8961353605
140.6 0.154413185009 0.000463157849646 17.766174169
140.7 0.153558494369 0.000462059298649 17.6510123453
140.8 0.15227436576 0.000460964130998 17.4867501891
140.9 0.151268526177 0.00045987233388 17.354723901
141.0 0.149974001513 0.000458783894541 17.1898557491
141.1 0.149284045788 0.000457698800285 17.0945259598
141.2 0.148557879956 0.000456617038469 16.9952306692
141.3 0.147476609587 0.000455538596512 16.8555338458
141.4 0.146646570987 0.000454463461886 16.7447846951
141.5 0.145509215489 0.00045339162212 16.5991838003
141.6 0.144252580827 0.000452323064799 16.440260562
141.7 0.142970044574 0.000451257777563 16.2786849181
141.8 0.141687609379 0.000450195748107 16.117422382
141.9 0.140949375722 0.000449136964182 16.0183069218
142.0 0.14001012499 0.000448081413592 15.8965516644
142.1 0.139190868199 0.000447029084198 15.78863349
142.2 0.138311080046 0.000445979963913 15.6740554025
142.3 0.137007411321 0.000444934040703 15.5116986344
142.4 0.135996917262 0.000443891302591 15.3828052705
142.5 0.134806269927 0.000442851737649 15.2337925712
142.6 0.133199846206 0.000441815334005 15.0381157469
142.7 0.131697749988 0.000440782079839 14.8545703638
142.8 0.130926891402 0.000439751963382 14.7537670696
142.9 0.130171164059 0.00043872497292 14.6548529839
143.0 0.129353024189 0.000437701096788 14.5491010585
143.1 0.127479096196 0.000436680323375 14.3249043415
143.2 0.126315664707 0.000435662641119 14.1808881546
143.3 0.125591067521 0.000434648038512 14.0863579738
143.4 0.124271350779 0.000433636504093 13.9253147503
143.5 0.122981401005 0.000432628026456 13.7679015813
143.6 0.121789594435 0.000431622594241 13.6217560657
143.7 0.120612248361 0.000430620196142 13.4774958895
143.8 0.119081763946 0.0004296208209 13.2940777959
143.9 0.117522901028 0.000428624457307 13.1078331177
144.0 0.115797587753 0.000427631094204 12.9033844501
144.1 0.114457295508 0.000426640720481 12.7421762969
144.2 0.113008492949 0.000425653325076 12.5691959971
144.3 0.111499329677 0.000424668896976 12.3898268424
144.4 0.110015714883 0.000423687425218 12.2136241198
144.5 0.10836189973 0.000422708898885 12.0188678243
144.6 0.107284417814 0.000421733307109 11.8883340625
144.7 0.105708085092 0.000420760639068 11.7028122586
144.8 0.104240715139 0.000419790883989 11.5296831711
144.9 0.102960755211 0.000418824031146 11.3775812849
145.0 0.10169947569 0.000417860069859 11.2278203459
145.1 0.100449706133 0.000416898989495 11.0796030691
145.2 0.0989988541299 0.000415940779467 10.9094979733
145.3 0.0975219348633 0.000414985429235 10.7368342834
145.4 0.0968620381779 0.000414032928304 10.6543549825
145.5 0.0958782488635 0.000413083266226 10.5364314596
145.6 0.0948333988324 0.000412136432598 10.4120186542
145.7 0.0935374328566 0.00041119241706 10.2602870504
145.8 0.0921104736599 0.000410251209301 10.0944764102
145.9 0.090553943714 0.000409312799051 9.91478136648
146.0 0.0894231821098 0.000408377176087 9.78198871313
146.1 0.0883972958662 0.000407444330229 9.66089928308
146.2 0.0870576756808 0.000406514251343 9.5057732975
146.3 0.0859732155712 0.000405586929336 9.37876464352
146.4 0.085018334902 0.000404662354161 9.26610924681
146.5 0.0839451649639 0.000403740515813 9.14077741853
146.6 0.0831298613106 0.000402821404332 9.04372607948
146.7 0.0816590180911 0.000401905009799 8.87559884384
146.8 0.080562588343 0.000400991322339 8.74843482021
146.9 0.0789003337573 0.000400080332119 8.5601130051
147.0 0.0777415764433 0.000399172029349 8.42670864686
147.1 0.0766271746665 0.00039826640428 8.29834899361
147.2 0.0746498293922 0.000397363447207 8.0768537328
147.3 0.0729657688527 0.000396463148466 7.8874632058
147.4 0.0712084491662 0.000395565498432 7.69050331264
147.5 0.0698690955147 0.000394670487525 7.53899886562
147.6 0.0685582872062 0.000393778106203 7.39084516423
147.7 0.0672385494333 0.000392888344968 7.24199692284
147.8 0.0656252401532 0.000392001194361 7.06182625259
147.9 0.0642102592858 0.000391116644962 6.90330297815
148.0 0.0629622314564 0.000390234687395 6.76299827932
148.1 0.0619071355036 0.000389355312321 6.64365076445
148.2 0.0600172026946 0.000388478510443 6.43500695949
148.3 0.0581881526342 0.000387604272501 6.23326069715
148.4 0.0556982289709 0.000386732589278 5.96114688226
148.5 0.0538366174963 0.000385863451593 5.75670774527
148.6 0.0525012446415 0.000384996850307 5.60885559295
148.7 0.0511184004291 0.000384132776318 5.45620176643
148.8 0.0497353553905 0.000383271220564 5.30380027871
148.9 0.0487885000978 0.00038241217402 5.19814555142
149.0 0.0475776972607 0.000381555627701 5.06458288358
149.1 0.0462061237324 0.000380701572659 4.91416074663
149.2 0.0446527355546 0.000379849999985 4.74468856493
149.3 0.0432557166323 0.000379000900808 4.59212005063
149.4 0.041500866932 0.000378154266292 4.40187020238
149.5 0.0399004566021 0.000377310087641 4.22832666018
149.6 0.0384954106846 0.000376468356097 4.07577767286
149.7 0.0371983596697 0.000375629062936 3.93492483478
149.8 0.0353234575021 0.000374792199474 3.73325143206
149.9 0.0338435385793 0.00037395775706 3.57364527208
150.0 0.0322293075037 0.000373125727084 3.40015371371
150.1 0.0307181008092 0.00037229610097 3.23783041032
150.2 0.0297098739611 0.000371468870177 3.12876513623
150.3 0.0283090583422 0.000370644026202 2.97858675168
150.4 0.0273456532393 0.000369821560577 2.87465721901
150.5 0.0267029727917 0.00036900146487 2.80459766007
150.6 0.0261768140656 0.000368183730684 2.74688950418
150.7 0.0248421179724 0.000367368349658 2.60451417725
150.8 0.023835804705 0.000366555313465 2.49678924434
150.9 0.0230129557308 0.000365744613814 2.40845582331
151.0 0.0218318428128 0.000364936242448 2.28281727538
151.1 0.0213683942804 0.000364130191145 2.23237613101
151.2 0.020088352468 0.000363326451719 2.09678926134
151.3 0.018679865945 0.000362525016014 1.94804711174
151.4 0.0178716138086 0.000361725875913 1.86210841371
151.5 0.0171591102663 0.000360929023331 1.78628890642
151.6 0.0162203488549 0.000360134450215 1.68707008547
151.7 0.0152799516449 0.000359342148548 1.58785618719
151.8 0.014422449791 0.000358552110346 1.4974237805
151.9 0.0133741921946 0.000357764327657 1.38736267742
152.0 0.012711032879 0.000356978792565 1.31740800572
152.1 0.0123518220794 0.000356195497183 1.2790506551
152.2 0.0115835911863 0.00035541443366 1.19844318897
152.3 0.0108891546135 0.000354635594177 1.12560537398
152.4 0.0101912476493 0.000353858970946 1.05253698012
152.5 0.00939859668381 0.000353084556213 0.96982033679
152.6 0.0089400259794 0.000352312342255 0.921691473357
152.7 0.00832435987258 0.000351542321383 0.857464998742
152.8 0.00768092249631 0.000350774485938 0.790492861224
152.9 0.00714531886113 0.000350008828293 0.734726065902
153.0 0.00661725978789 0.000349245340852 0.679831888176
153.1 0.00622613337069 0.000348484016053 0.639089272925
153.2 0.00577425749109 0.000347724846363 0.59218753952
153.3 0.00517362305387 0.00034696782428 0.530124846474
153.4 0.00510319252815 0.000346212942334 0.522451325567
153.5 0.00493336548206 0.000345460193086 0.504624027988
153.6 0.00440234208413 0.000344709569127 0.449913910951
153.7 0.00363535441545 0.000343961063079 0.371204847335
153.8 0.00353749425476 0.000343214667593 0.360897702812
153.9 0.00318985441323 0.000342470375352 0.325147916539
154.0 0.00283207714435 0.000341728179069 0.288427839765
154.1 0.00259531572669 0.000340988071486 0.264085481919
154.2 0.00227517362821 0.000340250045375 0.231308370088
154.3 0.002244332682 0.000339514093538 0.227974754556
154.4 0.0022449410019 0.000338780208807 0.227838660884
154.5 0.00220830839833 0.000338048384043 0.223926462779
154.6 0.00211260168188 0.000337318612134 0.214035971956
154.7 0.00198503499927 0.000336590886002 0.200937508105
154.8 0.00146389544598 0.000335865198594 0.148056283062
154.9 0.0011901106526 0.000335141542886 0.120261968082
155.0 0.00119093851715 0.000334419911886 0.120241595369
155.1 0.00101788661523 0.000333700298626 0.102680850811
155.2 0.000925791829727 0.000332982696171 0.0933100252794
155.3 0.0008112445778 0.00033226709761 0.0816943309558
155.4 0.000689183964272 0.000331553496063 0.0693426873389
155.5 0.000557677155233 0.000330841884678 0.0560626976199
155.6 0.000529481310653 0.000330132256629 0.0531823648466
155.7 0.000410386732488 0.00032942460512 0.0411847500957
155.8 0.000397755726039 0.000328718923381 0.0398828253738
155.9 0.000397503644626 0.000328015204669 0.0398232944228
156.0 0.000398044351946 0.000327313442271 0.0398432143723
156.1 0.000340316367651 0.0003266136295 0.0340355529836
156.2 0.000265154548217 0.000325915759694 0.026495759035
156.3 0.000249558270054 0.000325219826221 0.0249159126639
156.4 0.000132740256149 0.000324525822474 0.0132414416805
156.5 7.29876124693e-05 0.000323833741875 0.00727461147591
156.6 0.0 0.000323143577869 0.0
156.7 0.0 0.000322455323931 0.0
156.8 0.0 0.00032176897356 0.0
156.9 0.0 0.000321084520283 0.0
157.0 0.0 0.000320401957651 0.0
157.1 0.0 0.000319721279244 0.0
157.2 0.0 0.000319042478665 0.0
157.3 0.0 0.000318365549544 0.0
157.4 0.0 0.000317690485536 0.0
157.5 0.0 0.000317017280324 0.0
157.6 0.0 0.000316345927613 0.0
157.7 0.0 0.000315676421134 0.0
157.8 0.0 0.000315008754646 0.0
157.9 0.0 0.000314342921929 0.0
158.0 0.0 0.000313678916792 0.0
158.1 0.0 0.000313016733065 0.0
158.2 0.0 0.000312356364605 0.0
158.3 0.0 0.000311697805292 0.0
158.4 0.0 0.000311041049034 0.0
158.5 0.0 0.000310386089758 0.0
158.6 0.0 0.00030973292142 0.0
158.7 0.0 0.000309081537998 0.0
158.8 0.0 0.000308431933493 0.0
158.9 0.0 0.000307784101932 0.0
159.0 0.0 0.000307138037366 0.0
159.1 0.0 0.000306493733867 0.0
159.2 0.0 0.000305851185533 0.0
159.3 0.0 0.000305210386484 0.0
159.4 0.0 0.000304571330865 0.0
159.5 0.0 0.000303934012844 0.0
159.6 0.0 0.000303298426609 0.0
159.7 0.0 0.000302664566376 0.0
159.8 0.0 0.000302032426381 0.0
159.9 0.0 0.000301402000882 0.0
160.0 0.0 0.000300773284162 0.0
160.1 0.0 0.000300146270526 0.0
160.2 0.0 0.0002995209543 0.0
160.3 0.0 0.000298897329835 0.0
160.4 0.0 0.000298275391503 0.0
160.5 0.0 0.000297655133697 0.0
160.6 0.0 0.000297036550833 0.0
160.7 0.0 0.000296419637351 0.0
160.8 0.0 0.00029580438771 0.0
160.9 0.0 0.000295190796392 0.0
161.0 0.0 0.000294578857901 0.0
161.1 0.0 0.000293968566763 0.0
161.2 0.0 0.000293359917524 0.0
161.3 0.0 0.000292752904752 0.0
161.4 0.0 0.000292147523037 0.0
161.5 0.0 0.00029154376699 0.0
161.6 0.0 0.000290941631243 0.0
161.7 0.0 0.000290341110448 0.0
161.8 0.0 0.000289742199281 0.0
161.9 0.0 0.000289144892434 0.0
162.0 0.0 0.000288549184625 0.0
162.1 0.0 0.000287955070588 0.0
162.2 0.0 0.000287362545082 0.0
162.3 0.0 0.000286771602882 0.0
162.4 0.0 0.000286182238787 0.0
162.5 0.0 0.000285594447614 0.0
162.6 0.0 0.000285008224202 0.0
162.7 0.0 0.000284423563408 0.0
162.8 0.0 0.000283840460111 0.0
162.9 0.0 0.000283258909209 0.0
163.0 0.0 0.000282678905619 0.0
163.1 0.0 0.000282100444279 0.0
163.2 0.0 0.000281523520147 0.0
163.3 0.0 0.0002809481282 0.0
163.4 0.0 0.000280374263433 0.0
163.5 0.0 0.000279801920863 0.0
163.6 0.0 0.000279231095523 0.0
163.7 0.0 0.00027866178247 0.0
163.8 0.0 0.000278093976776 0.0
163.9 0.0 0.000277527673533 0.0
164.0 0.0 0.000276962867853 0.0
164.1 0.0 0.000276399554866 0.0
164.2 0.0 0.000275837729721 0.0
164.3 0.0 0.000275277387585 0.0
164.4 0.0 0.000274718523646 0.0
164.5 0.0 0.000274161133108 0.0
164.6 0.0 0.000273605211194 0.0
164.7 0.0 0.000273050753147 0.0
164.8 0.0 0.000272497754225 0.0
164.9 0.0 0.000271946209708 0.0
165.0 0.0 0.000271396114891 0.0
165.1 0.0 0.00027084746509 0.0
165.2 0.0 0.000270300255636 0.0
165.3 0.0 0.00026975448188 0.0
165.4 0.0 0.000269210139189 0.0
165.5 0.0 0.000268667222951 0.0
165.6 0.0 0.000268125728567 0.0
165.7 0.0 0.000267585651459 0.0
165.8 0.0 0.000267046987066 0.0
165.9 0.0 0.000266509730844 0.0
166.0 0.0 0.000265973878266 0.0
166.1 0.0 0.000265439424822 0.0
166.2 0.0 0.00026490636602 0.0
166.3 0.0 0.000264374697385 0.0
166.4 0.0 0.000263844414459 0.0
166.5 0.0 0.000263315512801 0.0
166.6 0.0 0.000262787987987 0.0
166.7 0.0 0.000262261835609 0.0
166.8 0.0 0.000261737051276 0.0
166.9 0.0 0.000261213630615 0.0
167.0 0.0 0.000260691569268 0.0
167.1 0.0 0.000260170862894 0.0
167.2 0.0 0.000259651507168 0.0
167.3 0.0 0.000259133497783 0.0
167.4 0.0 0.000258616830447 0.0
167.5 0.0 0.000258101500885 0.0
167.6 0.0 0.000257587504836 0.0
167.7 0.0 0.000257074838057 0.0
167.8 0.0 0.000256563496322 0.0
167.9 0.0 0.000256053475419 0.0
168.0 0.0 0.000255544771153 0.0
168.1 0.0 0.000255037379344 0.0
168.2 0.0 0.000254531295827 0.0
168.3 0.0 0.000254026516456 0.0
168.4 0.0 0.000253523037096 0.0
168.5 0.0 0.000253020853632 0.0
168.6 0.0 0.000252519961962 0.0
168.7 0.0 0.000252020357999 0.0
168.8 0.0 0.000251522037672 0.0
168.9 0.0 0.000251024996927 0.0
169.0 0.0 0.000250529231722 0.0
169.1 0.0 0.000250034738033 0.0
169.2 0.0 0.000249541511849 0.0
169.3 0.0 0.000249049549174 0.0
169.4 0.0 0.00024855884603 0.0
169.5 0.0 0.000248069398451 0.0
169.6 0.0 0.000247581202485 0.0
169.7 0.0 0.000247094254197 0.0
169.8 0.0 0.000246608549667 0.0
169.9 0.0 0.000246124084987 0.0
170.0 0.0 0.000245640856266 0.0
170.1 0.0 0.000245158859627 0.0
170.2 0.0 0.000244678091205 0.0
170.3 0.0 0.000244198547154 0.0
170.4 0.0 0.000243720223638 0.0
170.5 0.0 0.000243243116837 0.0
170.6 0.0 0.000242767222946 0.0
170.7 0.0 0.000242292538173 0.0
170.8 0.0 0.00024181905874 0.0
170.9 0.0 0.000241346780883 0.0
171.0 0.0 0.000240875700853 0.0
171.1 0.0 0.000240405814914 0.0
171.2 0.0 0.000239937119344 0.0
171.3 0.0 0.000239469610434 0.0
171.4 0.0 0.00023900328449 0.0
171.5 0.0 0.000238538137832 0.0
171.6 0.0 0.000238074166792 0.0
171.7 0.0 0.000237611367715 0.0
171.8 0.0 0.000237149736963 0.0
171.9 0.0 0.000236689270907 0.0
172.0 0.0 0.000236229965935 0.0
172.1 0.0 0.000235771818447 0.0
172.2 0.0 0.000235314824854 0.0
172.3 0.0 0.000234858981584 0.0
172.4 0.0 0.000234404285075 0.0
172.5 0.0 0.000233950731781 0.0
172.6 0.0 0.000233498318167 0.0
172.7 0.0 0.000233047040711 0.0
172.8 0.0 0.000232596895904 0.0
172.9 0.0 0.000232147880251 0.0
173.0 0.0 0.000231699990269 0.0
173.1 0.0 0.000231253222487 0.0
173.2 0.0 0.000230807573447 0.0
173.3 0.0 0.000230363039706 0.0
173.4 0.0 0.00022991961783 0.0
173.5 0.0 0.0002294773044 0.0
173.6 0.0 0.000229036096009 0.0
173.7 0.0 0.000228595989261 0.0
173.8 0.0 0.000228156980774 0.0
173.9 0.0 0.000227719067178 0.0
174.0 0.0 0.000227282245115 0.0
174.1 0.0 0.000226846511238 0.0
174.2 0.0 0.000226411862216 0.0
174.3 0.0 0.000225978294726 0.0
174.4 0.0 0.000225545805459 0.0
174.5 0.0 0.000225114391117 0.0
174.6 0.0 0.000224684048416 0.0
174.7 0.0 0.000224254774081 0.0
174.8 0.0 0.000223826564851 0.0
174.9 0.0 0.000223399417477 0.0
175.0 0.0 0.00022297332872 0.0
175.1 0.0 0.000222548295355 0.0
175.2 0.0 0.000222124314165 0.0
175.3 0.0 0.00022170138195 0.0
175.4 0.0 0.000221279495516 0.0
175.5 0.0 0.000220858651684 0.0
175.6 0.0 0.000220438847286 0.0
175.7 0.0 0.000220020079164 0.0
175.8 0.0 0.000219602344174 0.0
175.9 0.0 0.00021918563918 0.0
176.0 0.0 0.00021876996106 0.0
176.1 0.0 0.000218355306702 0.0
176.2 0.0 0.000217941673004 0.0
176.3 0.0 0.000217529056879 0.0
176.4 0.0 0.000217117455247 0.0
176.5 0.0 0.000216706865042 0.0
176.6 0.0 0.000216297283206 0.0
176.7 0.0 0.000215888706694 0.0
176.8 0.0 0.000215481132473 0.0
176.9 0.0 0.000215074557518 0.0
177.0 0.0 0.000214668978817 0.0
177.1 0.0 0.000214264393368 0.0
177.2 0.0 0.000213860798179 0.0
177.3 0.0 0.00021345819027 0.0
177.4 0.0 0.000213056566671 0.0
177.5 0.0 0.000212655924423 0.0
177.6 0.0 0.000212256260577 0.0
177.7 0.0 0.000211857572195 0.0
177.8 0.0 0.000211459856349 0.0
177.9 0.0 0.000211063110122 0.0
178.0 0.0 0.000210667330606 0.0
178.1 0.0 0.000210272514906 0.0
178.2 0.0 0.000209878660135 0.0
178.3 0.0 0.000209485763416 0.0
178.4 0.0 0.000209093821885 0.0
178.5 0.0 0.000208702832684 0.0
178.6 0.0 0.00020831279297 0.0
178.7 0.0 0.000207923699906 0.0
178.8 0.0 0.000207535550667 0.0
178.9 0.0 0.000207148342438 0.0
179.0 0.0 0.000206762072412 0.0
179.1 0.0 0.000206376737796 0.0
179.2 0.0 0.000205992335802 0.0
179.3 0.0 0.000205608863656 0.0
179.4 0.0 0.000205226318591 0.0
179.5 0.0 0.000204844697852 0.0
179.6 0.0 0.000204463998691 0.0
179.7 0.0 0.000204084218371 0.0
179.8 0.0 0.000203705354167 0.0
179.9 0.0 0.000203327403359 0.0
180.0 0.0 0.000202950363241 0.0
180.1 0.0 0.000202574231113 0.0
180.2 0.0 0.000202199004287 0.0
180.3 0.0 0.000201824680084 0.0
180.4 0.0 0.000201451255832 0.0
180.5 0.0 0.000201078728872 0.0
180.6 0.0 0.000200707096552 0.0
180.7 0.0 0.000200336356229 0.0
180.8 0.0 0.000199966505272 0.0
180.9 0.0 0.000199597541056 0.0
181.0 0.0 0.000199229460967 0.0
181.1 0.0 0.000198862262399 0.0
181.2 0.0 0.000198495942757 0.0
181.3 0.0 0.000198130499454 0.0
181.4 0.0 0.00019776592991 0.0
181.5 0.0 0.000197402231558 0.0
181.6 0.0 0.000197039401837 0.0
181.7 0.0 0.000196677438196 0.0
181.8 0.0 0.000196316338092 0.0
181.9 0.0 0.000195956098993 0.0
182.0 0.0 0.000195596718373 0.0
182.1 0.0 0.000195238193717 0.0
182.2 0.0 0.000194880522517 0.0
182.3 0.0 0.000194523702276 0.0
182.4 0.0 0.000194167730503 0.0
182.5 0.0 0.000193812604718 0.0
182.6 0.0 0.000193458322448 0.0
182.7 0.0 0.000193104881229 0.0
182.8 0.0 0.000192752278606 0.0
182.9 0.0 0.000192400512132 0.0
183.0 0.0 0.000192049579369 0.0
183.1 0.0 0.000191699477886 0.0
183.2 0.0 0.000191350205263 0.0
183.3 0.0 0.000191001759086 0.0
183.4 0.0 0.00019065413695 0.0
183.5 0.0 0.000190307336459 0.0
183.6 0.0 0.000189961355225 0.0
183.7 0.0 0.000189616190867 0.0
183.8 0.0 0.000189271841014 0.0
183.9 0.0 0.000188928303302 0.0
184.0 0.0 0.000188585575377 0.0
184.1 0.0 0.000188243654889 0.0
184.2 0.0 0.000187902539501 0.0
184.3 0.0 0.00018756222688 0.0
184.4 0.0 0.000187222714704 0.0
184.5 0.0 0.000186884000657 0.0
184.6 0.0 0.000186546082432 0.0
184.7 0.0 0.00018620895773 0.0
184.8 0.0 0.000185872624259 0.0
184.9 0.0 0.000185537079735 0.0
185.0 0.0 0.000185202321883 0.0
185.1 0.0 0.000184868348435 0.0
185.2 0.0 0.000184535157129 0.0
185.3 0.0 0.000184202745714 0.0
185.4 0.0 0.000183871111945 0.0
185.5 0.0 0.000183540253585 0.0
185.6 0.0 0.000183210168403 0.0
185.7 0.0 0.000182880854179 0.0
185.8 0.0 0.000182552308697 0.0
185.9 0.0 0.000182224529751 0.0
186.0 0.0 0.000181897515142 0.0
186.1 0.0 0.000181571262677 0.0
186.2 0.0 0.000181245770173 0.0
186.3 0.0 0.000180921035452 0.0
186.4 0.0 0.000180597056345 0.0
186.5 0.0 0.000180273830689 0.0
186.6 0.0 0.000179951356331 0.0
186.7 0.0 0.000179629631121 0.0
186.8 0.0 0.000179308652921 0.0
186.9 0.0 0.000178988419597 0.0
187.0 0.0 0.000178668929023 0.0
187.1 0.0 0.000178350179082 0.0
187.2 0.0 0.00017803216766 0.0
187.3 0.0 0.000177714892655 0.0
187.4 0.0 0.000177398351969 0.0
187.5 0.0 0.000177082543512 0.0
187.6 0.0 0.0001767674652 0.0
187.7 0.0 0.00017645311496 0.0
187.8 0.0 0.00017613949072 0.0
187.9 0.0 0.000175826590419 0.0
188.0 0.0 0.000175514412003 0.0
188.1 0.0 0.000175202953423 0.0
188.2 0.0 0.000174892212637 0.0
188.3 0.0 0.000174582187613 0.0
188.4 0.0 0.000174272876321 0.0
188.5 0.0 0.000173964276742 0.0
188.6 0.0 0.000173656386861 0.0
188.7 0.0 0.000173349204672 0.0
188.8 0.0 0.000173042728174 0.0
188.9 0.0 0.000172736955373 0.0
189.0 0.0 0.000172431884282 0.0
189.1 0.0 0.000172127512922 0.0
189.2 0.0 0.000171823839318 0.0
189.3 0.0 0.000171520861503 0.0
189.4 0.0 0.000171218577516 0.0
189.5 0.0 0.000170916985405 0.0
189.6 0.0 0.00017061608322 0.0
189.7 0.0 0.000170315869023 0.0
189.8 0.0 0.000170016340877 0.0
189.9 0.0 0.000169717496855 0.0
190.0 0.0 0.000169419335035 0.0
190.1 0.0 0.000169121853502 0.0
190.2 0.0 0.000168825050348 0.0
190.3 0.0 0.00016852892367 0.0
190.4 0.0 0.000168233471572 0.0
190.5 0.0 0.000167938692164 0.0
190.6 0.0 0.000167644583563 0.0
190.7 0.0 0.000167351143891 0.0
190.8 0.0 0.000167058371278 0.0
190.9 0.0 0.000166766263858 0.0
191.0 0.0 0.000166474819772 0.0
191.1 0.0 0.00016618403717 0.0
191.2 0.0 0.000165893914203 0.0
191.3 0.0 0.000165604449033 0.0
191.4 0.0 0.000165315639824 0.0
191.5 0.0 0.00016502748475 0.0
191.6 0.0 0.000164739981987 0.0
191.7 0.0 0.00016445312972 0.0
191.8 0.0 0.000164166926138 0.0
191.9 0.0 0.000163881369439 0.0
192.0 0.0 0.000163596457823 0.0
192.1 0.0 0.0001633121895 0.0
192.2 0.0 0.000163028562682 0.0
192.3 0.0 0.000162745575588 0.0
192.4 0.0 0.000162463226446 0.0
192.5 0.0 0.000162181513486 0.0
192.6 0.0 0.000161900434945 0.0
192.7 0.0 0.000161619989067 0.0
192.8 0.0 0.000161340174099 0.0
192.9 0.0 0.000161060988298 0.0
193.0 0.0 0.000160782429922 0.0
193.1 0.0 0.000160504497238 0.0
193.2 0.0 0.000160227188517 0.0
193.3 0.0 0.000159950502037 0.0
193.4 0.0 0.000159674436082 0.0
193.5 0.0 0.000159398988938 0.0
193.6 0.0 0.000159124158901 0.0
193.7 0.0 0.00015884994427 0.0
193.8 0.0 0.000158576343351 0.0
193.9 0.0 0.000158303354454 0.0
194.0 0.0 0.000158030975897 0.0
194.1 0.0 0.000157759205999 0.0
194.2 0.0 0.000157488043091 0.0
194.3 0.0 0.000157217485502 0.0
194.4 0.0 0.000156947531573 0.0
194.5 0.0 0.000156678179647 0.0
194.6 0.0 0.000156409428073 0.0
194.7 0.0 0.000156141275205 0.0
194.8 0.0 0.000155873719403 0.0
194.9 0.0 0.000155606759031 0.0
195.0 0.0 0.000155340392462 0.0
195.1 0.0 0.00015507461807 0.0
195.2 0.0 0.000154809434235 0.0
195.3 0.0 0.000154544839346 0.0
195.4 0.0 0.000154280831792 0.0
195.5 0.0 0.000154017409971 0.0
195.6 0.0 0.000153754572284 0.0
195.7 0.0 0.000153492317138 0.0
195.8 0.0 0.000153230642947 0.0
195.9 0.0 0.000152969548126 0.0
196.0 0.0 0.000152709031099 0.0
196.1 0.0 0.000152449090293 0.0
196.2 0.0 0.00015218972414 0.0
196.3 0.0 0.000151930931079 0.0
196.4 0.0 0.000151672709552 0.0
196.5 0.0 0.000151415058006 0.0
196.6 0.0 0.000151157974896 0.0
196.7 0.0 0.000150901458677 0.0
196.8 0.0 0.000150645507814 0.0
196.9 0.0 0.000150390120773 0.0
197.0 0.0 0.000150135296027 0.0
197.1 0.0 0.000149881032054 0.0
197.2 0.0 0.000149627327336 0.0
197.3 0.0 0.000149374180361 0.0
197.4 0.0 0.00014912158962 0.0
197.5 0.0 0.00014886955361 0.0
197.6 0.0 0.000148618070833 0.0
197.7 0.0 0.000148367139797 0.0
197.8 0.0 0.000148116759011 0.0
197.9 0.0 0.000147866926992 0.0
198.0 0.0 0.000147617642262 0.0
198.1 0.0 0.000147368903345 0.0
198.2 0.0 0.000147120708772 0.0
198.3 0.0 0.000146873057078 0.0
198.4 0.0 0.000146625946803 0.0
198.5 0.0 0.00014637937649 0.0
198.6 0.0 0.00014613334469 0.0
198.7 0.0 0.000145887849955 0.0
198.8 0.0 0.000145642890844 0.0
198.9 0.0 0.00014539846592 0.0
199.0 0.0 0.00014515457375 0.0
199.1 0.0 0.000144911212906 0.0
199.2 0.0 0.000144668381964 0.0
199.3 0.0 0.000144426079506 0.0
199.4 0.0 0.000144184304117 0.0
199.5 0.0 0.000143943054387 0.0
199.6 0.0 0.000143702328911 0.0
199.7 0.0 0.000143462126287 0.0
199.8 0.0 0.000143222445119 0.0
199.9 0.0 0.000142983284015 0.0
