# r rho dNdR dNdRerr
0.0 inf nan nan
0.1 15135612.4844 0.0 0.0
0.2 1494719.89288 0.0 0.0
0.3 385846.894561 0.0 0.0
0.4 147611.308129 0.0 0.0
0.5 70055.1690683 0.0 0.0
0.6 38104.3733446 0.0 0.0
0.7 22770.4989143 0.0 0.0
0.8 14577.3789401 0.0 0.0
0.9 9836.26042196 0.0 0.0
1.0 6918.30970919 0.0 0.0
1.1 5032.09036632 0.0 0.0
1.2 3763.00363811 0.0 0.0
1.3 2880.24348735 0.0 0.0
1.4 2248.70435425 0.0 0.0
1.5 1785.89201202 0.0 0.0
1.6 1439.59144767 0.0 0.0
1.7 1175.71105713 0.0 0.0
1.8 971.381510949 0.0 0.0
1.9 810.89191969 0.0 0.0
2.0 683.218809816 0.0 0.0
2.1 580.48039369 0.0 0.0
2.2 496.944909303 0.0 0.0
2.3 428.379843363 429.462858131 1.26271843332
2.4 371.61604135 1674.91873223 5.65035911087
2.5 324.250288401 2985.1227407 11.4896929012
2.6 284.438917904 3523.49677343 15.393514747
2.7 250.752359168 4096.31165427 20.2161266325
2.8 222.071167253 4606.43880324 25.5673517935
2.9 197.510726754 4296.088196 26.7066073793
3.0 176.366058503 5788.46085223 40.1480774442
3.1 158.070906033 5088.95128923 39.2397801039
3.2 142.167089483 5830.84564413 49.8156698855
3.3 128.281326111 6002.76184873 56.6436381111
3.4 116.107538243 5693.79380542 59.1668757851
3.5 105.393234192 6249.32636406 71.313703174
3.6 95.9289404037 6102.81154478 76.2758465898
3.7 87.5399393963 6028.21698024 82.3152771374
3.8 80.0797645014 6171.85582052 91.8579584826
3.9 73.4250435072 5902.79579333 95.5424645358
4.0 67.4713855996 6277.27319273 110.261729923
4.1 62.1300808206 5998.88130788 114.120095496
4.2 57.3254364677 5981.53620163 123.000802097
4.3 52.9926159041 5700.53923528 126.479182735
4.4 49.0758760087 5583.78954429 133.438510707
4.5 45.5271227096 5470.45259731 140.572276676
4.6 42.3047216783 5247.79967291 144.772156779
4.7 39.3725147615 5148.18811536 152.240600676
4.8 36.6990031022 5073.76269103 160.597709657
4.9 34.2566659486 4802.18862449 162.469765315
5.0 32.0213904026 4847.46661559 175.060409805
5.1 29.9719922641 4616.35370496 177.725909696
5.2 28.0898119808 4382.9122383 179.660901497
5.3 26.358372763 4576.28533682 199.491389005
5.4 24.7630903487 4230.46104697 195.89328303
5.5 23.2910258335 4200.62129097 206.388272685
5.6 21.930674538 4156.6115927 216.464544436
5.7 20.6717851266 3995.15876471 220.297630711
5.8 19.5052042089 4016.1065261 234.248944692
5.9 18.4227424674 3854.42375987 237.580864008
6.0 17.4170590285 3731.90946417 242.862039606
6.1 16.4815613377 3700.50801935 254.025150178
6.2 15.6103182462 3570.68922639 258.331407547
6.3 14.7979843888 3583.58561928 273.015786518
6.4 14.0397342348 3429.60532915 274.91944678
6.5 13.3312044473 3421.46462801 288.351487728
6.6 12.668443396 3312.14889264 293.249150974
6.7 12.0478668447 3270.36466954 303.960951334
6.8 11.4662189789 3195.7259247 311.582683858
6.9 10.9205380638 3134.83122654 320.40311321
7.0 10.4081261253 3075.09927143 329.250019709
7.1 9.92652213338 3028.18762707 339.427673177
7.2 9.47347824028 2961.55265249 347.298911139
7.3 9.04693869066 2917.89382737 357.768683994
7.4 8.64502107014 2860.1672095 366.445909412
7.5 8.26599960651 2817.5253617 376.977747172
7.6 7.90829027505 2765.0319048 386.125114345
7.7 7.57043749245 2722.83575331 396.630846614
7.8 7.25110221201 2675.69307911 406.351495097
7.9 6.94905125688 2631.60587857 416.443753999
8.0 6.66314774904 2590.58081458 426.950771704
8.1 6.39234250933 2546.47857313 436.864381533
8.2 6.13566631971 2509.47448854 447.921107378
8.3 5.89222295194 2467.17717044 457.954758576
8.4 5.66118287876 2430.26401668 468.894944812
8.5 5.44177759359 2392.25969841 479.547304259
8.6 5.23329447349 2355.67203035 490.393633067
8.7 5.035072128 2320.75457199 501.506308775
8.8 4.84649618285 2285.80978539 512.52979644
8.9 4.66699545352 2252.28711456 523.785502458
9.0 4.49603846885 2220.2835598 535.317879141
9.1 4.33313030902 2187.17292124 546.495786129
9.2 4.17780972659 2157.6003168 558.477498247
9.3 4.02964652247 2126.63867822 570.024644187
9.4 3.88823915169 2095.77772107 581.497947909
9.5 3.7532125369 2067.06102759 593.47242386
9.6 3.62421606937 2038.02214559 605.264192209
9.7 3.50092177986 2011.14286804 617.61185676
9.8 3.38302266326 1984.33730772 629.905966691
9.9 3.27023114269 1958.34356315 642.377858728
10.0 3.16227766017 1932.89381871 654.949774909
10.1 3.05890938238 1907.92651844 667.60515528
10.2 2.95988901094 1883.86391728 680.499926608
10.3 2.86499368796 1858.8595291 692.964214816
10.4 2.77401398841 1835.1989574 705.831180674
10.5 2.68675299152 1812.52644209 718.994862189
10.6 2.60302542454 1790.0653292 732.161394874
10.7 2.52265687247 1767.37262206 745.139738546
10.8 2.44548304811 1745.78801343 758.490660423
10.9 2.37134911744 1724.87796252 772.050950382
11.0 2.30010907552 1704.49569195 785.767896053
11.1 2.23162516885 1684.52097526 799.594217198
11.2 2.16576736025 1664.82442234 813.472079517
11.3 2.10241283286 1645.53220472 827.465239374
11.4 2.04144553 1626.7485592 841.633668516
11.5 1.98275572814 1608.19682629 855.841270103
11.6 1.92623964017 1589.89202284 870.095525955
11.7 1.87179904675 1571.94888844 884.461136006
11.8 1.81934095338 1554.33151425 898.923090169
11.9 1.76877727132 1536.95664147 913.436373087
12.0 1.72002452046 1519.7277068 927.942799363
12.1 1.67300355245 1502.83096619 942.555390141
12.2 1.6276392926 1485.78284677 956.968391256
12.3 1.58386049908 1469.29471122 971.633377589
12.4 1.54159953823 1452.97284578 986.301153484
12.5 1.50079217461 1436.86701453 1001.00423994
12.6 1.46137737493 1420.85016531 1015.65250237
12.7 1.4232971247 1405.09296023 1030.36494938
12.8 1.38649625664 1389.12264925 1044.78948805
12.9 1.35092229022 1372.86970494 1058.8491342
13.0 1.31652528128 1357.13528662 1073.14935926
13.1 1.28325768123 1341.66333858 1087.5014324
13.2 1.25107420498 1326.47453826 1101.9267244
13.3 1.21993170716 1311.56217282 1116.42533376
13.4 1.18978906589 1296.90273615 1130.98255262
13.5 1.16060707381 1282.58364325 1145.68115435
13.6 1.13234833552 1268.48901728 1160.42582521
13.7 1.10497717145 1254.66953305 1175.26765554
13.8 1.07845952727 1241.14875206 1190.23655409
13.9 1.05276288888 1227.73886685 1205.15750451
14.0 1.02785620226 1214.70195555 1220.29065626
14.1 1.00370979816 1201.7918468 1235.39826541
14.2 0.980295321062 1189.18919796 1250.66877752
14.3 0.957585662314 1176.73208186 1265.93962837
14.4 0.935554897107 1164.62485144 1281.43594658
14.5 0.914178225018 1152.6493333 1296.92795247
14.6 0.89343191394 1140.88081832 1312.50208675
14.7 0.873293247163 1129.31104031 1328.15439924
14.8 0.853740473417 1117.99685227 1343.9586954
14.9 0.834752759686 1106.81940133 1359.77925183
15.0 0.816310146624 1095.85694414 1375.7155009
15.1 0.798393506416 1085.03534372 1391.68012436
15.2 0.780984502937 1074.47705786 1407.83557712
15.3 0.76406555406 1064.00143788 1423.95261145
15.4 0.74761979599 1053.76740679 1440.24604049
15.5 0.731631049509 1043.128859 1455.82557919
15.6 0.716083788004 1033.07731599 1472.05920807
15.7 0.700963107188 1023.28555614 1488.51330632
15.8 0.686254696399 1013.66653407 1505.07277339
15.9 0.671944811404 1003.59321385 1520.79413005
16.0 0.658020248599 994.295914145 1537.52858512
16.1 0.644468320544 985.128040144 1554.31937397
16.2 0.631276832744 976.122379962 1571.22278038
16.3 0.618434061613 967.226358448 1588.1593854
16.4 0.605928733547 957.916686143 1604.25487458
16.5 0.593750005048 949.324926014 1621.39199273
16.6 0.581887443843 940.637295958 1638.21658658
16.7 0.570331010931 932.085275259 1655.12138117
16.8 0.55907104353 923.940833077 1672.604038
16.9 0.548098238839 914.806619053 1688.12015145
17.0 0.537403638613 906.331016532 1704.65642125
17.1 0.526978614468 898.346280946 1721.95267245
17.2 0.5168148539 890.644652169 1739.64786356
17.3 0.506904346979 883.057557831 1757.42955199
17.4 0.497239373667 875.204196704 1774.53048035
17.5 0.487812491739 867.654528613 1792.08966445
17.6 0.47861652528 860.415669658 1810.14859724
17.7 0.469644553708 853.243672746 1828.21272218
17.8 0.46088990132 846.205315261 1846.4279109
17.9 0.452346127312 839.23940867 1864.66645989
18.0 0.444007016265 832.391450878 1883.03244303
18.1 0.435866569063 825.61116931 1901.41693008
18.2 0.427918994227 818.958168055 1919.96053573
18.3 0.420158699638 812.293654527 1938.34054634
18.4 0.412580284639 805.793391467 1956.97496377
18.5 0.405178532482 799.398902666 1975.73289413
18.6 0.39794840312 793.070855437 1994.52185797
18.7 0.39088502631 786.876599322 2013.51569528
18.8 0.38398369503 780.709960902 2032.44861103
18.9 0.377239859178 774.644832591 2051.51291648
19.0 0.370649119544 768.675499729 2070.69993537
19.1 0.364207222052 762.763960545 2089.91171927
19.2 0.35791005224 756.956211317 2109.27752778
19.3 0.351753629988 751.056802425 2128.25122496
19.4 0.345734104462 745.07799151 2146.8481286
19.5 0.339847749277 739.469750858 2166.36788
19.6 0.334090957868 733.950431556 2186.0185385
19.7 0.328460239048 728.499267223 2205.74361003
19.8 0.322952212758 723.110492018 2225.52884509
19.9 0.317563605991 717.781902373 2245.37012998
20.0 0.312291248889 712.282972343 2264.53714269
20.1 0.307132070996 706.946736128 2284.07289045
20.2 0.302083097666 701.819798711 2304.14889026
20.3 0.297141446621 696.760296478 2324.31827965
20.4 0.292304324646 691.777566044 2344.61702801
20.5 0.287569024419 686.847396361 2364.96777546
20.6 0.282932921465 681.995321971 2385.46208117
20.7 0.278393471238 677.157259908 2405.87885272
20.8 0.273948206316 672.43022967 2426.56428498
20.9 0.269594733706 667.339799275 2445.79205856
21.0 0.265330732259 662.313256622 2465.08426653
21.1 0.261153950181 657.733492609 2485.8921782
21.2 0.257062202652 653.22799235 2506.85732804
21.3 0.253053369522 648.740951784 2527.76928693
21.4 0.249125393113 644.324979035 2548.83343938
21.5 0.245276276092 639.975795605 2570.0393593
21.6 0.241504079434 635.643207006 2591.18861213
21.7 0.237806920461 631.40259842 2612.59027038
21.8 0.234182970954 627.158437672 2633.85428175
21.9 0.230630455337 622.997244767 2655.34292983
22.0 0.227147648932 618.892744297 2676.95240839
22.1 0.223732876275 614.754354706 2698.29021103
22.2 0.220384509498 610.430614394 2718.66949226
22.3 0.217100966774 606.461655786 2740.48894799
22.4 0.213880710811 602.200224673 2760.84491967
22.5 0.210722247409 598.289996888 2782.66724038
22.6 0.207624124069 594.46697462 2804.7747628
22.7 0.20458492865 590.219665119 2824.7316372
22.8 0.201603288077 586.217749383 2845.696106
22.9 0.198677867096 582.204505593 2866.44867541
23.0 0.19580736707 578.522255339 2888.69028566
23.1 0.192990524827 574.910868286 2911.16763155
23.2 0.190226111536 571.317592279 2933.61953182
23.3 0.187512931638 567.746728511 2956.06694609
23.4 0.184849821805 564.251994187 2978.79298266
23.5 0.182235649936 560.75917107 3001.41176266
23.6 0.179669314192 557.305323618 3024.11958805
23.7 0.177149742066 553.917833525 3047.07051828
23.8 0.174675889478 550.55164619 3070.02305445
23.9 0.172246739913 547.217061476 3093.03510892
24.0 0.169861303573 543.905653677 3116.06051963
24.1 0.167518616575 540.657152045 3139.3302144
24.2 0.165217740166 537.321757241 3161.97228152
24.3 0.162957759968 533.874937792 3183.81480235
24.4 0.160737785246 530.666153064 3206.93773172
24.5 0.158556948206 527.550744978 3230.50705007
24.6 0.156414403313 524.430069624 3253.92831545
24.7 0.154309326633 521.385246292 3277.70524999
24.8 0.152240915194 518.345555481 3301.40122523
24.9 0.150208386374 515.314410506 3325.03467415
25.0 0.148210977307 512.365550416 3349.08484262
25.1 0.146247944305 509.400312616 3372.91446223
25.2 0.144318562302 506.484216034 3396.95397246
25.3 0.142422124321 503.602602599 3421.11166089
25.4 0.140557940946 500.748184466 3445.34160068
25.5 0.138725339826 497.893707356 3469.45628899
25.6 0.136923665186 495.103927009 3493.90795043
25.7 0.135152277352 492.319445944 3518.28469033
25.8 0.133410552299 489.573103534 3542.82092033
25.9 0.131697881208 486.852015482 3567.42794703
26.0 0.130013670041 484.13594281 3591.95792055
26.1 0.128357339122 481.46874364 3616.73706749
26.2 0.126728322743 478.744923109 3640.97211183
26.3 0.125126068769 476.009288757 3664.98747819
26.4 0.123550038268 473.416559674 3689.98099082
26.5 0.121999705145 470.860910927 3715.15391881
26.6 0.120474555788 468.245332124 3739.73770435
26.7 0.118974088728 465.533699345 3763.41835429
26.8 0.117497814308 463.031581198 3788.66318527
26.9 0.116045254359 460.5652547 3814.09087031
27.0 0.114615941894 458.001668919 3838.59257377
27.1 0.113209420802 455.435325174 3862.93608526
27.2 0.11182524556 453.017625259 3888.41544213
27.3 0.110462980946 450.654380551 3914.25348478
27.4 0.109122201764 448.274810652 3939.84062187
27.5 0.10780249258 445.935005673 3965.66629951
27.6 0.106503447464 443.608333863 3991.49906167
27.7 0.105224669737 441.318137076 4017.55129397
27.8 0.103965771726 439.04118186 4043.61640292
27.9 0.102726374534 436.575250015 4067.81026544
28.0 0.101506107805 434.321454867 4093.84810279
28.1 0.100304609506 432.101720354 4120.09669533
28.2 0.0991215257089 429.778231899 4145.23383844
28.3 0.0979565103809 427.511201513 4170.78386916
28.4 0.0968092251832 425.34440409 4197.19321251
28.5 0.0956793392725 423.223588532 4223.94994556
28.6 0.0945665291096 421.075133852 4250.3224833
28.7 0.093470478273 418.982174898 4277.14598178
28.8 0.0923908772789 416.829133975 4303.24231185
28.9 0.0913274234052 414.609839121 4328.52207029
29.0 0.0902798205213 412.57060075 4355.55809396
29.1 0.0892477789224 410.53219751 4382.4965045
29.2 0.0882310151687 408.532801423 4409.74566832
29.3 0.087229251929 406.536115858 4436.91947911
29.4 0.0862422178287 404.438038801 4462.86626583
29.5 0.0852696473027 402.302131479 4488.25419181
29.6 0.0843112804512 400.218521744 4514.0816497
29.7 0.0833668629006 398.157769937 4540.02795042
29.8 0.082436145668 396.19387402 4566.95033911
29.9 0.0815188850292 394.288299287 4594.43199482
30.0 0.0806148423907 392.41781543 4622.21740418
30.1 0.0797237841649 390.406520519 4648.22180185
30.2 0.078845481649 388.488228298 4675.20102421
30.3 0.0779797109071 386.681225316 4703.40932838
30.4 0.0771262526557 384.863293892 4731.38368023
30.5 0.0762848921518 383.038898493 4759.17156286
30.6 0.0754554190849 381.083088164 4785.19767957
30.7 0.0746376274709 379.30033003 4813.26943808
30.8 0.0738313155498 377.491463589 4840.89819503
30.9 0.0730362856857 375.627361073 4867.69219057
31.0 0.0722523442692 373.875653193 4895.82015488
31.1 0.071479301623 372.175391245 4924.51778379
31.2 0.0707169719098 370.467589618 4953.01403228
31.3 0.0699651730424 368.772918878 4981.58139899
31.4 0.0692237265963 367.110461441 5010.48220352
31.5 0.068492457725 365.432286582 5039.06550679
31.6 0.067771195077 363.793850877 5068.0936446
31.7 0.067059770715 362.156714654 5097.03902476
31.8 0.0663580200377 360.534647457 5126.09445545
31.9 0.0656657817032 358.924088607 5155.21179689
32.0 0.0649828975545 357.314236701 5184.23584314
32.1 0.0643092125468 355.750034385 5213.82206169
32.2 0.0636445746771 354.029989579 5241.00432241
32.3 0.0629888349151 352.418624425 5269.66489627
32.4 0.0623418471362 350.883411681 5299.35751918
32.5 0.0617034680562 349.340194046 5328.8293556
32.6 0.0610735571672 347.815582355 5358.48331773
32.7 0.0604519766761 346.294452696 5388.08918571
32.8 0.0598385914434 344.803557691 5418.06553031
32.9 0.0592332689249 343.308375858 5447.87519282
33.0 0.0586358791134 341.819604501 5477.68423153
33.1 0.0580462944835 340.360609241 5507.87039355
33.2 0.0574643899363 338.878800996 5537.58508472
33.3 0.0568900427461 337.394909442 5567.15611422
33.4 0.0563231325091 335.937023936 5597.04705759
33.5 0.0557635410916 334.474763537 5626.75599214
33.6 0.0552111525819 332.937661897 5655.0804974
33.7 0.0546658532407 331.530958041 5685.50005995
33.8 0.0541275314553 330.145960054 5716.19359722
33.9 0.0535960776929 328.755648279 5746.69632679
34.0 0.0530713844563 327.380915259 5777.37104593
34.1 0.0525533462398 325.99636854 5807.76996436
34.2 0.0520418594873 324.596530897 5837.78634802
34.3 0.0515368225498 323.248149691 5868.62089184
34.4 0.0510381356457 321.922692405 5899.7737983
34.5 0.0505457008208 320.590442856 5930.7039928
34.6 0.0500594219096 319.284513729 5962.0230885
34.7 0.0495792044978 317.967139778 5993.02989155
34.8 0.0491049558852 316.665024178 6024.22322254
34.9 0.0486365850503 315.392053525 6055.87463271
35.0 0.0481740026146 314.105096261 6087.16068319
35.1 0.0477171208087 312.835032969 6118.6747487
35.2 0.0472658534389 311.573937573 6150.26637321
35.3 0.0468201158543 310.226160295 6180.03188777
35.4 0.0463798249151 308.961271274 6211.32966237
35.5 0.0459448989615 307.724122831 6243.08320097
35.6 0.045515257783 306.492938026 6274.85891835
35.7 0.045090822589 305.220214793 6305.67570582
35.8 0.0446715159798 303.96928287 6336.82735339
35.9 0.0442572619179 302.665082754 6366.74403316
36.0 0.0438479857008 301.454155102 6398.50261581
36.1 0.0434436139336 300.134416487 6427.82524675
36.2 0.0430440745025 298.972566125 6460.40912516
36.3 0.0426492965494 297.797619751 6492.61455552
36.4 0.0422592104462 296.574799883 6523.66596061
36.5 0.0418737477707 295.38906028 6555.41754879
36.6 0.0414928412816 294.210091799 6587.20942966
36.7 0.041116424896 293.050393701 6619.32487532
36.8 0.0407444336657 291.913689034 6651.85717377
36.9 0.0403768037547 290.750198272 6683.67282233
37.0 0.0400134724177 289.548737435 6714.49329198
37.1 0.0396543779779 288.447185352 6747.51771694
37.2 0.0392994598068 287.349418364 6780.53587666
37.3 0.0389486583028 286.2482892 6813.37709966
37.4 0.0386019148717 285.177421585 6846.84368841
37.5 0.0382591719067 284.092474495 6879.87779912
37.6 0.0379203727695 283.030714585 6913.37805889
37.7 0.0375854617712 281.964382199 6946.67231091
37.8 0.037254384154 280.909480789 6980.15249136
37.9 0.0369270860735 279.851208578 7013.45209656
38.0 0.0366035145807 278.685067949 7043.92489564
38.1 0.0362836176051 277.639052448 7077.31009772
38.2 0.0359673439375 276.499866348 7108.19916659
38.3 0.0356546432142 275.468939843 7141.75056034
38.4 0.0353454659001 274.426513089 7174.90115077
38.5 0.0350397632737 273.347902339 7206.98970688
38.6 0.0347374874111 272.34484931 7240.9601975
38.7 0.0344385911711 271.351765176 7275.1016881
38.8 0.0341430281806 270.365384439 7309.32984727
38.9 0.03385075282 269.383932067 7343.59808806
39.0 0.0335617202091 268.402834695 7377.78132863
39.1 0.0332758861932 267.438041863 7412.31914687
39.2 0.0329932073295 266.473997775 7446.78532011
39.3 0.0327136408742 265.493744632 7480.69986615
39.4 0.0324371447691 264.505587613 7514.28473127
39.5 0.032163677629 263.552712945 7548.7685523
39.6 0.0318931987296 262.478928076 7579.66295583
39.7 0.0316256679946 261.435948516 7611.29652008
39.8 0.0313610459847 260.514236432 7646.34314852
39.9 0.0310992938851 259.600122355 7681.52318807
40.0 0.0308403734945 258.676183536 7716.31976957
40.1 0.030584247214 257.769532322 7751.53847758
40.2 0.0303308780356 256.769965195 7783.84848543
40.3 0.0300802295322 255.851529092 7818.49775693
40.4 0.0298322658464 254.951240669 7853.60291212
40.5 0.0295869516808 254.066495832 7889.09385267
40.6 0.0293442522872 253.185370224 7924.60630682
40.7 0.0291041334574 252.306949078 7960.11155125
40.8 0.0288665615134 251.429443283 7995.55215523
40.9 0.0286315032973 250.571715746 8031.53084525
41.0 0.0283989261629 249.707224008 8067.20259763
41.1 0.0281687979659 248.84330619 8102.79865818
41.2 0.0279410870554 248.004948008 8139.13690102
41.3 0.0277157622649 247.076177168 8172.39858713
41.4 0.0274927929039 246.205883662 8207.47425306
41.5 0.0272721487493 245.363840985 8243.3912695
41.6 0.0270538000376 244.475439728 8277.64303338
41.7 0.0268377174562 243.55017016 8310.5141808
41.8 0.0266238721361 242.720193186 8346.51732595
41.9 0.0264122356438 241.902064187 8382.83404396
42.0 0.0262027799739 241.097980279 8419.5480584
42.1 0.0259954775415 240.213377223 8453.3404221
42.2 0.025790301175 239.370053195 8488.4624712
42.3 0.0255872241088 238.574587406 8525.18020857
42.4 0.0253862199767 237.709557507 8559.30220567
42.5 0.0251872628045 236.895528352 8595.14301055
42.6 0.0249903270036 236.121409204 8632.33670278
42.7 0.0247953873643 235.308372507 8668.01025417
42.8 0.0246024190492 234.457747756 8702.17800564
42.9 0.0244113975871 233.690674034 8739.33596063
43.0 0.0242222988665 232.919623741 8776.25414984
43.1 0.0240350991298 232.169535362 8813.87353632
43.2 0.023849774967 231.402976863 8850.77792114
43.3 0.0236663033099 230.668077963 8888.80547549
43.4 0.0234846614264 229.903541424 8925.60138578
43.5 0.0233048269148 229.168139303 8963.43634302
43.6 0.0231267776985 228.431262487 9001.12722791
43.7 0.0229504920201 227.695945994 9038.79090022
43.8 0.0227759484362 226.955074359 9076.14183857
43.9 0.0226031258126 226.242554544 9114.53876184
44.0 0.0224320033186 225.511861627 9152.11640382
44.1 0.0222625604221 224.796214733 9190.21428936
44.2 0.0220947768849 224.082586313 9228.3070961
44.3 0.0219286327575 223.371753888 9266.42659865
44.4 0.0217641083748 222.628202389 9303.08894292
44.5 0.0216011843508 221.870234592 9339.03231246
44.6 0.0214398415746 221.171795873 9377.37617133
44.7 0.0212800612056 220.475373398 9415.71677654
44.8 0.0211218246689 219.784089312 9454.18801482
44.9 0.0209651136515 219.074593576 9491.78071037
45.0 0.0208099100977 218.312300123 9526.96620954
45.1 0.0206561962048 217.633088248 9565.6647299
45.2 0.0205039544192 216.963977524 9604.72154332
45.3 0.0203531674325 216.287343438 9643.35820238
45.4 0.0202038181773 215.621194248 9682.37395016
45.5 0.0200558898232 214.940335145 9720.63716657
45.6 0.0199093657736 214.146884821 9753.6732587
45.7 0.0197642296612 213.384382879 9787.95485178
45.8 0.0196204653448 212.706565336 9825.99160752
45.9 0.0194780569058 212.05654389 9865.21724116
46.0 0.0193369886441 211.412492191 9904.63423303
46.1 0.0191972450752 210.762444556 9943.68175017
46.2 0.0190588109264 210.123991343 9983.1873812
46.3 0.0189216711338 209.490067073 10022.8224433
46.4 0.0187858108385 208.859982501 10062.5560964
46.5 0.0186512153842 208.230922864 10102.2534879
46.6 0.0185178703129 207.557425929 10139.6925546
46.7 0.0183857613627 206.920487077 10178.8101985
46.8 0.0182548744646 206.311035725 10219.1921392
46.9 0.0181251957389 205.594452182 10254.1501705
47.0 0.0179967114929 204.984402786 10294.30184
47.1 0.0178694082178 204.380669635 10334.6874713
47.2 0.0177432725857 203.767055025 10374.4868461
47.3 0.0176182914469 203.047160237 10408.7458504
47.4 0.0174944518272 202.404560965 10446.8254463
47.5 0.0173717409252 201.806355209 10487.094895
47.6 0.0172501461093 201.212358017 10527.4965531
47.7 0.0171296549158 200.621584619 10567.9809243
47.8 0.0170102550456 200.035279088 10608.6153402
47.9 0.0168919343621 199.450305497 10649.2350816
48.0 0.0167746808887 198.865708511 10689.7881525
48.1 0.016658482806 198.286856074 10730.5633684
48.2 0.0165433284501 197.715007869 10771.6335389
48.3 0.0164292063094 197.141251697 10812.5154738
48.4 0.016316105023 196.5662453 10853.2413355
48.5 0.0162040133782 196.004531891 10894.6160316
48.6 0.0160929203079 195.430671569 10935.2287958
48.7 0.0159828148891 194.82795865 10974.1230334
48.8 0.0158736863402 194.231484134 11013.2539541
48.9 0.015765524019 193.589876336 11049.6941561
49.0 0.0156583174207 193.034477652 11090.9366134
49.1 0.0155520561759 192.48746798 11132.5762728
49.2 0.0154467300485 191.939155634 11174.0564721
49.3 0.0153423289335 191.393852016 11215.6263543
49.4 0.0152388428557 190.853273526 11257.3886108
49.5 0.0151362619669 190.307468306 11298.7558525
49.6 0.0150345765449 189.779160447 11341.077967
49.7 0.0149337769908 189.242481558 11382.8174236
49.8 0.014833853828 188.658227045 11421.5889373
49.9 0.0147347976999 188.112353351 11462.5720626
50.0 0.0146365993681 187.588922817 11504.8325919
50.1 0.014539249711 187.062022106 11546.7956313
50.2 0.014442739722 186.54414969 11589.2315442
50.3 0.0143470605076 186.029414003 11631.7808111
50.4 0.014252203286 185.504605272 11673.61399
50.5 0.0141581593853 184.99949915 11716.6027093
50.6 0.0140649202421 184.48115937 11758.6696303
50.7 0.0139724773998 183.893812482 11796.2189613
50.8 0.0138808225072 183.306558291 11833.624764
50.9 0.0137899473167 182.799708906 11876.1024871
51.0 0.0136998436832 182.308092208 11919.4883952
51.1 0.0136105035621 181.806309098 11962.1283404
51.2 0.0135219190086 181.309085013 12004.9827448
51.3 0.0134340821756 180.819004017 12048.2275715
51.4 0.0133469853125 180.215366839 12083.7767934
51.5 0.0132606207643 179.677309977 12123.5717419
51.6 0.0131749809693 179.124319855 12162.2265982
51.7 0.0130900584588 178.47567546 12194.2049066
51.8 0.0130058458549 177.986012351 12236.8883375
51.9 0.01292233587 177.502162606 12279.8825916
52.0 0.0128395213049 177.037942169 12324.1550291
52.1 0.0127573950479 176.559567701 12367.3628552
52.2 0.0126759500734 176.065367118 12409.3679299
52.3 0.012595179441 175.532340128 12448.5164562
52.4 0.0125150762937 175.074461369 12492.8882686
52.5 0.0124356338576 174.606034855 12536.4276903
52.6 0.0123568454398 174.062798048 12574.4765156
52.7 0.012278704428 173.603299071 12618.4572634
52.8 0.0122012042892 173.144885018 12662.4352064
52.9 0.0121243385684 172.685989683 12706.2947231
53.0 0.0120481008875 172.232451135 12750.4655188
53.1 0.0119724849446 171.703436757 12788.9323782
53.2 0.0118974845126 171.254731393 12833.2646732
53.3 0.0118230934385 170.808596261 12877.7090506
53.4 0.0117493056421 170.363341734 12922.1390655
53.5 0.0116761151149 169.91671513 12966.3822212
53.6 0.0116035159196 169.474394245 13010.8707014
53.7 0.0115315021886 169.032478573 13055.3074103
53.8 0.0114600681236 168.518393651 13094.0519943
53.9 0.0113892079941 168.017253926 13133.6546974
54.0 0.0113189161368 167.522313745 13173.6010434
54.1 0.0112491869546 167.072121162 13216.9471308
54.2 0.0111800149157 166.632160099 13261.0074717
54.3 0.011111394553 166.156275443 13302.0996846
54.4 0.0110433204627 165.728332285 13346.9245718
54.5 0.0109757873039 165.306176998 13392.1339491
54.6 0.0109087897973 164.884783654 13437.3247955
54.7 0.0108423227251 164.467778226 13482.7937078
54.8 0.0107763809293 164.0500635 13528.1249763
54.9 0.0107109593117 163.627873879 13573.0034641
55.0 0.0106460528325 163.218501232 13618.8636766
55.1 0.0105816565099 162.803699785 13664.1913295
55.2 0.0105177654191 162.392461579 13709.7358146
55.3 0.0104543746917 161.960744734 13753.4590658
55.4 0.0103914795149 161.493848064 13794.0730975
55.5 0.0103290751308 161.050031289 13836.5287246
55.6 0.0102671568354 160.581147929 13876.6979424
55.7 0.0102057199786 160.176286313 13922.2843869
55.8 0.0101447599625 159.774524704 13968.0569436
55.9 0.0100842722416 159.329837268 14009.9715074
56.0 0.0100242523216 158.909815473 14053.9385597
56.1 0.00996469575893 158.500368722 14098.7405548
56.2 0.00990559816005 158.055553102 14140.2815924
56.3 0.00984695518076 157.664436082 14186.5194289
56.4 0.00978876252562 157.260357522 14231.5028643
56.5 0.00973101594728 156.768832764 14268.4307317
56.6 0.00967371124586 156.322929407 14309.3450968
56.7 0.00961684426836 155.80164873 14343.1760618
56.8 0.00956041090803 155.35877035 14384.040577
56.9 0.00950440710379 154.860486144 14419.6008476
57.0 0.00944882883964 154.402101078 14458.6914413
57.1 0.00939367214407 154.023154245 14505.0971771
57.2 0.00933893308951 153.652132813 14552.1702153
57.3 0.00928460779175 153.196829124 14591.1393555
57.4 0.00923069240941 152.634073429 14619.6476942
57.5 0.00917718314336 152.206758226 14660.9149579
57.6 0.0091240762362 151.835386422 14707.4581247
57.7 0.00907136797176 151.407661384 14748.4278506
57.8 0.00901905467452 151.040913622 14795.2232254
57.9 0.00896713270914 150.679383448 14842.4500252
58.0 0.00891559847993 150.237589917 14881.6479825
58.1 0.00886444843037 149.775226514 14918.6282699
58.2 0.00881367904259 149.366049664 14960.7420721
58.3 0.00876328683692 148.977719715 15004.8187743
58.4 0.00871326837136 148.581737985 15048.0051173
58.5 0.00866362024117 148.172923252 15089.7587493
58.6 0.00861433907835 147.818583784 15136.9486214
58.7 0.00856542155122 147.474086141 15185.0693847
58.8 0.00851686436393 147.079029443 15227.882552
58.9 0.00846866425606 146.696738712 15271.8925961
59.0 0.00842081800215 146.30003013 15314.2740011
59.1 0.00837332241126 145.957626528 15362.233282
59.2 0.00832617432657 145.622873296 15410.9250615
59.3 0.00827937062494 145.273806275 15458.0239224
59.4 0.00823290821649 144.934838373 15506.1152595
59.5 0.00818678404422 144.597175362 15554.2691113
59.6 0.00814099508356 144.262879061 15602.7091948
59.7 0.00809553834203 143.927367106 15650.9415804
59.8 0.00805041085877 143.59221677 15699.1350143
59.9 0.00800560970423 143.261402734 15747.7254842
60.0 0.00796113197975 142.929187203 15796.0850256
60.1 0.00791697481719 142.599420183 15844.637374
60.2 0.00787313537855 142.255439107 15891.5239701
60.3 0.0078296108556 141.885894813 15935.4430159
60.4 0.00778639846956 141.562820525 15984.4802283
60.5 0.00774349547069 141.237849933 16033.2276053
60.6 0.00770089913797 140.909646167 16081.5275997
60.7 0.00765860677875 140.597983533 16131.6415845
60.8 0.0076166157284 140.270146918 16179.8247362
60.9 0.00757492334997 139.952583226 16229.1126286
61.0 0.00753352703387 139.633075252 16278.0984222
61.1 0.00749242419754 139.259582792 16320.6780901
61.2 0.00745161228513 138.882234921 16362.655626
61.3 0.00741108876714 138.522860316 16406.607304
61.4 0.00737085114018 138.193596676 16454.0100739
61.5 0.0073308969266 137.850620125 16499.6734135
61.6 0.0072912236742 137.511997513 16545.7436375
61.7 0.00725182895593 137.203997874 16595.4046325
61.8 0.0072127103696 136.840539735 16638.2464552
61.9 0.00717386553756 136.485310682 16681.9459221
62.0 0.00713529210646 136.142794717 16727.0678511
62.1 0.00709698774689 135.802329131 16772.3179677
62.2 0.00705895015317 135.495636034 16821.6367494
62.3 0.00702117704303 135.127753748 16863.2371727
62.4 0.00698366615733 134.786636424 16908.031972
62.5 0.00694641525984 134.469654648 16955.7398853
62.6 0.00690942213689 134.131685834 17000.6873011
62.7 0.0068726845972 133.83590468 17050.8799165
62.8 0.00683620047153 133.542413307 17101.2899155
62.9 0.00679996761248 133.216886245 17147.5020407
63.0 0.00676398389423 132.885909006 17192.8908592
63.1 0.00672824721226 132.547562395 17237.194243
63.2 0.00669275548314 132.253748294 17287.1799335
63.3 0.00665750664427 131.967003487 17338.0135827
63.4 0.00662249865361 131.677870047 17388.4590119
63.5 0.00658772948951 131.323779289 17430.2054123
63.6 0.0065531971504 130.985473528 17473.8908269
63.7 0.00651889965463 130.664314949 17519.7281211
63.8 0.00648483504017 130.353517132 17566.8359596
63.9 0.00645100136444 130.041566869 17613.6744667
64.0 0.00641739670408 129.759603488 17664.4787137
64.1 0.00638401915469 129.480737285 17715.6299096
64.2 0.00635086683067 129.200745995 17766.5524322
64.3 0.00631793786496 128.911511902 17816.1206261
64.4 0.00628523040886 128.598728731 17862.326644
64.5 0.00625274263179 128.320301784 17913.2031257
64.6 0.00622047272113 128.03797772 17963.4537124
64.7 0.00618841888197 127.730611342 18010.0872743
64.8 0.00615657933694 127.452593084 18060.7568076
64.9 0.00612495232598 127.182704494 18112.5011697
65.0 0.00609353610621 126.869587098 18157.9856438
65.1 0.00606232895164 126.557398453 18203.4678816
65.2 0.00603132915307 126.258724586 18250.7674827
65.3 0.00600053501786 125.837472618 18280.1419002
65.4 0.00596994486974 125.493800618 18320.5454388
65.5 0.00593955704864 125.193511176 18367.1265708
65.6 0.0059093699105 124.911782152 18416.3180148
65.7 0.00587938182711 124.649005935 18468.216755
65.8 0.00584959118592 124.391014572 18520.7532811
65.9 0.00581999638984 124.126406695 18572.2308151
66.0 0.00579059585713 123.863461137 18623.8782218
66.1 0.00576138802117 123.611407534 18677.0923335
66.2 0.00573237133032 123.34842539 18728.5828163
66.3 0.00570354424777 123.083041214 18779.6249763
66.4 0.00567490525134 122.789415582 18826.2503106
66.5 0.00564645283333 122.517100086 18876.0284425
66.6 0.00561818550039 122.226256486 18922.8379728
66.7 0.00559010177333 121.934093206 18969.3127306
66.8 0.00556220018696 121.607054299 19010.2024722
66.9 0.00553447928998 121.281668536 19051.1643474
67.0 0.00550693764477 120.911643238 19084.8932971
67.1 0.00547957382729 120.642595209 19134.3807278
67.2 0.00545238642691 120.394250839 19187.0629587
67.3 0.00542537404624 120.134703431 19237.8767502
67.4 0.00539853530105 119.851666527 19284.8179321
67.5 0.00537186882007 119.564336637 19330.9343045
67.6 0.00534537324486 119.256526462 19373.5846007
67.7 0.0053190472297 118.984310531 19421.8724764
67.8 0.00529288944141 118.746522293 19475.6880911
67.9 0.00526689855925 118.500444764 19528.0712645
68.0 0.00524107327478 118.250111454 19579.669051
68.1 0.00521541229171 117.975297039 19627.1052315
68.2 0.00518991432577 117.73905028 19680.8593872
68.3 0.00516457810461 117.494963175 19733.2274807
68.4 0.00513940236764 117.219454359 19780.2102722
68.5 0.00511438586593 116.98826675 19834.5728731
68.6 0.00508952736206 116.669293861 19873.9166025
68.7 0.00506482563002 116.350755742 19913.1272608
68.8 0.00504027945508 116.082861592 19960.8375866
68.9 0.00501588763364 115.851637219 20014.7542675
69.0 0.00499164897319 115.596406036 20064.4331551
69.1 0.0049675622921 115.21182618 20091.4441074
69.2 0.00494362641957 114.95622454 20140.7285906
69.3 0.00491984019549 114.680767018 20186.4028855
69.4 0.00489620247032 114.410166901 20232.7869622
69.5 0.004872712105 114.177421843 20285.7538372
69.6 0.00484936797082 113.942510952 20338.2522617
69.7 0.00482616894933 113.689489286 20387.4161943
69.8 0.00480311393221 113.382606928 20426.7584479
69.9 0.00478020182119 113.153975264 20480.0538208
70.0 0.00475743152792 112.91267188 20530.9645722
70.1 0.00473480197387 112.666217907 20580.8313462
70.2 0.00471231209026 112.440917558 20634.4668975
70.3 0.0046899608179 112.222327861 20689.2607428
70.4 0.00466774710715 112.000256457 20743.3409696
70.5 0.00464566991779 111.785509352 20798.7080072
70.6 0.00462372821889 111.562902591 20852.5412705
70.7 0.00460192098881 111.302041189 20899.1121049
70.8 0.00458024721499 111.019754698 20941.4951586
70.9 0.00455870589395 110.746347722 20985.3758695
71.0 0.00453729603112 110.504242606 21035.043702
71.1 0.00451601664081 110.239130616 21080.1933489
71.2 0.00449486674608 109.993568547 21128.9381413
71.3 0.00447384537867 109.768213118 21181.4543424
71.4 0.0044529515789 109.493302149 21224.2707751
71.5 0.00443218439558 109.263077959 21275.6063152
71.6 0.00441154288595 109.000911824 21320.5887409
71.7 0.00439102611554 108.776106034 21372.7487651
71.8 0.00437063315814 108.510976992 21416.85166
71.9 0.00435036309569 108.177296803 21447.192053
72.0 0.00433021501821 107.893691118 21487.2093082
72.1 0.00431018802368 107.645338662 21534.0706449
72.2 0.00429028121802 107.390088877 21579.3992394
72.3 0.00427049371496 107.097595102 21617.0495997
72.4 0.00425082463599 106.878591933 21669.3703623
72.5 0.00423127311025 106.636504909 21716.8915984
72.6 0.00421183827449 106.351148442 21755.4198445
72.7 0.00419251927298 106.124620187 21805.8136342
72.8 0.00417331525741 105.908712453 21858.2829488
72.9 0.00415422538685 105.660183839 21903.8914453
73.0 0.00413524882767 105.337148975 21933.8262006
73.1 0.00411638475344 104.99365728 21959.1836827
73.2 0.00409763234488 104.68174388 21990.8360486
73.3 0.0040789907898 104.453660815 22039.8941038
73.4 0.004060459283 104.258583438 22095.8184766
73.5 0.00404203702621 104.062244669 22151.4058847
73.6 0.00402372322804 103.865172978 22206.7646064
73.7 0.0040055171039 103.626762318 22253.1715124
73.8 0.0039874178759 103.418481009 22305.923239
73.9 0.00396942477285 103.090514705 22332.6491929
74.0 0.00395153703013 102.879007386 22384.3877443
74.1 0.00393375388967 102.677830067 22438.2764146
74.2 0.00391607459985 102.417473305 22479.087168
74.3 0.00389849841547 102.217948624 22533.1044301
74.4 0.00388102459766 101.992291976 22581.247623
74.5 0.00386365241383 101.801542845 22637.0130359
74.6 0.00384638113761 101.556020212 22680.4718819
74.7 0.00382921004877 101.321005987 22726.1064704
74.8 0.00381213843321 101.09955753 22774.6345037
74.9 0.00379516558282 100.807064861 22806.9516043
75.0 0.0037782907955 100.528578381 22842.1732825
75.1 0.00376151337505 100.280504954 22884.0827047
75.2 0.00374483263114 100.088234827 22938.5866285
75.3 0.00372824787925 99.9069725566 22995.5378582
75.4 0.00371175844058 99.6735374748 23040.3631047
75.5 0.00369536364206 99.3990022329 23075.4765491
75.6 0.00367906281621 99.1734620558 23121.759192
75.7 0.00366285530118 98.9770301435 23174.6993801
75.8 0.0036467404406 98.7907160183 23229.9174947
75.9 0.00363071758362 98.57740448 23278.6781188
76.0 0.00361478608477 98.4006687681 23335.9751229
76.1 0.00359894530398 98.1595156371 23377.8650917
76.2 0.00358319460648 97.8905729288 23412.9117289
76.3 0.00356753336278 97.7096771175 23468.8514347
76.4 0.00355196094858 97.5352507587 23526.2741252
76.5 0.00353647674478 97.2972235789 23568.2254113
76.6 0.00352108013737 97.1005970192 23620.050732
76.7 0.00350577051742 96.9102485325 23673.296248
76.8 0.00349054728102 96.7040327227 23722.5475589
76.9 0.00347540982923 96.4954148867 23771.071333
77.0 0.00346035756802 96.3249324898 23828.8868807
77.1 0.00344538990826 96.1132917286 23876.413553
77.2 0.00343050626563 95.8212288049 23903.7267709
77.3 0.00341570606062 95.6507671538 23961.1811742
77.4 0.00340098871844 95.4786686873 24018.155806
77.5 0.003386353669 95.3098985634 24075.898649
77.6 0.00337180034685 95.0880707638 24120.1162037
77.7 0.00335732819117 94.7709423811 24139.8790564
77.8 0.00334293664569 94.5139305605 24174.6348466
77.9 0.00332862515865 94.3315958217 24228.3126781
78.0 0.0033143931828 94.1090846367 24271.527886
78.1 0.00330024017529 93.8384644222 24302.0959807
78.2 0.00328616559768 93.6069282699 24342.5351842
78.3 0.00327216891589 93.4246407836 24395.6238307
78.4 0.00325824960015 93.1843487316 24433.3972901
78.5 0.00324440712494 92.9873686858 24482.3413965
78.6 0.00323064096901 92.7817766223 24528.8681076
78.7 0.00321695061527 92.5823578479 24576.8728442
78.8 0.00320333555081 92.3795516167 24623.8259341
78.9 0.00318979526681 92.210793783 24679.7343658
79.0 0.00317632925855 92.0358113324 24733.8857295
79.1 0.00316293702533 91.8538730091 24786.0610297
79.2 0.00314961807048 91.690684945 24843.2010222
79.3 0.00313637190126 91.5317022076 24901.4097152
79.4 0.00312319802888 91.3357003045 24949.4390636
79.5 0.00311009596844 91.1153770091 24990.6471173
79.6 0.00309706523889 90.8963724317 25032.0121061
79.7 0.00308410536302 90.6897187575 25076.587336
79.8 0.00307121586737 90.4947451614 25124.2265252
79.9 0.00305839628227 90.2433592465 25155.9863519
80.0 0.00304564614174 90.0466399625 25202.7638437
80.1 0.0030329649835 89.8007989437 25235.5763235
80.2 0.00302035234891 89.6283878485 25288.8333427
80.3 0.00300780778294 89.4518001896 25340.7985411
80.4 0.00299533083415 89.248702074 25385.1039666
80.5 0.00298292105466 89.0188377352 25421.5843293
80.6 0.0029705780001 88.7998863435 25460.9494674
80.7 0.00295830122957 88.5798956129 25499.7945463
80.8 0.00294609030565 88.4090285953 25552.6127949
80.9 0.00293394479433 88.2313552405 25603.3430307
81.0 0.00292186426499 88.0418223923 25650.4881486
81.1 0.00290984829038 87.8588745291 25699.4006343
81.2 0.00289789644658 87.6892435468 25752.0791257
81.3 0.00288600831296 87.4851666322 25794.4864396
81.4 0.00287418347217 87.3209558455 25848.497794
81.5 0.00286242151011 87.1158332117 25890.2456431
81.6 0.00285072201588 86.9367598848 25939.563451
81.7 0.00283908458176 86.7541914721 25987.6918956
81.8 0.0028275088032 86.6056083483 26045.8891289
81.9 0.00281599427878 86.2987477796 26056.2250555
82.0 0.00280454061016 86.0318297848 26078.2174955
82.1 0.00279314740208 85.8276760279 26118.9522068
82.2 0.00278181426233 85.628154294 26160.8923429
82.3 0.00277054080171 85.4200194532 26199.990493
82.4 0.00275932663402 85.1517774702 26220.3576776
82.5 0.00274817137601 84.8323437046 26224.5303626
82.6 0.00273707464739 84.5530699122 26240.6708208
82.7 0.00272603607074 84.3799950409 26289.4978836
82.8 0.00271505527157 84.1496096586 26320.2550622
82.9 0.00270413187823 83.8967329882 26343.6642727
83.0 0.00269326552191 83.7116501262 26388.1012154
83.1 0.00268245583659 83.5509225371 26440.067308
83.2 0.00267170245907 83.3160756015 26468.3670935
83.3 0.00266100502889 83.1002076326 26502.415803
83.4 0.00265036318831 82.8890774112 26537.7225556
83.5 0.00263977658235 82.6720249851 26570.8771388
83.6 0.00262924485866 82.3855467479 26581.3665537
83.7 0.0026187676676 82.1644098158 26612.5793512
83.8 0.00260834466216 82.0008620446 26662.2378363
83.9 0.00259797549794 81.8183094915 26705.5566887
84.0 0.00258765983313 81.6217043073 26744.0855501
84.1 0.00257739732852 81.303830628 26742.5042981
84.2 0.00256718764742 81.0953157024 26776.5009459
84.3 0.0025570304557 80.9116568521 26818.4800568
84.4 0.0025469254217 80.7081499084 26853.6605362
84.5 0.00253687221628 80.4740678814 26878.3821868
84.6 0.00252687051273 80.2443921102 26904.2545932
84.7 0.00251691998682 80.1044306135 26960.0040527
84.8 0.00250702031671 79.9324549847 27004.8490825
84.9 0.00249717118296 79.7396057202 27042.4430271
85.0 0.00248737226854 79.5779379515 27090.4245667
85.1 0.00247762325875 79.3313270052 27109.2309865
85.2 0.00246792384123 79.1369172933 27145.5734033
85.3 0.00245827370595 79.0090571738 27204.5940689
85.4 0.00244867254518 78.6992227841 27200.655226
85.5 0.00243912005345 78.4525239317 27218.0790207
85.6 0.00242961592758 78.2016856661 27233.682779
85.7 0.00242015986659 77.9489143413 27248.2192791
85.8 0.00241075157176 77.6522205597 27246.9452562
85.9 0.00240139074655 77.4071620149 27263.3402939
86.0 0.00239207709661 77.1824157904 27286.5334478
86.1 0.00238281032974 76.9636553847 27311.5196476
86.2 0.00237359015591 76.8082708497 27358.7629666
86.3 0.00236441628721 76.6140782551 27391.9815899
86.4 0.00235528843782 76.4030620024 27418.9078724
86.5 0.00234620632404 76.1315993069 27423.7587856
86.6 0.00233716966424 75.8993058841 27442.3055395
86.7 0.00232817817882 75.7508938956 27490.9309458
86.8 0.00231923159024 75.6214427872 27546.3252692
86.9 0.002310329623 75.4525474193 27587.2102569
87.0 0.00230147200357 75.266929135 27621.7622794
87.1 0.00229265846043 75.0990560188 27662.6077584
87.2 0.00228388872401 74.8294946345 27665.6614781
87.3 0.00227516252674 74.5261696587 27655.7097132
87.4 0.00226647960293 74.3546358694 27694.2736082
87.5 0.00225783968886 74.2050100853 27740.8165077
87.6 0.00224924252269 73.9822881972 27759.7801562
87.7 0.00224068784448 73.7442893119 27772.6346586
87.8 0.00223217539615 73.5521687125 27802.4308315
87.9 0.00222370492152 73.3378070528 27823.5144634
88.0 0.00221527616619 73.1217234272 27843.6040921
88.1 0.00220688887765 72.9140665177 27866.5692357
88.2 0.00219854280516 72.6949299856 27884.8076189
88.3 0.0021902376998 72.5310356124 27923.9563851
88.4 0.00218197331443 72.4032938305 27976.870973
88.5 0.00217374940367 72.2305060211 28012.2131128
88.6 0.00216556572389 71.9889836823 28020.5699049
88.7 0.00215742203322 71.7664791485 28035.9277682
88.8 0.0021493180915 71.5745062412 28062.8800645
88.9 0.00214125366027 71.3358343509 28071.1647506
89.0 0.00213322850279 71.0941108842 28077.8176163
89.1 0.00212524238399 70.9232952601 28112.1388863
89.2 0.00211729507047 70.6548542788 28107.3877321
89.3 0.00210938633048 70.3806844546 28099.8303731
89.4 0.00210151593392 70.2587162132 28152.7222513
89.5 0.00209368365231 70.1173166416 28197.7003805
89.6 0.00208588925879 69.8515562267 28192.3291641
89.7 0.00207813252811 69.5667096664 28178.7065134
89.8 0.00207041323658 69.3868780415 28207.1959129
89.9 0.00206273116211 69.1775567553 28223.3800317
90.0 0.00205508608417 68.957502985 28234.807581
90.1 0.00204747778377 68.7578874589 28254.2380352
90.2 0.00203990604346 68.5206556713 28257.8181741
90.3 0.00203237064733 68.2648343976 28253.2540442
90.4 0.00202487138097 68.0579797551 28268.5207903
90.5 0.00201740803145 67.7812559121 28254.2980666
90.6 0.00200998038737 67.5900253857 28275.2652711
90.7 0.00200258823877 67.4466785684 28316.0131131
90.8 0.00199523137718 67.2167787833 28320.113316
90.9 0.00198790959555 66.9689922613 28316.2088326
91.0 0.00198062268831 66.664563613 28287.7716633
91.1 0.0019733704513 66.3598093674 28258.5248687
91.2 0.00196615268177 66.1666557863 28276.2955768
91.3 0.00195896917837 65.9211118266 28271.2580697
91.4 0.00195181974119 65.6546450984 28256.7149335
91.5 0.00194470417164 65.4556414422 28270.7426353
91.6 0.00193762227255 65.1624292326 28243.5736005
91.7 0.0019305738481 64.8878209187 28223.8427658
91.8 0.0019235587038 64.772775553 28273.1610819
91.9 0.00191657664653 64.5437355473 28272.4339988
92.0 0.00190962748448 64.3050296243 28266.9938858
92.1 0.00190271102717 64.0953534855 28273.8632108
92.2 0.00189582708542 63.7628687914 28225.960109
92.3 0.00188897547134 63.5257291947 28219.6194725
92.4 0.00188215599836 63.3376442814 28234.6477317
92.5 0.00187536848114 63.1000377377 28227.1749981
92.6 0.00186861273564 62.9051904733 28238.3923878
92.7 0.00186188857908 62.7698134612 28276.0264545
92.8 0.00185519582991 62.6761134487 28332.3123592
92.9 0.00184853430783 62.5608269079 28378.7483332
93.0 0.00184190383374 62.3560380586 28384.3162703
93.1 0.00183530422981 62.1767808472 28401.1354201
93.2 0.00182873531936 61.9463962128 28394.1873054
93.3 0.00182219692696 61.7677775064 28410.5528172
93.4 0.00181568887833 61.5422026393 28404.9118675
93.5 0.00180921100039 61.3261217947 28403.1825005
93.6 0.00180276312124 61.1379893611 28413.9847771
93.7 0.00179634507011 60.9371046886 28418.4701103
93.8 0.00178995667742 60.6887859124 28400.3451075
93.9 0.0017835977747 60.4817285663 28401.0278572
94.0 0.00177726819464 60.2962522079 28411.442616
94.1 0.00177096777104 60.0818224054 28407.7986381
94.2 0.00176469633883 59.7387105482 28342.6373679
94.3 0.00175845373404 59.5474397334 28348.8770962
94.4 0.0017522397938 59.4121115209 28381.4466997
94.5 0.00174605435633 59.1795150534 28367.178632
94.6 0.00173989726094 59.0213233216 28388.1645029
94.7 0.00173376834801 58.6891453414 28324.8890472
94.8 0.00172766745899 58.4459245769 28303.827119
94.9 0.00172159443638 58.201958366 28281.8271767
95.0 0.00171554912373 58.0506000315 28304.400333
95.1 0.00170953136565 57.8432484175 28299.3033289
95.2 0.00170354100775 57.6412725069 28296.3815666
95.3 0.00169757789671 57.4597822349 28303.1025409
95.4 0.00169164188018 57.2185858279 28279.9326085
95.5 0.00168573280686 57.0511191925 28292.7432692
95.6 0.00167985052642 56.9234359622 28325.0117541
95.7 0.00167399488955 56.7112433177 28314.8801518
95.8 0.00166816574792 56.3920255669 28250.6398605
95.9 0.00166236295417 56.0563940541 28177.292389
96.0 0.00165658636192 55.6938577624 28089.4595972
96.1 0.00165083582576 55.4421932272 28056.7229894
96.2 0.00164511120122 55.3133633879 28085.7192142
96.3 0.00163941234479 55.1558157802 28099.8641181
96.4 0.00163373911391 54.9120301126 28069.6061816
96.5 0.00162809136694 54.7266899669 28068.7067755
96.6 0.00162246896319 54.5413609756 28067.3938642
96.7 0.00161687176287 54.305054608 28039.3386572
96.8 0.00161129962711 54.1607452246 28058.3440036
96.9 0.00160575241795 53.9605411814 28048.0127729
97.0 0.00160022999834 53.7416525323 28027.4585104
97.1 0.00159473223211 53.5905372392 28041.8216898
97.2 0.00158925898397 53.4286766208 28050.2316996
97.3 0.00158381011954 53.278211627 28064.2934373
97.4 0.00157838550528 53.0614835725 28043.0224197
97.5 0.00157298500855 52.8013824254 27998.2058283
97.6 0.00156760849754 52.5130790556 27937.6835989
97.7 0.00156225584131 52.2716198506 27901.3617248
97.8 0.00155692690977 51.9990787506 27847.7524982
97.9 0.00155162157366 51.599970608 27725.3826515
98.0 0.00154633970458 51.3317391777 27672.3602833
98.1 0.00154108117492 51.0452881228 27608.7378685
98.2 0.00153584585792 50.6774459895 27500.134949
98.3 0.00153063362764 50.4783092731 27482.273843
98.4 0.00152544435894 50.216712073 27429.7874242
98.5 0.00152027792747 50.0055484814 27404.2057586
98.6 0.00151513420971 49.7163763772 27335.1777598
98.7 0.00151001308292 49.4127588346 27257.3421302
98.8 0.00150491442512 49.1553178804 27204.1674868
98.9 0.00149983811516 48.9184842472 27161.7041001
99.0 0.00149478403263 48.8013668022 27185.2708451
99.1 0.0014897520579 48.5976315285 27160.2027638
99.2 0.0014847420721 48.3128217698 27089.1329579
99.3 0.00147975395712 48.0751231504 27043.722944
99.4 0.00147478759561 47.7792863142 26964.8295859
99.5 0.00146984287095 47.6032665107 26952.887936
99.6 0.00146491966728 47.3945058504 26921.8972658
99.7 0.00146001786947 47.2066914382 26902.2698435
99.8 0.0014551373631 47.040423685 26894.4627452
99.9 0.00145027803452 46.8593084629 26877.7185602
100.0 0.00144543977075 46.7174092528 26883.063053
100.1 0.00144062245955 46.5754637506 26888.0469692
100.2 0.0014358259894 46.413489922 26881.0956157
100.3 0.00143105024946 46.2549946899 26875.7534958
100.4 0.00142629512961 46.0720872709 26855.7806179
100.5 0.0014215605204 45.9083167122 26846.5045843
100.6 0.0014168463131 45.7493792152 26839.6398005
100.7 0.00141215239963 45.5112929521 26785.7840788
100.8 0.00140747867262 45.2510022385 26718.1092474
100.9 0.00140282502535 44.9228032501 26609.4143372
101.0 0.00139819135179 44.6845366822 26553.1040065
101.1 0.00139357754655 44.5138675144 26536.3729004
101.2 0.00138898350491 44.3237168042 26507.5278751
101.3 0.00138440912282 44.0962473755 26455.7538259
101.4 0.00137985429687 43.9023790623 26423.5186824
101.5 0.00137531892427 43.7881653047 26438.8198347
101.6 0.00137080290292 43.5816565037 26397.9626517
101.7 0.00136630613131 43.3123214261 26318.3185577
101.8 0.00136182850858 43.0957985697 26270.0110574
101.9 0.0013573699345 42.8453456337 26200.3000512
102.0 0.00135293030947 42.6371486881 26155.7217632
102.1 0.00134850953448 42.4497147761 26123.2931171
102.2 0.00134410751117 42.1968157053 26049.9007213
102.3 0.00133972414175 41.9658871907 25989.3073876
102.4 0.00133535932906 41.6866667545 25897.9883093
102.5 0.00133101297653 41.4802060539 25851.097777
102.6 0.00132668498821 41.2320913957 25777.5322683
102.7 0.0013223752687 40.9251129183 25666.2499424
102.8 0.00131808372322 40.6944682023 25601.9554671
102.9 0.00131381025756 40.4837589131 25549.5049955
103.0 0.00130955477809 40.3293354494 25532.0273819
103.1 0.00130531719176 40.1521353322 25499.6450584
103.2 0.0013010974061 39.8541217575 25389.7640839
103.3 0.00129689532917 39.6348640968 25329.1964242
103.4 0.00129271086964 39.4201819852 25270.856701
103.5 0.00128854393671 39.2137379386 25217.125045
103.6 0.00128439444014 38.9825410107 25146.766804
103.7 0.00128026229024 38.7582045936 25080.0867323
103.8 0.00127614739789 38.5255588392 25007.2766718
103.9 0.00127204967447 38.1935959894 24869.0255455
104.0 0.00126796903193 37.9665029273 24798.0928804
104.1 0.00126390538275 37.7000344507 24700.6057213
104.2 0.00125985863995 37.5459922829 24676.0884799
104.3 0.00125582871706 37.4090779069 24662.398998
104.4 0.00125181552814 37.227779863 24618.9625591
104.5 0.00124781898778 37.0567162126 24581.7359758
104.6 0.00124383901109 36.8463447568 24517.8143568
104.7 0.00123987551367 36.6549996766 24465.8890447
104.8 0.00123592841164 36.5032253541 24439.830103
104.9 0.00123199762166 36.2736954352 24361.0851106
105.0 0.00122808306083 36.1053287197 24322.753551
105.1 0.00122418464681 35.8800466485 24245.423352
105.2 0.00122030229772 35.5166449059 24073.6960472
105.3 0.00121643593217 35.3329732361 24022.8109385
105.4 0.00121258546929 35.112708949 23946.3601393
105.5 0.00120875082866 34.8810214385 23861.3295439
105.6 0.00120493193037 34.6788699703 23795.7497561
105.7 0.00120112869498 34.4971063938 23743.5075978
105.8 0.0011973410435 34.3497169561 23714.3851726
105.9 0.00119356889746 34.2788924357 23737.8145379
106.0 0.00118981217882 34.1546740263 23724.0095164
106.1 0.00118607081003 34.0310651283 23710.2554037
106.2 0.00118234471398 33.7576588066 23591.4431423
106.3 0.00117863381404 33.4606139942 23455.04931
106.4 0.00117493803403 33.297075929 23411.4091381
106.5 0.00117125729821 33.0592671335 23314.8408311
106.6 0.00116759153131 32.8208936134 23217.0038048
106.7 0.00116394065849 32.6795133602 23187.1117686
106.8 0.00116030460537 32.4780393225 23113.9915137
106.9 0.00115668329799 32.2291513818 23006.304213
107.0 0.00115307666285 31.9920352611 22906.1168439
107.1 0.00114948462688 31.8570902625 22878.4236007
107.2 0.00114590711742 31.6327991494 22785.9311368
107.3 0.00114234406226 31.4359569543 22712.4397037
107.4 0.00113879538961 31.2333526435 22634.0584712
107.5 0.00113526102811 30.9384869267 22487.8745501
107.6 0.0011317409068 30.6885035673 22373.2640529
107.7 0.00112823495517 30.529583447 22324.2871656
107.8 0.00112474310309 30.4162966687 22308.2207318
107.9 0.00112126528087 30.236235177 22242.6731955
108.0 0.00111780141919 30.0765326164 22191.4917503
108.1 0.00111435144919 29.9063274937 22131.9701745
108.2 0.00111091530237 29.7372868588 22072.6966413
108.3 0.00110749291065 29.5020366227 21963.5184223
108.4 0.00110408420634 29.2750002261 21859.5636544
108.5 0.00110068912214 29.0370317547 21746.5452991
108.6 0.00109730759116 28.8279169984 21654.2725418
108.7 0.0010939395469 28.5322636707 21496.0001345
108.8 0.00109058492321 28.3152873756 21395.9860327
108.9 0.00108724365438 27.9954922277 21217.2043601
109.0 0.00108391567504 27.7161609447 21067.8716034
109.1 0.00108060092021 27.5090329433 20972.4548352
109.2 0.00107729932529 27.287230087 20865.0089253
109.3 0.00107401082606 26.9677424654 20681.7705317
109.4 0.00107073535867 26.7944961038 20609.6940234
109.5 0.00106747285963 26.6486613536 20558.1013545
109.6 0.00106422326582 26.41853709 20440.7513378
109.7 0.00106098651449 26.2614776845 20379.1734867
109.8 0.00105776254324 26.0050280951 20239.6447715
109.9 0.00105455129005 25.7307132263 20085.1172371
110.0 0.00105135269325 25.5697675991 20018.2059883
110.1 0.0010481666915 25.4478804325 19981.3421196
110.2 0.00104499322385 25.2271734628 19866.2155695
110.3 0.00104183222967 25.0319831705 19770.3411466
110.4 0.0010386836487 24.7854841555 19633.0383007
110.5 0.00103554742101 24.4844715986 19451.4013038
110.6 0.00103242348702 24.2312770878 19306.5806674
110.7 0.00102931178749 23.9535825363 19141.1176142
110.8 0.00102621226352 23.6788341817 18976.833288
110.9 0.00102312485654 23.3978355878 18806.3527981
111.0 0.00102004950833 23.1972046486 18699.4518259
111.1 0.00101698616098 22.9319101494 18539.4412846
111.2 0.00101393475692 22.6413300144 18357.7900084
111.3 0.00101089523892 22.4358618556 18244.0871464
111.4 0.00100786755005 22.2456611513 18141.971657
111.5 0.00100485163372 21.9681738073 17967.6706206
111.6 0.00100184743366 21.8359430989 17911.30802
111.7 0.000998854893923 21.6728694054 17829.0483704
111.8 0.000995873958866 21.5221930807 17756.3439398
111.9 0.000992904573169 21.3983618913 17705.2354925
112.0 0.000989946681825 21.3000968558 17674.8522264
112.1 0.000987000230136 21.0591313129 17525.3452078
112.2 0.000984065163713 20.8383632019 17391.6397609
112.3 0.000981141428475 20.5122901303 17168.8324886
112.4 0.000978228970645 20.2071704586 16962.1418303
112.5 0.000975327736747 19.9029320066 16754.8176991
112.6 0.000972437673609 19.6553581579 16593.9571106
112.7 0.000969558728355 19.3759033731 16404.9990217
112.8 0.000966690848408 19.0771318535 16198.3759092
112.9 0.000963833981484 18.7747863329 15987.3482641
113.0 0.000960988075594 18.4672657391 15770.5184585
113.1 0.000958153079038 18.2551808695 15634.0088743
113.2 0.000955328940408 17.9602786526 15425.4211162
113.3 0.000952515608581 17.6660551856 15216.0592822
113.4 0.00094971303272 17.3913078287 15022.1608697
113.5 0.000946921162272 16.9970527956 14723.4727245
113.6 0.000944139946966 16.7112109636 14517.1021295
113.7 0.000941369336812 16.3958172733 14283.6556118
113.8 0.000938609282095 16.2010614577 14154.123346
113.9 0.00093585973338 15.9390117295 13964.7452967
114.0 0.000933120641505 15.682613534 13779.1081895
114.1 0.000930391957581 15.339419489 13515.7937479
114.2 0.000927673632989 15.0144162509 13266.9156352
114.3 0.000924965619383 14.7506083761 13070.7123444
114.4 0.00092226786868 14.4936519107 12879.3482313
114.5 0.000919580333067 14.3119459352 12753.823689
114.6 0.000916902964992 14.1101756184 12609.525204
114.7 0.000914235717168 13.9014864713 12458.0790197
114.8 0.000911578542567 13.7284810031 12337.7164678
114.9 0.000908931394423 13.4760632843 12144.9780561
115.0 0.000906294226223 13.2987867652 12018.9366719
115.1 0.000903666991716 13.1123890311 11883.7941709
115.2 0.000901049644899 12.7876238283 11622.0130741
115.3 0.000898442140026 12.4231137513 11322.4164435
115.4 0.0008958444316 12.1809325882 11132.8229463
115.5 0.000893256474376 11.9862456151 10985.5797656
115.6 0.000890678223353 11.7629747672 10811.1270101
115.7 0.000888109633779 11.5578949476 10652.3515874
115.8 0.000885550661147 11.381479207 10519.0702658
115.9 0.000883001261192 11.1347361546 10319.7559946
116.0 0.000880461389891 10.8913168781 10122.3115245
116.1 0.000877931003462 10.5638793903 9845.35780026
116.2 0.000875410058359 10.2516093722 9580.93388101
116.3 0.000872898511277 10.0481627646 9416.92561516
116.4 0.000870396319144 9.88663307907 9291.30128475
116.5 0.000867903439123 9.67713156471 9119.67548041
116.6 0.000865419828609 9.40227624779 8885.24331075
116.7 0.00086294544523 9.16161874084 8681.8260447
116.8 0.000860480246841 8.99481791687 8547.37500462
116.9 0.000858024191528 8.86976975546 8451.87795978
117.0 0.000855577237603 8.70157736782 8314.54176935
117.1 0.000853139343602 8.38394606196 8033.17534549
117.2 0.000850710468287 8.05956944677 7743.69122743
117.3 0.000848290570642 7.76862467873 7484.74000957
117.4 0.000845879609873 7.5208155866 7265.95816082
117.5 0.000843477545405 7.28598835786 7058.47339502
117.6 0.00084108433688 6.92698348943 6729.14368461
117.7 0.000838699944161 6.64389673088 6471.88584579
117.8 0.000836324327324 6.43893434969 6289.45892624
117.9 0.000833957446659 6.272252322 6143.46108185
118.0 0.000831599262672 6.05134719706 5943.34519155
118.1 0.000829249736079 5.69341711355 5607.12414497
118.2 0.000826908827806 5.38830708192 5321.16575697
118.3 0.000824576498988 5.11456472784 5064.64960582
118.4 0.000822252710971 4.87010733902 4835.75770032
118.5 0.000819937425303 4.69215908104 4671.7866301
118.6 0.000817630603741 4.49972114016 4492.40752225
118.7 0.000815332208244 4.29323695386 4297.94329282
118.8 0.000813042200976 4.10521512508 4120.90899332
118.9 0.000810760544299 3.96541443497 3991.40662283
119.0 0.00080848720078 3.79931290123 3834.61483113
119.1 0.00080622213318 3.58610290859 3629.25712175
119.2 0.000803965304462 3.4657068514 3516.93328406
119.3 0.000801716677783 3.31442536042 3372.53819103
119.4 0.000799476216497 3.17131555611 3235.66412247
119.5 0.000797243884151 3.00419751101 3073.45469751
119.6 0.000795019644487 2.81313045795 2885.76912901
119.7 0.000792803461437 2.66169975459 2737.80914849
119.8 0.000790595299125 2.56289958867 2643.30400323
119.9 0.000788395121862 2.34346061903 2423.50333208
120.0 0.00078620289415 2.19239772315 2273.39430179
120.1 0.000784018580678 2.02542114322 2105.90731503
120.2 0.00078184214632 1.93747289716 2019.88696497
120.3 0.000779673556136 1.78740033117 1868.44281444
120.4 0.000777512775368 1.5577524293 1632.75863769
120.5 0.000775359769443 1.46786600559 1542.67547134
120.6 0.000773214503967 1.3839955793 1458.43308252
120.7 0.00077107694473 1.27653392502 1348.79778309
120.8 0.000768947057698 1.16686763519 1236.22576835
120.9 0.000766824809017 1.10583690999 1174.70287932
121.0 0.000764710165009 0.982216157173 1046.17375299
121.1 0.000762603092174 0.887286891647 947.588208507
121.2 0.000760503557187 0.801071956017 857.797922808
121.3 0.000758411526894 0.744848478872 799.720671513
121.4 0.000756326968317 0.684273785444 736.641633471
121.5 0.000754249848648 0.612372401846 660.993193764
121.6 0.000752180135253 0.583020339244 630.985171005
121.7 0.000750117795664 0.512327700317 555.950858806
121.8 0.000748062797584 0.458210419704 498.546534832
121.9 0.000746015108884 0.432056819902 471.338411577
122.0 0.0007439746976 0.39048782952 427.119850349
122.1 0.000741941531935 0.339027183918 371.81432401
122.2 0.000739915580258 0.307819155319 338.482045767
122.3 0.0007378968111 0.30738920584 338.903511814
122.4 0.000735885193155 0.286307739337 316.495155913
122.5 0.00073388069528 0.252272552281 279.607983575
122.6 0.000731883286491 0.235510683512 261.718746497
122.7 0.000729892935967 0.173354161611 193.15333432
122.8 0.000727909613043 0.138208516807 154.399372553
122.9 0.000725933287213 0.125791268912 140.897432671
123.0 0.000723963928128 0.108124166101 121.427283956
123.1 0.000722001505597 0.0975837755136 109.878096678
123.2 0.000720045989582 0.0718804961701 81.1490897194
123.3 0.000718097350199 0.0647052273004 73.2402983161
123.4 0.000716155557719 0.0538823046772 61.1496716099
123.5 0.000714220582565 0.0538264509081 61.2463226927
123.6 0.000712292395311 0.0376050772138 42.9008745252
123.7 0.000710370966682 0.035816955082 40.9678140946
123.8 0.000708456267553 0.0250932407011 28.7769283072
123.9 0.000706548268949 0.00157266967853 1.80824733271
124.0 0.000704646942039 0.0 0.0
124.1 0.000702752258144 0.0 0.0
124.2 0.000700864188729 0.0 0.0
124.3 0.000698982705404 0.0 0.0
124.4 0.000697107779923 0.0 0.0
124.5 0.000695239384187 0.0 0.0
124.6 0.000693377490237 0.0 0.0
124.7 0.000691522070256 0.0 0.0
124.8 0.000689673096569 0.0 0.0
124.9 0.000687830541642 0.0 0.0
125.0 0.000685994378079 0.0 0.0
125.1 0.000684164578623 0.0 0.0
125.2 0.000682341116156 0.0 0.0
125.3 0.000680523963697 0.0 0.0
125.4 0.000678713094399 0.0 0.0
125.5 0.000676908481554 0.0 0.0
125.6 0.000675110098586 0.0 0.0
125.7 0.000673317919053 0.0 0.0
125.8 0.000671531916649 0.0 0.0
125.9 0.000669752065197 0.0 0.0
126.0 0.000667978338652 0.0 0.0
126.1 0.000666210711103 0.0 0.0
126.2 0.000664449156764 0.0 0.0
126.3 0.000662693649984 0.0 0.0
126.4 0.000660944165235 0.0 0.0
126.5 0.000659200677122 0.0 0.0
126.6 0.000657463160372 0.0 0.0
126.7 0.000655731589842 0.0 0.0
126.8 0.000654005940514 0.0 0.0
126.9 0.000652286187494 0.0 0.0
127.0 0.000650572306012 0.0 0.0
127.1 0.000648864271422 0.0 0.0
127.2 0.0006471620592 0.0 0.0
127.3 0.000645465644947 0.0 0.0
127.4 0.000643775004381 0.0 0.0
127.5 0.000642090113343 0.0 0.0
127.6 0.000640410947794 0.0 0.0
127.7 0.000638737483813 0.0 0.0
127.8 0.000637069697599 0.0 0.0
127.9 0.000635407565469 0.0 0.0
128.0 0.000633751063855 0.0 0.0
128.1 0.000632100169307 0.0 0.0
128.2 0.000630454858492 0.0 0.0
128.3 0.00062881510819 0.0 0.0
128.4 0.000627180895296 0.0 0.0
128.5 0.000625552196822 0.0 0.0
128.6 0.000623928989888 0.0 0.0
128.7 0.000622311251731 0.0 0.0
128.8 0.000620698959697 0.0 0.0
128.9 0.000619092091246 0.0 0.0
129.0 0.000617490623946 0.0 0.0
129.1 0.000615894535477 0.0 0.0
129.2 0.000614303803627 0.0 0.0
129.3 0.000612718406294 0.0 0.0
129.4 0.000611138321484 0.0 0.0
129.5 0.000609563527311 0.0 0.0
129.6 0.000607994001993 0.0 0.0
129.7 0.000606429723859 0.0 0.0
129.8 0.00060487067134 0.0 0.0
129.9 0.000603316822975 0.0 0.0
130.0 0.000601768157404 0.0 0.0
130.1 0.000600224653375 0.0 0.0
130.2 0.000598686289737 0.0 0.0
130.3 0.000597153045443 0.0 0.0
130.4 0.000595624899547 0.0 0.0
130.5 0.000594101831204 0.0 0.0
130.6 0.000592583819674 0.0 0.0
130.7 0.000591070844313 0.0 0.0
130.8 0.00058956288458 0.0 0.0
130.9 0.000588059920032 0.0 0.0
131.0 0.000586561930324 0.0 0.0
131.1 0.000585068895212 0.0 0.0
131.2 0.000583580794547 0.0 0.0
131.3 0.00058209760828 0.0 0.0
131.4 0.000580619316455 0.0 0.0
131.5 0.000579145899215 0.0 0.0
131.6 0.000577677336798 0.0 0.0
131.7 0.000576213609537 0.0 0.0
131.8 0.000574754697859 0.0 0.0
131.9 0.000573300582285 0.0 0.0
132.0 0.00057185124343 0.0 0.0
132.1 0.000570406662001 0.0 0.0
132.2 0.0005689668188 0.0 0.0
132.3 0.000567531694717 0.0 0.0
132.4 0.000566101270737 0.0 0.0
132.5 0.000564675527934 0.0 0.0
132.6 0.000563254447472 0.0 0.0
132.7 0.000561838010607 0.0 0.0
132.8 0.000560426198683 0.0 0.0
132.9 0.000559018993133 0.0 0.0
133.0 0.000557616375477 0.0 0.0
133.1 0.000556218327327 0.0 0.0
133.2 0.000554824830378 0.0 0.0
133.3 0.000553435866414 0.0 0.0
133.4 0.000552051417306 0.0 0.0
133.5 0.000550671465011 0.0 0.0
133.6 0.000549295991569 0.0 0.0
133.7 0.000547924979109 0.0 0.0
133.8 0.000546558409842 0.0 0.0
133.9 0.000545196266064 0.0 0.0
134.0 0.000543838530153 0.0 0.0
134.1 0.000542485184574 0.0 0.0
134.2 0.000541136211871 0.0 0.0
134.3 0.000539791594672 0.0 0.0
134.4 0.000538451315688 0.0 0.0
134.5 0.000537115357708 0.0 0.0
134.6 0.000535783703605 0.0 0.0
134.7 0.000534456336333 0.0 0.0
134.8 0.000533133238923 0.0 0.0
134.9 0.000531814394489 0.0 0.0
135.0 0.000530499786221 0.0 0.0
135.1 0.00052918939739 0.0 0.0
135.2 0.000527883211346 0.0 0.0
135.3 0.000526581211515 0.0 0.0
135.4 0.000525283381402 0.0 0.0
135.5 0.000523989704587 0.0 0.0
135.6 0.00052270016473 0.0 0.0
135.7 0.000521414745564 0.0 0.0
135.8 0.0005201334309 0.0 0.0
135.9 0.000518856204625 0.0 0.0
136.0 0.000517583050698 0.0 0.0
136.1 0.000516313953155 0.0 0.0
136.2 0.000515048896106 0.0 0.0
136.3 0.000513787863735 0.0 0.0
136.4 0.000512530840298 0.0 0.0
136.5 0.000511277810127 0.0 0.0
136.6 0.000510028757623 0.0 0.0
136.7 0.000508783667262 0.0 0.0
136.8 0.000507542523591 0.0 0.0
136.9 0.000506305311227 0.0 0.0
137.0 0.000505072014862 0.0 0.0
137.1 0.000503842619255 0.0 0.0
137.2 0.000502617109236 0.0 0.0
137.3 0.000501395469707 0.0 0.0
137.4 0.000500177685638 0.0 0.0
137.5 0.000498963742068 0.0 0.0
137.6 0.000497753624106 0.0 0.0
137.7 0.000496547316928 0.0 0.0
137.8 0.000495344805781 0.0 0.0
137.9 0.000494146075975 0.0 0.0
138.0 0.000492951112893 0.0 0.0
138.1 0.00049175990198 0.0 0.0
138.2 0.000490572428752 0.0 0.0
138.3 0.000489388678788 0.0 0.0
138.4 0.000488208637735 0.0 0.0
138.5 0.000487032291305 0.0 0.0
138.6 0.000485859625275 0.0 0.0
138.7 0.000484690625488 0.0 0.0
138.8 0.00048352527785 0.0 0.0
138.9 0.000482363568332 0.0 0.0
139.0 0.000481205482971 0.0 0.0
139.1 0.000480051007863 0.0 0.0
139.2 0.000478900129172 0.0 0.0
139.3 0.000477752833122 0.0 0.0
139.4 0.000476609106 0.0 0.0
139.5 0.000475468934157 0.0 0.0
139.6 0.000474332304004 0.0 0.0
139.7 0.000473199202015 0.0 0.0
139.8 0.000472069614723 0.0 0.0
139.9 0.000470943528725 0.0 0.0
140.0 0.000469820930677 0.0 0.0
140.1 0.000468701807295 0.0 0.0
140.2 0.000467586145357 0.0 0.0
140.3 0.000466473931697 0.0 0.0
140.4 0.000465365153212 0.0 0.0
140.5 0.000464259796857 0.0 0.0
140.6 0.000463157849646 0.0 0.0
140.7 0.000462059298649 0.0 0.0
140.8 0.000460964130998 0.0 0.0
140.9 0.00045987233388 0.0 0.0
141.0 0.000458783894541 0.0 0.0
141.1 0.000457698800285 0.0 0.0
141.2 0.000456617038469 0.0 0.0
141.3 0.000455538596512 0.0 0.0
141.4 0.000454463461886 0.0 0.0
141.5 0.00045339162212 0.0 0.0
141.6 0.000452323064799 0.0 0.0
141.7 0.000451257777563 0.0 0.0
141.8 0.000450195748107 0.0 0.0
141.9 0.000449136964182 0.0 0.0
142.0 0.000448081413592 0.0 0.0
142.1 0.000447029084198 0.0 0.0
142.2 0.000445979963913 0.0 0.0
142.3 0.000444934040703 0.0 0.0
142.4 0.000443891302591 0.0 0.0
142.5 0.000442851737649 0.0 0.0
142.6 0.000441815334005 0.0 0.0
142.7 0.000440782079839 0.0 0.0
142.8 0.000439751963382 0.0 0.0
142.9 0.00043872497292 0.0 0.0
143.0 0.000437701096788 0.0 0.0
143.1 0.000436680323375 0.0 0.0
143.2 0.000435662641119 0.0 0.0
143.3 0.000434648038512 0.0 0.0
143.4 0.000433636504093 0.0 0.0
143.5 0.000432628026456 0.0 0.0
143.6 0.000431622594241 0.0 0.0
143.7 0.000430620196142 0.0 0.0
143.8 0.0004296208209 0.0 0.0
143.9 0.000428624457307 0.0 0.0
144.0 0.000427631094204 0.0 0.0
144.1 0.000426640720481 0.0 0.0
144.2 0.000425653325076 0.0 0.0
144.3 0.000424668896976 0.0 0.0
144.4 0.000423687425218 0.0 0.0
144.5 0.000422708898885 0.0 0.0
144.6 0.000421733307109 0.0 0.0
144.7 0.000420760639068 0.0 0.0
144.8 0.000419790883989 0.0 0.0
144.9 0.000418824031146 0.0 0.0
145.0 0.000417860069859 0.0 0.0
145.1 0.000416898989495 0.0 0.0
145.2 0.000415940779467 0.0 0.0
145.3 0.000414985429235 0.0 0.0
145.4 0.000414032928304 0.0 0.0
145.5 0.000413083266226 0.0 0.0
145.6 0.000412136432598 0.0 0.0
145.7 0.00041119241706 0.0 0.0
145.8 0.000410251209301 0.0 0.0
145.9 0.000409312799051 0.0 0.0
146.0 0.000408377176087 0.0 0.0
146.1 0.000407444330229 0.0 0.0
146.2 0.000406514251343 0.0 0.0
146.3 0.000405586929336 0.0 0.0
146.4 0.000404662354161 0.0 0.0
146.5 0.000403740515813 0.0 0.0
146.6 0.000402821404332 0.0 0.0
146.7 0.000401905009799 0.0 0.0
146.8 0.000400991322339 0.0 0.0
146.9 0.000400080332119 0.0 0.0
147.0 0.000399172029349 0.0 0.0
147.1 0.00039826640428 0.0 0.0
147.2 0.000397363447207 0.0 0.0
147.3 0.000396463148466 0.0 0.0
147.4 0.000395565498432 0.0 0.0
147.5 0.000394670487525 0.0 0.0
147.6 0.000393778106203 0.0 0.0
147.7 0.000392888344968 0.0 0.0
147.8 0.000392001194361 0.0 0.0
147.9 0.000391116644962 0.0 0.0
148.0 0.000390234687395 0.0 0.0
148.1 0.000389355312321 0.0 0.0
148.2 0.000388478510443 0.0 0.0
148.3 0.000387604272501 0.0 0.0
148.4 0.000386732589278 0.0 0.0
148.5 0.000385863451593 0.0 0.0
148.6 0.000384996850307 0.0 0.0
148.7 0.000384132776318 0.0 0.0
148.8 0.000383271220564 0.0 0.0
148.9 0.00038241217402 0.0 0.0
149.0 0.000381555627701 0.0 0.0
149.1 0.000380701572659 0.0 0.0
149.2 0.000379849999985 0.0 0.0
149.3 0.000379000900808 0.0 0.0
149.4 0.000378154266292 0.0 0.0
149.5 0.000377310087641 0.0 0.0
149.6 0.000376468356097 0.0 0.0
149.7 0.000375629062936 0.0 0.0
149.8 0.000374792199474 0.0 0.0
149.9 0.00037395775706 0.0 0.0
150.0 0.000373125727084 0.0 0.0
150.1 0.00037229610097 0.0 0.0
150.2 0.000371468870177 0.0 0.0
150.3 0.000370644026202 0.0 0.0
150.4 0.000369821560577 0.0 0.0
150.5 0.00036900146487 0.0 0.0
150.6 0.000368183730684 0.0 0.0
150.7 0.000367368349658 0.0 0.0
150.8 0.000366555313465 0.0 0.0
150.9 0.000365744613814 0.0 0.0
151.0 0.000364936242448 0.0 0.0
151.1 0.000364130191145 0.0 0.0
151.2 0.000363326451719 0.0 0.0
151.3 0.000362525016014 0.0 0.0
151.4 0.000361725875913 0.0 0.0
151.5 0.000360929023331 0.0 0.0
151.6 0.000360134450215 0.0 0.0
151.7 0.000359342148548 0.0 0.0
151.8 0.000358552110346 0.0 0.0
151.9 0.000357764327657 0.0 0.0
152.0 0.000356978792565 0.0 0.0
152.1 0.000356195497183 0.0 0.0
152.2 0.00035541443366 0.0 0.0
152.3 0.000354635594177 0.0 0.0
152.4 0.000353858970946 0.0 0.0
152.5 0.000353084556213 0.0 0.0
152.6 0.000352312342255 0.0 0.0
152.7 0.000351542321383 0.0 0.0
152.8 0.000350774485938 0.0 0.0
152.9 0.000350008828293 0.0 0.0
153.0 0.000349245340852 0.0 0.0
153.1 0.000348484016053 0.0 0.0
153.2 0.000347724846363 0.0 0.0
153.3 0.00034696782428 0.0 0.0
153.4 0.000346212942334 0.0 0.0
153.5 0.000345460193086 0.0 0.0
153.6 0.000344709569127 0.0 0.0
153.7 0.000343961063079 0.0 0.0
153.8 0.000343214667593 0.0 0.0
153.9 0.000342470375352 0.0 0.0
154.0 0.000341728179069 0.0 0.0
154.1 0.000340988071486 0.0 0.0
154.2 0.000340250045375 0.0 0.0
154.3 0.000339514093538 0.0 0.0
154.4 0.000338780208807 0.0 0.0
154.5 0.000338048384043 0.0 0.0
154.6 0.000337318612134 0.0 0.0
154.7 0.000336590886002 0.0 0.0
154.8 0.000335865198594 0.0 0.0
154.9 0.000335141542886 0.0 0.0
155.0 0.000334419911886 0.0 0.0
155.1 0.000333700298626 0.0 0.0
155.2 0.000332982696171 0.0 0.0
155.3 0.00033226709761 0.0 0.0
155.4 0.000331553496063 0.0 0.0
155.5 0.000330841884678 0.0 0.0
155.6 0.000330132256629 0.0 0.0
155.7 0.00032942460512 0.0 0.0
155.8 0.000328718923381 0.0 0.0
155.9 0.000328015204669 0.0 0.0
156.0 0.000327313442271 0.0 0.0
156.1 0.0003266136295 0.0 0.0
156.2 0.000325915759694 0.0 0.0
156.3 0.000325219826221 0.0 0.0
156.4 0.000324525822474 0.0 0.0
156.5 0.000323833741875 0.0 0.0
156.6 0.000323143577869 0.0 0.0
156.7 0.000322455323931 0.0 0.0
156.8 0.00032176897356 0.0 0.0
156.9 0.000321084520283 0.0 0.0
157.0 0.000320401957651 0.0 0.0
157.1 0.000319721279244 0.0 0.0
157.2 0.000319042478665 0.0 0.0
157.3 0.000318365549544 0.0 0.0
157.4 0.000317690485536 0.0 0.0
157.5 0.000317017280324 0.0 0.0
157.6 0.000316345927613 0.0 0.0
157.7 0.000315676421134 0.0 0.0
157.8 0.000315008754646 0.0 0.0
157.9 0.000314342921929 0.0 0.0
158.0 0.000313678916792 0.0 0.0
158.1 0.000313016733065 0.0 0.0
158.2 0.000312356364605 0.0 0.0
158.3 0.000311697805292 0.0 0.0
158.4 0.000311041049034 0.0 0.0
158.5 0.000310386089758 0.0 0.0
158.6 0.00030973292142 0.0 0.0
158.7 0.000309081537998 0.0 0.0
158.8 0.000308431933493 0.0 0.0
158.9 0.000307784101932 0.0 0.0
159.0 0.000307138037366 0.0 0.0
159.1 0.000306493733867 0.0 0.0
159.2 0.000305851185533 0.0 0.0
159.3 0.000305210386484 0.0 0.0
159.4 0.000304571330865 0.0 0.0
159.5 0.000303934012844 0.0 0.0
159.6 0.000303298426609 0.0 0.0
159.7 0.000302664566376 0.0 0.0
159.8 0.000302032426381 0.0 0.0
159.9 0.000301402000882 0.0 0.0
160.0 0.000300773284162 0.0 0.0
160.1 0.000300146270526 0.0 0.0
160.2 0.0002995209543 0.0 0.0
160.3 0.000298897329835 0.0 0.0
160.4 0.000298275391503 0.0 0.0
160.5 0.000297655133697 0.0 0.0
160.6 0.000297036550833 0.0 0.0
160.7 0.000296419637351 0.0 0.0
160.8 0.00029580438771 0.0 0.0
160.9 0.000295190796392 0.0 0.0
161.0 0.000294578857901 0.0 0.0
161.1 0.000293968566763 0.0 0.0
161.2 0.000293359917524 0.0 0.0
161.3 0.000292752904752 0.0 0.0
161.4 0.000292147523037 0.0 0.0
161.5 0.00029154376699 0.0 0.0
161.6 0.000290941631243 0.0 0.0
161.7 0.000290341110448 0.0 0.0
161.8 0.000289742199281 0.0 0.0
161.9 0.000289144892434 0.0 0.0
162.0 0.000288549184625 0.0 0.0
162.1 0.000287955070588 0.0 0.0
162.2 0.000287362545082 0.0 0.0
162.3 0.000286771602882 0.0 0.0
162.4 0.000286182238787 0.0 0.0
162.5 0.000285594447614 0.0 0.0
162.6 0.000285008224202 0.0 0.0
162.7 0.000284423563408 0.0 0.0
162.8 0.000283840460111 0.0 0.0
162.9 0.000283258909209 0.0 0.0
163.0 0.000282678905619 0.0 0.0
163.1 0.000282100444279 0.0 0.0
163.2 0.000281523520147 0.0 0.0
163.3 0.0002809481282 0.0 0.0
163.4 0.000280374263433 0.0 0.0
163.5 0.000279801920863 0.0 0.0
163.6 0.000279231095523 0.0 0.0
163.7 0.00027866178247 0.0 0.0
163.8 0.000278093976776 0.0 0.0
163.9 0.000277527673533 0.0 0.0
164.0 0.000276962867853 0.0 0.0
164.1 0.000276399554866 0.0 0.0
164.2 0.000275837729721 0.0 0.0
164.3 0.000275277387585 0.0 0.0
164.4 0.000274718523646 0.0 0.0
164.5 0.000274161133108 0.0 0.0
164.6 0.000273605211194 0.0 0.0
164.7 0.000273050753147 0.0 0.0
164.8 0.000272497754225 0.0 0.0
164.9 0.000271946209708 0.0 0.0
165.0 0.000271396114891 0.0 0.0
165.1 0.00027084746509 0.0 0.0
165.2 0.000270300255636 0.0 0.0
165.3 0.00026975448188 0.0 0.0
165.4 0.000269210139189 0.0 0.0
165.5 0.000268667222951 0.0 0.0
165.6 0.000268125728567 0.0 0.0
165.7 0.000267585651459 0.0 0.0
165.8 0.000267046987066 0.0 0.0
165.9 0.000266509730844 0.0 0.0
166.0 0.000265973878266 0.0 0.0
166.1 0.000265439424822 0.0 0.0
166.2 0.00026490636602 0.0 0.0
166.3 0.000264374697385 0.0 0.0
166.4 0.000263844414459 0.0 0.0
166.5 0.000263315512801 0.0 0.0
166.6 0.000262787987987 0.0 0.0
166.7 0.000262261835609 0.0 0.0
166.8 0.000261737051276 0.0 0.0
166.9 0.000261213630615 0.0 0.0
167.0 0.000260691569268 0.0 0.0
167.1 0.000260170862894 0.0 0.0
167.2 0.000259651507168 0.0 0.0
167.3 0.000259133497783 0.0 0.0
167.4 0.000258616830447 0.0 0.0
167.5 0.000258101500885 0.0 0.0
167.6 0.000257587504836 0.0 0.0
167.7 0.000257074838057 0.0 0.0
167.8 0.000256563496322 0.0 0.0
167.9 0.000256053475419 0.0 0.0
168.0 0.000255544771153 0.0 0.0
168.1 0.000255037379344 0.0 0.0
168.2 0.000254531295827 0.0 0.0
168.3 0.000254026516456 0.0 0.0
168.4 0.000253523037096 0.0 0.0
168.5 0.000253020853632 0.0 0.0
168.6 0.000252519961962 0.0 0.0
168.7 0.000252020357999 0.0 0.0
168.8 0.000251522037672 0.0 0.0
168.9 0.000251024996927 0.0 0.0
169.0 0.000250529231722 0.0 0.0
169.1 0.000250034738033 0.0 0.0
169.2 0.000249541511849 0.0 0.0
169.3 0.000249049549174 0.0 0.0
169.4 0.00024855884603 0.0 0.0
169.5 0.000248069398451 0.0 0.0
169.6 0.000247581202485 0.0 0.0
169.7 0.000247094254197 0.0 0.0
169.8 0.000246608549667 0.0 0.0
169.9 0.000246124084987 0.0 0.0
170.0 0.000245640856266 0.0 0.0
170.1 0.000245158859627 0.0 0.0
170.2 0.000244678091205 0.0 0.0
170.3 0.000244198547154 0.0 0.0
170.4 0.000243720223638 0.0 0.0
170.5 0.000243243116837 0.0 0.0
170.6 0.000242767222946 0.0 0.0
170.7 0.000242292538173 0.0 0.0
170.8 0.00024181905874 0.0 0.0
170.9 0.000241346780883 0.0 0.0
171.0 0.000240875700853 0.0 0.0
171.1 0.000240405814914 0.0 0.0
171.2 0.000239937119344 0.0 0.0
171.3 0.000239469610434 0.0 0.0
171.4 0.00023900328449 0.0 0.0
171.5 0.000238538137832 0.0 0.0
171.6 0.000238074166792 0.0 0.0
171.7 0.000237611367715 0.0 0.0
171.8 0.000237149736963 0.0 0.0
171.9 0.000236689270907 0.0 0.0
172.0 0.000236229965935 0.0 0.0
172.1 0.000235771818447 0.0 0.0
172.2 0.000235314824854 0.0 0.0
172.3 0.000234858981584 0.0 0.0
172.4 0.000234404285075 0.0 0.0
172.5 0.000233950731781 0.0 0.0
172.6 0.000233498318167 0.0 0.0
172.7 0.000233047040711 0.0 0.0
172.8 0.000232596895904 0.0 0.0
172.9 0.000232147880251 0.0 0.0
173.0 0.000231699990269 0.0 0.0
173.1 0.000231253222487 0.0 0.0
173.2 0.000230807573447 0.0 0.0
173.3 0.000230363039706 0.0 0.0
173.4 0.00022991961783 0.0 0.0
173.5 0.0002294773044 0.0 0.0
173.6 0.000229036096009 0.0 0.0
173.7 0.000228595989261 0.0 0.0
173.8 0.000228156980774 0.0 0.0
173.9 0.000227719067178 0.0 0.0
174.0 0.000227282245115 0.0 0.0
174.1 0.000226846511238 0.0 0.0
174.2 0.000226411862216 0.0 0.0
174.3 0.000225978294726 0.0 0.0
174.4 0.000225545805459 0.0 0.0
174.5 0.000225114391117 0.0 0.0
174.6 0.000224684048416 0.0 0.0
174.7 0.000224254774081 0.0 0.0
174.8 0.000223826564851 0.0 0.0
174.9 0.000223399417477 0.0 0.0
175.0 0.00022297332872 0.0 0.0
175.1 0.000222548295355 0.0 0.0
175.2 0.000222124314165 0.0 0.0
175.3 0.00022170138195 0.0 0.0
175.4 0.000221279495516 0.0 0.0
175.5 0.000220858651684 0.0 0.0
175.6 0.000220438847286 0.0 0.0
175.7 0.000220020079164 0.0 0.0
175.8 0.000219602344174 0.0 0.0
175.9 0.00021918563918 0.0 0.0
176.0 0.00021876996106 0.0 0.0
176.1 0.000218355306702 0.0 0.0
176.2 0.000217941673004 0.0 0.0
176.3 0.000217529056879 0.0 0.0
176.4 0.000217117455247 0.0 0.0
176.5 0.000216706865042 0.0 0.0
176.6 0.000216297283206 0.0 0.0
176.7 0.000215888706694 0.0 0.0
176.8 0.000215481132473 0.0 0.0
176.9 0.000215074557518 0.0 0.0
177.0 0.000214668978817 0.0 0.0
177.1 0.000214264393368 0.0 0.0
177.2 0.000213860798179 0.0 0.0
177.3 0.00021345819027 0.0 0.0
177.4 0.000213056566671 0.0 0.0
177.5 0.000212655924423 0.0 0.0
177.6 0.000212256260577 0.0 0.0
177.7 0.000211857572195 0.0 0.0
177.8 0.000211459856349 0.0 0.0
177.9 0.000211063110122 0.0 0.0
178.0 0.000210667330606 0.0 0.0
178.1 0.000210272514906 0.0 0.0
178.2 0.000209878660135 0.0 0.0
178.3 0.000209485763416 0.0 0.0
178.4 0.000209093821885 0.0 0.0
178.5 0.000208702832684 0.0 0.0
178.6 0.00020831279297 0.0 0.0
178.7 0.000207923699906 0.0 0.0
178.8 0.000207535550667 0.0 0.0
178.9 0.000207148342438 0.0 0.0
179.0 0.000206762072412 0.0 0.0
179.1 0.000206376737796 0.0 0.0
179.2 0.000205992335802 0.0 0.0
179.3 0.000205608863656 0.0 0.0
179.4 0.000205226318591 0.0 0.0
179.5 0.000204844697852 0.0 0.0
179.6 0.000204463998691 0.0 0.0
179.7 0.000204084218371 0.0 0.0
179.8 0.000203705354167 0.0 0.0
179.9 0.000203327403359 0.0 0.0
180.0 0.000202950363241 0.0 0.0
180.1 0.000202574231113 0.0 0.0
180.2 0.000202199004287 0.0 0.0
180.3 0.000201824680084 0.0 0.0
180.4 0.000201451255832 0.0 0.0
180.5 0.000201078728872 0.0 0.0
180.6 0.000200707096552 0.0 0.0
180.7 0.000200336356229 0.0 0.0
180.8 0.000199966505272 0.0 0.0
180.9 0.000199597541056 0.0 0.0
181.0 0.000199229460967 0.0 0.0
181.1 0.000198862262399 0.0 0.0
181.2 0.000198495942757 0.0 0.0
181.3 0.000198130499454 0.0 0.0
181.4 0.00019776592991 0.0 0.0
181.5 0.000197402231558 0.0 0.0
181.6 0.000197039401837 0.0 0.0
181.7 0.000196677438196 0.0 0.0
181.8 0.000196316338092 0.0 0.0
181.9 0.000195956098993 0.0 0.0
182.0 0.000195596718373 0.0 0.0
182.1 0.000195238193717 0.0 0.0
182.2 0.000194880522517 0.0 0.0
182.3 0.000194523702276 0.0 0.0
182.4 0.000194167730503 0.0 0.0
182.5 0.000193812604718 0.0 0.0
182.6 0.000193458322448 0.0 0.0
182.7 0.000193104881229 0.0 0.0
182.8 0.000192752278606 0.0 0.0
182.9 0.000192400512132 0.0 0.0
183.0 0.000192049579369 0.0 0.0
183.1 0.000191699477886 0.0 0.0
183.2 0.000191350205263 0.0 0.0
183.3 0.000191001759086 0.0 0.0
183.4 0.00019065413695 0.0 0.0
183.5 0.000190307336459 0.0 0.0
183.6 0.000189961355225 0.0 0.0
183.7 0.000189616190867 0.0 0.0
183.8 0.000189271841014 0.0 0.0
183.9 0.000188928303302 0.0 0.0
184.0 0.000188585575377 0.0 0.0
184.1 0.000188243654889 0.0 0.0
184.2 0.000187902539501 0.0 0.0
184.3 0.00018756222688 0.0 0.0
184.4 0.000187222714704 0.0 0.0
184.5 0.000186884000657 0.0 0.0
184.6 0.000186546082432 0.0 0.0
184.7 0.00018620895773 0.0 0.0
184.8 0.000185872624259 0.0 0.0
184.9 0.000185537079735 0.0 0.0
185.0 0.000185202321883 0.0 0.0
185.1 0.000184868348435 0.0 0.0
185.2 0.000184535157129 0.0 0.0
185.3 0.000184202745714 0.0 0.0
185.4 0.000183871111945 0.0 0.0
185.5 0.000183540253585 0.0 0.0
185.6 0.000183210168403 0.0 0.0
185.7 0.000182880854179 0.0 0.0
185.8 0.000182552308697 0.0 0.0
185.9 0.000182224529751 0.0 0.0
186.0 0.000181897515142 0.0 0.0
186.1 0.000181571262677 0.0 0.0
186.2 0.000181245770173 0.0 0.0
186.3 0.000180921035452 0.0 0.0
186.4 0.000180597056345 0.0 0.0
186.5 0.000180273830689 0.0 0.0
186.6 0.000179951356331 0.0 0.0
186.7 0.000179629631121 0.0 0.0
186.8 0.000179308652921 0.0 0.0
186.9 0.000178988419597 0.0 0.0
187.0 0.000178668929023 0.0 0.0
187.1 0.000178350179082 0.0 0.0
187.2 0.00017803216766 0.0 0.0
187.3 0.000177714892655 0.0 0.0
187.4 0.000177398351969 0.0 0.0
187.5 0.000177082543512 0.0 0.0
187.6 0.0001767674652 0.0 0.0
187.7 0.00017645311496 0.0 0.0
187.8 0.00017613949072 0.0 0.0
187.9 0.000175826590419 0.0 0.0
188.0 0.000175514412003 0.0 0.0
188.1 0.000175202953423 0.0 0.0
188.2 0.000174892212637 0.0 0.0
188.3 0.000174582187613 0.0 0.0
188.4 0.000174272876321 0.0 0.0
188.5 0.000173964276742 0.0 0.0
188.6 0.000173656386861 0.0 0.0
188.7 0.000173349204672 0.0 0.0
188.8 0.000173042728174 0.0 0.0
188.9 0.000172736955373 0.0 0.0
189.0 0.000172431884282 0.0 0.0
189.1 0.000172127512922 0.0 0.0
189.2 0.000171823839318 0.0 0.0
189.3 0.000171520861503 0.0 0.0
189.4 0.000171218577516 0.0 0.0
189.5 0.000170916985405 0.0 0.0
189.6 0.00017061608322 0.0 0.0
189.7 0.000170315869023 0.0 0.0
189.8 0.000170016340877 0.0 0.0
189.9 0.000169717496855 0.0 0.0
190.0 0.000169419335035 0.0 0.0
190.1 0.000169121853502 0.0 0.0
190.2 0.000168825050348 0.0 0.0
190.3 0.00016852892367 0.0 0.0
190.4 0.000168233471572 0.0 0.0
190.5 0.000167938692164 0.0 0.0
190.6 0.000167644583563 0.0 0.0
190.7 0.000167351143891 0.0 0.0
190.8 0.000167058371278 0.0 0.0
190.9 0.000166766263858 0.0 0.0
191.0 0.000166474819772 0.0 0.0
191.1 0.00016618403717 0.0 0.0
191.2 0.000165893914203 0.0 0.0
191.3 0.000165604449033 0.0 0.0
191.4 0.000165315639824 0.0 0.0
191.5 0.00016502748475 0.0 0.0
191.6 0.000164739981987 0.0 0.0
191.7 0.00016445312972 0.0 0.0
191.8 0.000164166926138 0.0 0.0
191.9 0.000163881369439 0.0 0.0
192.0 0.000163596457823 0.0 0.0
192.1 0.0001633121895 0.0 0.0
192.2 0.000163028562682 0.0 0.0
192.3 0.000162745575588 0.0 0.0
192.4 0.000162463226446 0.0 0.0
192.5 0.000162181513486 0.0 0.0
192.6 0.000161900434945 0.0 0.0
192.7 0.000161619989067 0.0 0.0
192.8 0.000161340174099 0.0 0.0
192.9 0.000161060988298 0.0 0.0
193.0 0.000160782429922 0.0 0.0
193.1 0.000160504497238 0.0 0.0
193.2 0.000160227188517 0.0 0.0
193.3 0.000159950502037 0.0 0.0
193.4 0.000159674436082 0.0 0.0
193.5 0.000159398988938 0.0 0.0
193.6 0.000159124158901 0.0 0.0
193.7 0.00015884994427 0.0 0.0
193.8 0.000158576343351 0.0 0.0
193.9 0.000158303354454 0.0 0.0
194.0 0.000158030975897 0.0 0.0
194.1 0.000157759205999 0.0 0.0
194.2 0.000157488043091 0.0 0.0
194.3 0.000157217485502 0.0 0.0
194.4 0.000156947531573 0.0 0.0
194.5 0.000156678179647 0.0 0.0
194.6 0.000156409428073 0.0 0.0
194.7 0.000156141275205 0.0 0.0
194.8 0.000155873719403 0.0 0.0
194.9 0.000155606759031 0.0 0.0
195.0 0.000155340392462 0.0 0.0
195.1 0.00015507461807 0.0 0.0
195.2 0.000154809434235 0.0 0.0
195.3 0.000154544839346 0.0 0.0
195.4 0.000154280831792 0.0 0.0
195.5 0.000154017409971 0.0 0.0
195.6 0.000153754572284 0.0 0.0
195.7 0.000153492317138 0.0 0.0
195.8 0.000153230642947 0.0 0.0
195.9 0.000152969548126 0.0 0.0
196.0 0.000152709031099 0.0 0.0
196.1 0.000152449090293 0.0 0.0
196.2 0.00015218972414 0.0 0.0
196.3 0.000151930931079 0.0 0.0
196.4 0.000151672709552 0.0 0.0
196.5 0.000151415058006 0.0 0.0
196.6 0.000151157974896 0.0 0.0
196.7 0.000150901458677 0.0 0.0
196.8 0.000150645507814 0.0 0.0
196.9 0.000150390120773 0.0 0.0
197.0 0.000150135296027 0.0 0.0
197.1 0.000149881032054 0.0 0.0
197.2 0.000149627327336 0.0 0.0
197.3 0.000149374180361 0.0 0.0
197.4 0.00014912158962 0.0 0.0
197.5 0.00014886955361 0.0 0.0
197.6 0.000148618070833 0.0 0.0
197.7 0.000148367139797 0.0 0.0
197.8 0.000148116759011 0.0 0.0
197.9 0.000147866926992 0.0 0.0
198.0 0.000147617642262 0.0 0.0
198.1 0.000147368903345 0.0 0.0
198.2 0.000147120708772 0.0 0.0
198.3 0.000146873057078 0.0 0.0
198.4 0.000146625946803 0.0 0.0
198.5 0.00014637937649 0.0 0.0
198.6 0.00014613334469 0.0 0.0
198.7 0.000145887849955 0.0 0.0
198.8 0.000145642890844 0.0 0.0
198.9 0.00014539846592 0.0 0.0
199.0 0.00014515457375 0.0 0.0
199.1 0.000144911212906 0.0 0.0
199.2 0.000144668381964 0.0 0.0
199.3 0.000144426079506 0.0 0.0
199.4 0.000144184304117 0.0 0.0
199.5 0.000143943054387 0.0 0.0
199.6 0.000143702328911 0.0 0.0
199.7 0.000143462126287 0.0 0.0
199.8 0.000143222445119 0.0 0.0
199.9 0.000142983284015 0.0 0.0
