# a rho dNda dNdaerr
0.0 inf nan nan
0.1 154881661.891 0.0 0.0
0.2 11432131.6302 0.0 0.0
0.3 2488995.33283 0.0 0.0
0.4 843828.972487 0.0 0.0
0.5 364647.116526 0.0 0.0
0.6 183717.8264 0.0 0.0
0.7 102903.78981 0.0 0.0
0.8 62284.7390005 0.0 0.0
0.9 39998.9107245 0.0 0.0
1.0 26915.3480393 0.0 0.0
1.1 18808.9046053 0.0 0.0
1.2 13560.587797 0.0 0.0
1.3 10036.285228 0.0 0.0
1.4 7595.53878743 0.0 0.0
1.5 5859.98987924 0.0 0.0
1.6 4597.36372992 0.0 0.0
1.7 3660.26100967 0.0 0.0
1.8 2952.40125192 0.0 0.0
1.9 2409.27547849 0.0 0.0
2.0 1986.67678214 0.0 0.0
2.1 1653.6951466 0.0 0.0
2.2 1388.32364427 0.0 0.0
2.3 1174.63608032 1177.60575371 1.33067489586
2.4 1000.93466706 4511.33438025 5.9493815955
2.5 858.510413479 7903.64434537 12.0878655484
2.6 740.79870014 9176.66910331 16.1822283443
2.7 642.794640087 10500.7473678 21.2359001198
2.8 560.642222973 11629.4434914 26.8375326948
2.9 491.341591139 10687.2514956 28.0137186012
3.0 432.537815214 14196.2021022 42.0845151529
3.1 382.366672073 12309.9526512 41.1054428167
3.2 339.340801685 13917.7347062 52.1510401952
3.3 302.264807896 14144.0980699 59.2626217669
3.4 270.171336958 13248.9234381 61.8655757882
3.5 242.272518099 14365.6283655 74.5232228376
3.6 217.922763257 13863.8199263 79.6637941246
3.7 196.590042927 13537.6771231 85.9243806159
3.8 177.833541216 13705.8716802 95.8343313766
3.9 161.2861509 12966.1375408 99.6265629391
4.0 146.640668771 13642.8729136 114.916820666
4.1 133.638840454 12903.3075673 118.879357514
4.2 122.062614524 12736.4393998 128.068687201
4.3 111.727120761 11994.6296258 131.36429396
4.4 102.475002224 11659.4728918 138.807244394
4.5 94.1718166098 11315.5066278 146.162320166
4.6 86.7022869192 10755.2115907 150.463059276
4.7 79.9672302748 10456.1861749 158.157041221
4.8 73.881031023 10214.3052152 166.768692035
4.9 68.3695527796 9584.22191793 168.643121251
5.0 63.3684061299 9592.84494945 181.638765135
5.1 58.821505779 9059.82070666 184.331408811
5.2 54.6798642789 8531.8138299 186.265965401
5.3 50.9005799125 8837.25181305 206.74672407
5.4 47.4459845468 8105.54686973 202.941875474
5.5 44.2829237857 7986.58649945 213.736041882
5.6 41.3821469386 7843.32973426 224.090275845
5.7 38.7177884602 7482.84248164 227.977679724
5.8 36.2669258369 7467.33210148 242.331060653
5.9 34.0092015742 7115.43760838 245.693924357
6.0 31.9264990974 6840.81072152 251.071035053
6.1 30.0026641383 6736.32169737 262.524669308
6.2 28.2232646058 6455.76248173 266.888202357
6.3 26.5753831122 6435.68463419 281.968730407
6.4 25.0474372821 6118.55060412 283.845400907
6.5 23.6290237612 6064.4084571 297.621245171
6.6 22.3107824959 5833.12655135 302.583947724
6.7 21.084278389 5723.27699293 313.542414962
6.8 19.9418978923 5557.96467863 321.309181335
6.9 18.8767584618 5418.73042668 330.308496728
7.0 17.8826291213 5283.45440092 339.331243674
7.1 16.9538606346 5171.94948191 349.721296714
7.2 16.0853240103 5028.51569199 357.731160794
7.3 15.2723562462 4925.76721738 368.413780229
7.4 14.5107123755 4800.80538683 377.246521282
7.5 13.7965230114 4702.64400417 387.984601514
7.6 13.1262566958 4589.42670187 397.293791201
7.7 12.4966864536 4494.64442544 407.996720719
7.8 11.9048600377 4392.95305448 417.888067114
7.9 11.348073415 4297.51567592 428.157751381
8.0 10.8238471054 4208.22885926 438.849899394
8.1 10.3299050359 4115.0613876 448.928251493
8.2 9.86415561614 4034.418689 460.177363047
8.3 9.42467477687 3946.27675123 470.371515669
8.4 9.00969074922 3867.73006599 481.49298581
8.5 8.61757038638 3788.36988079 492.315008248
8.6 8.24680685634 3712.14965058 503.332361388
8.7 7.89600855413 3639.41121133 514.619235882
8.8 7.56388910037 3567.44564917 525.810755235
8.9 7.24925830901 3498.48446224 537.236700967
9.0 6.95101402061 3432.62680264 548.94255389
9.1 6.66813470983 3365.78007871 560.281122065
9.2 6.39967278629 3305.06579638 572.439934022
9.3 6.14474851701 3241.74245054 583.944552532
9.4 5.90254450684 3179.74849293 595.452165106
9.5 5.67230068054 3123.98819897 607.919496544
9.6 5.45330971606 3066.58481596 619.868485186
9.7 5.24491288442 3012.99766298 632.383005359
9.8 5.04649625612 2960.06021569 644.838858694
9.9 4.85748723861 2908.85520067 657.472904422
10.0 4.67735141287 2858.9594607 670.20551496
10.1 4.50558964054 2810.2610708 683.019738035
10.2 4.3417354162 2761.93805133 695.716905973
10.3 4.18535244179 2714.6131432 708.44652298
10.4 4.03603240258 2670.10998798 721.70576253
10.5 3.89339292631 2626.54499713 735.024814281
10.6 3.7570757087 2582.02283906 747.86011224
10.7 3.62674479057 2540.38526723 761.312040498
10.8 3.50208497276 2500.07783623 774.964417658
10.9 3.38280035693 2460.58994198 788.673833223
11.0 3.26861300109 2422.20546769 802.539518887
11.1 3.15926167986 2384.73854855 816.513152855
11.2 3.05450074055 2347.99338297 830.535673076
11.3 2.95409904678 2312.13634231 844.672178669
11.4 2.85783900239 2277.30077107 858.983859753
11.5 2.76551564869 2243.08694519 873.33178825
11.6 2.67693582913 2209.5064558 887.723620523
11.7 2.59191741577 2176.70893022 902.225374436
11.8 2.51028859251 2144.63411158 916.821725289
11.9 2.43188719045 2113.15761983 931.466761269
12.0 2.3565600712 2082.13870811 946.101173498
12.1 2.28416255437 2051.43216872 960.65634532
12.2 2.21455788567 2021.54871456 975.372252602
12.3 2.14761674244 1992.27262959 990.157594973
12.4 2.08321677382 1963.45245906 1004.94225467
12.5 2.02124217263 1935.14882032 1019.75939879
12.6 1.96158327689 1907.18425715 1034.51723878
12.7 1.90413619831 1879.78203647 1049.33703781
12.8 1.84880247611 1852.30459963 1063.86028122
12.9 1.79548875399 1824.65870447 1078.00876409
13.0 1.74410647867 1797.90580514 1092.39902427
13.1 1.6945716184 1771.69764752 1106.83889406
13.2 1.6468043999 1746.05478816 1121.35012878
13.3 1.60072906247 1720.96165298 1135.93282642
13.4 1.55627362806 1696.38096725 1150.57202202
13.5 1.51336968602 1672.42062304 1165.35191438
13.6 1.47195219161 1648.92297753 1180.17553442
13.7 1.43195927732 1625.94823155 1195.09484417
13.8 1.39333207594 1603.52087725 1210.14023945
13.9 1.35601455475 1581.39291428 1225.13377672
14.0 1.31995335996 1559.89711795 1240.33993032
14.1 1.28509767072 1538.71159356 1255.51702147
14.2 1.25139906202 1518.06319476 1270.85657771
14.3 1.21881137598 1497.74010232 1286.1933928
14.4 1.18729060081 1477.997864 1301.75619375
14.5 1.15679475704 1458.55443608 1317.31152243
14.6 1.12728379059 1439.5013581 1332.94719612
14.7 1.098719472 1420.824029 1348.65919726
14.8 1.07106530172 1402.58974851 1364.52245583
14.9 1.04428642081 1384.64528291 1380.39915523
15.0 1.01834952686 1367.08505362 1396.39024281
15.1 0.993222794743 1349.81287777 1412.40707985
15.2 0.96887580186 1332.97756499 1428.61453436
15.3 0.94527945766 1316.35132196 1444.77995571
15.4 0.922405937114 1299.49465101 1460.40971336
15.5 0.900228617928 1283.31004171 1476.50749863
15.6 0.878722021239 1267.71168739 1493.0102395
15.7 0.857861755597 1252.29377342 1509.46121841
15.8 0.837624464028 1236.4703404 1525.13725169
15.9 0.817987773979 1221.71786291 1541.85127799
16.0 0.798930249991 1207.2167763 1558.62198949
16.1 0.780431348917 1192.95981 1575.4468015
16.2 0.762471377544 1178.9379956 1592.3204306
16.3 0.745031452471 1164.51437819 1608.36961202
16.4 0.728093462116 1151.04770218 1625.46076336
16.5 0.711640030722 1137.57774401 1642.28226993
16.6 0.69565448424 1124.28631999 1659.08747959
16.7 0.680120817999 1111.51346798 1676.39176817
16.8 0.665023666036 1097.87768247 1692.10243155
16.9 0.650348272011 1084.79252841 1708.34437901
17.0 0.636080461604 1072.57461003 1725.66740763
17.1 0.622206616317 1060.68251045 1743.25648137
17.2 0.608713648598 1049.01697723 1760.9652225
17.3 0.595588978215 1037.08699647 1777.96228083
17.4 0.582820509813 1025.67244125 1795.57048459
17.5 0.570396611578 1014.54393137 1813.42239238
17.6 0.558306094963 1003.67473165 1831.48756662
17.7 0.546538195405 992.942968169 1849.55504707
17.8 0.535082553985 982.424869775 1867.77241197
17.9 0.523929199976 972.047742699 1886.01046647
18.0 0.513068534239 961.862866961 1904.37447789
18.1 0.502491313413 951.81064638 1922.75427232
18.2 0.492188634858 941.880517291 1941.1314768
18.3 0.482151922318 932.123041477 1959.6147481
18.4 0.47237291226 922.571885227 1978.28525105
18.5 0.462843640853 913.169551054 1997.03095147
18.6 0.453556431557 903.892023047 2015.80510736
18.7 0.444503883292 894.814793424 2034.78340556
18.8 0.435678859146 885.815802838 2053.69722652
18.9 0.427074475615 876.977942859 2072.74091169
19.0 0.418684092321 868.293453089 2091.90567417
19.1 0.410501302213 859.718259624 2111.09255402
19.2 0.402519922198 851.16544792 2130.08750986
19.3 0.394733984206 842.461072339 2148.43824227
19.4 0.387137726646 834.305311754 2167.93016491
19.5 0.37972558625 826.239353521 2187.41666093
19.6 0.372492190276 818.312490551 2207.032453
19.7 0.365432349053 810.500532047 2226.72048886
19.8 0.358541048862 802.796153762 2246.46638154
19.9 0.351813445116 794.898897789 2265.41912285
20.0 0.345244855846 787.271165829 2284.87912422
20.1 0.338830755466 779.909749898 2304.86789232
20.2 0.332566768806 772.641516672 2324.89590027
20.3 0.326448665401 765.482134776 2345.01528045
20.4 0.320472354025 758.441002611 2365.26230986
20.5 0.314633877454 751.490741999 2385.55893533
20.6 0.308929407453 744.658520513 2405.99750744
20.7 0.303355239973 737.873636782 2426.35502836
20.8 0.297907790546 730.822187501 2445.57862463
20.9 0.292583589881 723.826773709 2464.70906178
21.0 0.287379279627 717.346317361 2485.33486913
21.1 0.282291608326 710.970082397 2506.08985688
21.2 0.277317427526 704.699113901 2526.98637664
21.3 0.272453688046 698.476630578 2547.82644294
21.4 0.267697436409 692.358747322 2568.81708335
21.5 0.2630458114 686.340134946 2589.94776559
21.6 0.258496040783 680.366363778 2611.01851419
21.7 0.254045438129 674.517585278 2632.34077148
21.8 0.249691399789 668.691098904 2653.5215196
21.9 0.245431401974 662.978733601 2674.92576934
22.0 0.241262997959 657.285555963 2696.1771269
22.1 0.237183815394 651.411900823 2716.43702976
22.2 0.233191553716 645.559276024 2736.51241713
22.3 0.229283981673 640.133768042 2758.14688231
22.4 0.225458934932 634.787770121 2779.89797746
22.5 0.221714313789 629.499057353 2801.67416151
22.6 0.218048080961 623.874770659 2821.70142394
22.7 0.214458259467 618.42559 2842.24370762
22.8 0.210942930586 613.071661787 2862.95641629
22.9 0.207500231896 608.057513839 2885.01091357
23.0 0.204128355386 603.107014323 2907.14319638
23.1 0.200825545639 598.251074351 2929.50992838
23.2 0.197590098082 593.434298704 2951.84825989
23.3 0.194420357306 588.660850492 2974.17930161
23.4 0.191314715441 583.986009024 2996.78788914
23.5 0.188271610597 579.332486986 3019.28578956
23.6 0.185289525364 574.738315001 3041.87050044
23.7 0.182366985359 570.23128715 3064.69696521
23.8 0.179502557834 565.764565481 3087.52226215
23.9 0.176694850333 561.348428575 3110.404644
24.0 0.173942509394 556.97390921 3133.29769379
24.1 0.171244219303 552.331333246 3154.43472975
24.2 0.168598700889 548.007900261 3177.14179691
24.3 0.166004710364 543.824357621 3200.43807644
24.4 0.163461038205 539.656809304 3223.61175595
24.5 0.160966508073 535.567833586 3247.03800207
24.6 0.158519975774 531.489684909 3270.3126855
24.7 0.156120328254 527.504316 3293.94207488
24.8 0.153766482628 523.539764266 3317.48734229
24.9 0.151457385249 519.599305207 3340.96704358
25.0 0.149192010803 515.756984548 3364.86271216
25.1 0.146969361439 511.913100848 3388.53404266
25.2 0.144788465924 508.133337005 3412.41350107
25.3 0.142648378839 504.402635352 3436.40892914
25.4 0.140548179785 500.713409601 3460.47418462
25.5 0.138486972635 497.038192965 3484.4209532
25.6 0.136463884795 493.441401566 3508.703416
25.7 0.1344780665 489.863496853 3532.9079013
25.8 0.132528690134 486.336957745 3557.2698085
25.9 0.130614949563 482.848705411 3581.70006624
26.0 0.128736059504 479.378464757 3606.05024221
26.1 0.126891254905 475.874310579 3629.92207765
26.2 0.12507979035 472.437684665 3654.08141905
26.3 0.123300939481 469.066063396 3678.52219009
26.4 0.121553994443 465.768158963 3703.32690473
26.5 0.119838265344 462.461491775 3727.84715984
26.6 0.118153079732 459.041139849 3751.21494753
26.7 0.116497782096 455.844159382 3776.17639756
26.8 0.11487173337 452.577001436 3800.33413881
26.9 0.113274310469 449.3282774 3824.41072243
27.0 0.111704905826 446.238591584 3849.61759021
27.1 0.110162926954 443.179446587 3874.87892213
27.2 0.108647796017 440.145391987 3900.14973743
27.3 0.107158949412 437.174966259 3925.77761167
27.4 0.105695837374 434.199280437 3951.15113765
27.5 0.104257923582 431.272567372 3976.76119911
27.6 0.102844684788 428.368849571 4002.37567015
27.7 0.101455610448 425.319358985 4026.39809922
27.8 0.100090202372 422.468627579 4052.07124855
27.9 0.0987479743792 419.658284144 4077.923351
28.0 0.0974284519714 416.749544321 4102.59633209
28.1 0.0961311720078 413.908455682 4127.70108843
28.2 0.0948556823961 411.195214426 4153.86439634
28.3 0.0936015417901 408.504829731 4180.05461841
28.4 0.0923683192981 405.832684378 4206.22591772
28.5 0.0911555941993 403.213462646 4232.7426661
28.6 0.089962955669 400.576863259 4258.8717463
28.7 0.088790002513 397.927479242 4284.6486623
28.8 0.0876363429086 395.2488366 4309.88151415
28.9 0.0865015941546 392.701454819 4336.32355243
29.0 0.0853853824281 390.203462082 4363.10686997
29.1 0.0842873425492 387.714611801 4389.7897347
29.2 0.0832071177522 385.170475528 4415.63066305
29.3 0.0821443594638 382.639558294 4441.39427493
29.4 0.0810987270878 380.150444241 4467.41514042
29.5 0.0800698877965 377.516220059 4491.48065933
29.6 0.0790575163277 375.089072709 4517.76174248
29.7 0.0780612947883 372.762303048 4545.04196319
29.8 0.0770809124628 370.456249188 4572.37628778
29.9 0.0761160656284 368.156091122 4599.58240383
30.0 0.0751664573745 365.752682135 4625.2762246
30.1 0.0742317974283 363.473192113 4652.31126915
30.2 0.0733118019848 361.222627736 4679.50753089
30.3 0.0724061935416 359.041797297 4707.40702057
30.4 0.0715147007396 356.682437792 4732.74205093
30.5 0.0706370582065 354.506381711 4760.27973415
30.6 0.069773006406 352.34714115 4787.83891409
30.7 0.0689222914913 350.081682539 4813.72959372
30.8 0.0680846651619 347.976230599 4841.59747967
30.9 0.0672598845252 345.919191988 4869.94367368
31.0 0.0664477119614 343.839109499 4897.76814217
31.1 0.0656479149931 341.812775058 4926.15987404
31.2 0.0648602661575 339.785850785 4954.34751803
31.3 0.0640845428827 337.777252684 4982.60367873
31.4 0.0633205273676 335.804342869 5011.19071039
31.5 0.0625680064645 333.823174531 5039.45757078
31.6 0.0618267715657 331.884354254 5068.16667827
31.7 0.0610966184925 329.95267347 5096.79039304
31.8 0.060377347388 328.040614271 5125.52152848
31.9 0.0596687626121 326.144845662 5154.31194349
32.0 0.0589706726396 324.255483749 5183.00646826
32.1 0.0582828899617 322.296890115 5210.37981362
32.2 0.0576052309888 320.39240634 5238.40447243
32.3 0.0569375159576 318.561870196 5267.43212857
32.4 0.0562795688393 316.762624616 5296.7846929
32.5 0.0556312172509 314.961554701 5325.91395688
32.6 0.0549922923689 313.182612615 5355.22263904
32.7 0.054362628845 311.412096645 5384.4806509
32.8 0.0537420647246 309.673985763 5414.10627681
32.9 0.0531304413667 307.937175599 5443.56272621
33.0 0.0525276033664 306.211229022 5473.01595687
33.1 0.0519333984794 304.506663797 5502.65669581
33.2 0.0513476775487 302.757983846 5531.2953446
33.3 0.0507702944322 301.100826532 5561.40490138
33.4 0.0502011059339 299.38357853 5590.20391119
33.5 0.0496399717352 297.635388847 5618.20028057
33.6 0.0490867543291 296.005941775 5648.22522107
33.7 0.0485413189555 294.387611715 5678.27040767
33.8 0.0480035335387 292.793191191 5708.58661831
33.9 0.0474732686257 291.198645027 5738.70967824
34.0 0.0469503973271 289.603824221 5768.63102398
34.1 0.0464347952588 288.002791658 5798.22538819
34.2 0.0459263404852 286.452692989 5828.645933
34.3 0.0454249134644 284.913165011 5859.09005127
34.4 0.0449303969941 283.398172527 5889.84942257
34.5 0.0444426761593 281.881485473 5920.38386847
34.6 0.0439616382813 280.392177255 5951.30395118
34.7 0.0434871728676 278.897011637 5981.90972064
34.8 0.0430191715637 277.419391949 6012.69910705
34.9 0.0425575281056 275.971394133 6043.94310435
35.0 0.0421021382736 274.51520483 6074.81987443
35.1 0.0416528998472 273.077798411 6105.92162763
35.2 0.0412097125614 271.564704978 6135.12185199
35.3 0.0407724780638 270.137995896 6166.06152985
35.4 0.0403410998728 268.734035199 6197.32846059
35.5 0.0399154833368 267.341040569 6228.65900684
35.6 0.0394955355947 265.909664386 6258.89426058
35.7 0.0390811655369 264.500837909 6289.45011218
35.8 0.0386722837675 263.042608653 6318.60911421
35.9 0.0382688025676 261.583912462 6347.51709954
36.0 0.0378706358592 260.245905415 6379.13778977
36.1 0.0374776991697 258.918316252 6410.82492906
36.2 0.0370899095983 257.568245631 6441.75837722
36.3 0.0367071857819 256.219178873 6472.50931189
36.4 0.0363294478629 254.924978338 6504.44751562
36.5 0.0359566174569 253.618430971 6535.8775851
36.6 0.035588617622 252.321844237 6567.36554672
36.7 0.0352253728281 251.026178988 6598.67636514
36.8 0.0348668089273 249.685073577 6628.57481408
36.9 0.0345128531252 248.444395542 6660.93067158
37.0 0.0341634339523 247.216214181 6693.43745822
37.1 0.0338184812364 245.996689973 6725.99523591
37.2 0.0334779260758 244.783583113 6758.54421633
37.3 0.0331417008131 243.570781956 6790.91430084
37.4 0.032809739009 242.386855796 6823.90514147
37.5 0.0324819754177 241.194053949 6856.46240389
37.6 0.032158345962 240.024002212 6889.48168708
37.7 0.0318387877094 238.844630696 6922.04763934
37.8 0.031523238849 237.580831942 6951.94987641
37.9 0.0312116386682 236.424577558 6984.78357414
38.0 0.0309039275305 235.178792428 7014.75668772
38.1 0.0306000468538 234.046544339 7047.90262113
38.2 0.0302999390888 232.907654138 7080.66045081
38.3 0.0300035476984 231.718726101 7111.68777899
38.4 0.0297108171372 230.616346653 7145.16779949
38.5 0.0294216928316 229.520900469 7178.68153298
38.6 0.0291361211603 228.429662543 7212.14441084
38.7 0.0288540494352 227.349522163 7245.77508057
38.8 0.0285754258832 226.277703418 7279.48953737
38.9 0.0283001996275 225.212688605 7313.24138226
39.0 0.0280283206699 224.150629725 7346.9060594
39.1 0.0277597398739 223.104816245 7380.92130633
39.2 0.0274944089472 222.043828981 7414.2483823
39.3 0.0272322804253 220.976232964 7447.15723938
39.4 0.026973307655 219.834029527 7477.32410828
39.5 0.0267174447792 218.723126334 7508.30942462
39.6 0.0264646467205 217.718806849 7542.74577967
39.7 0.0262148691664 216.707175542 7576.74779636
39.8 0.0259680685546 215.715112131 7611.2523774
39.9 0.0257242020583 214.731756499 7645.88722472
40.0 0.0254832275719 213.669420908 7677.50559304
40.1 0.0252451036971 212.671511838 7711.22527955
40.2 0.0250097897295 211.699031422 7745.67808897
40.3 0.024777245645 210.746270343 7780.67392212
40.4 0.0245474320872 209.786219327 7815.22186642
40.5 0.024320310354 208.841251909 7850.15120977
40.6 0.0240958423858 207.901524141 7885.09944782
40.7 0.0238739907528 206.966264018 7920.03800698
40.8 0.0236547186434 206.033986306 7954.90975773
40.9 0.0234379898524 205.120117864 7990.31435111
41.0 0.0232237687694 204.202891234 8025.41107069
41.1 0.0230120203678 203.228693089 8058.06632589
41.2 0.0228027101939 202.304148675 8092.48090267
41.3 0.0225958043558 201.401559284 8127.58492489
41.4 0.0223912695134 200.47621933 8161.57736771
41.5 0.0221890728677 199.537324292 8194.80710468
41.6 0.0219891821511 198.622415091 8228.81025934
41.7 0.0217915656173 197.747769903 8264.28858256
41.8 0.0215961920315 196.884655815 8300.07035394
41.9 0.0214030306615 195.971206676 8333.53320352
42.0 0.0212120512679 195.084815631 8367.93680393
42.1 0.0210232240953 194.227856454 8403.40945689
42.2 0.0208365198635 193.336350178 8437.1877353
42.3 0.0206519097586 192.479827556 8472.28885993
42.4 0.0204693654246 191.64914601 8508.34218398
42.5 0.0202888589551 190.802374577 8543.49542829
42.6 0.0201103628851 189.925627201 8577.09882466
42.7 0.019933850183 189.10807408 8613.17473948
42.8 0.0197592942426 188.303419112 8649.66100968
42.9 0.019586668876 187.503473956 8686.18928646
43.0 0.0194159483052 186.702154026 8722.47678593
43.1 0.0192471071557 185.9194298 8759.45870278
43.2 0.0190801204483 185.125296853 8795.72755729
43.3 0.018914963593 184.358251461 8833.11010945
43.4 0.0187516123813 183.569267429 8869.2662614
43.5 0.0185900429797 182.805286424 8906.45244535
43.6 0.0184302319233 182.041839163 8943.49298267
43.7 0.0182721561088 181.281336666 8980.50400692
43.8 0.0181157927885 180.518107111 9017.20186216
43.9 0.0179611195637 179.779098088 9054.93643232
44.0 0.017808114379 179.027301692 9091.85459851
44.1 0.0176567555159 178.289097443 9129.28712363
44.2 0.0175070215869 177.527680236 9165.34708231
44.3 0.01735889153 176.749623078 9200.34308144
44.4 0.0172123446029 176.022180609 9237.7792163
44.5 0.0170673603773 175.302390335 9275.443361
44.6 0.0169239187337 174.585874924 9313.10803223
44.7 0.0167819998558 173.852175268 9349.67334612
44.8 0.0166415842255 173.08546797 9384.25493506
44.9 0.0165026526177 172.386045257 9422.28690887
45.0 0.0163651860949 171.683654641 9459.98340565
45.1 0.0162291660031 170.990025556 9497.98816815
45.2 0.0160945739659 170.305820663 9536.34621768
45.3 0.0159613918807 169.608072219 9573.77003228
45.4 0.0158296019134 168.829835191 9606.42822821
45.5 0.0156991864941 168.060282521 9639.32135857
45.6 0.0155701283126 167.366317563 9676.3248442
45.7 0.0154424103141 166.705918286 9715.08991425
45.8 0.0153160156946 166.041785237 9753.4683563
45.9 0.0151909278969 165.382804038 9791.97733464
46.0 0.0150671306063 164.729870315 9830.67379745
46.1 0.0149446077467 164.073649594 9869.00110621
46.2 0.0148233434767 163.427829175 9907.78065326
46.3 0.0147033221851 162.786887531 9946.68620059
46.4 0.0145845284879 162.117410402 9983.66333065
46.5 0.0144669472237 161.476015868 10022.1810602
46.6 0.0143505634507 160.841106018 10060.9253917
46.7 0.0142353624425 160.137664154 10095.1730009
46.8 0.0141213296849 159.523673389 10134.8561376
46.9 0.0140084508724 158.898134096 10173.6365016
47.0 0.0138967119044 158.284983984 10213.0378382
47.1 0.0137860988823 157.592000615 10247.0784654
47.2 0.0136765981059 156.939184387 10283.4974875
47.3 0.0135681960702 156.33356175 10322.8154564
47.4 0.0134608794622 155.737568954 10362.6008791
47.5 0.013354635158 155.139905551 10402.1072125
47.6 0.0132494502194 154.546697992 10441.742255
47.7 0.0131453118909 153.957176303 10481.4569063
47.8 0.0130422075972 153.37228217 10521.3179402
47.9 0.0129401249397 152.789598697 10561.1619879
48.0 0.0128390516941 152.208386478 10600.9374943
48.1 0.0127389758071 151.632744219 10640.9308773
48.2 0.0126398853943 151.063617442 10681.2143148
48.3 0.012541768737 150.494183392 10721.3086627
48.4 0.0124446142798 149.924942242 10761.2458407
48.5 0.0123484106277 149.32531956 10798.8115893
48.6 0.0122531465439 148.734812703 10836.8306932
48.7 0.0121588109472 148.126997756 10873.3745903
48.8 0.0120653929094 147.566074828 10913.1589143
48.9 0.0119728816528 147.014967572 10953.4949176
49.0 0.0118812665482 146.471298311 10994.2169232
49.1 0.0117905371121 145.93122666 11035.0434994
49.2 0.011700683005 145.391238746 11075.7095902
49.3 0.0116116940283 144.854595292 11116.4621617
49.4 0.011523560123 144.322583609 11157.4029889
49.5 0.0114362713667 143.787670657 11197.9499068
49.6 0.0113498179723 143.228468792 11236.4166526
49.7 0.0112641902851 142.689030561 11276.2391628
49.8 0.0111793787811 142.168147217 11317.3518432
49.9 0.0110953740653 141.649513569 11358.476088
50.0 0.0110121668689 141.13664444 11399.8963718
50.1 0.0109297480482 140.622164943 11441.019471
50.2 0.0108481085821 140.115464943 11482.6087035
50.3 0.0107672395705 139.612101494 11524.307822
50.4 0.0106871322323 139.040205252 11560.1440948
50.5 0.0106077779035 138.542822304 11601.9698658
50.6 0.0105291680358 137.981638508 11638.2497843
50.7 0.0104512941944 137.492679394 11680.4202288
50.8 0.0103741480565 136.998320845 11721.9676836
50.9 0.0102977214094 136.506719917 11763.5819179
51.0 0.0102220061491 136.027423574 11806.093317
51.1 0.0101469942785 135.46395937 11841.0886517
51.2 0.0100726779058 134.939819305 11879.2790053
51.3 0.00999904924287 134.436931994 11919.1319647
51.4 0.00992610060376 133.848271235 11951.1277354
51.5 0.00985382440315 133.337962753 11989.8584727
51.6 0.0097822131548 132.868487203 12032.071588
51.7 0.00971125947012 132.403741538 12074.5493051
51.8 0.00964095605667 131.937233681 12116.7013018
51.9 0.00957129571675 131.472026865 12158.8042709
52.0 0.00950227134598 131.007912438 12200.8380864
52.1 0.00943387593191 130.504339783 12238.9987236
52.2 0.00936610255267 130.048725591 12281.4608059
52.3 0.00929894437562 129.537869538 12318.5014986
52.4 0.00923239465604 129.094640921 12361.7736052
52.5 0.0091664467358 128.646201788 12404.3850752
52.6 0.00910109404216 128.19977901 12447.0240253
52.7 0.00903633008643 127.757116947 12489.8618845
52.8 0.0089721484628 127.265125557 12527.6770468
52.9 0.00890854284709 126.826904573 12570.5848079
53.0 0.00884550699558 126.397708625 12614.2259994
53.1 0.00878303474385 125.961925002 12657.0472278
53.2 0.00872112000557 125.533516132 12700.4444299
53.3 0.00865975677143 125.107773679 12743.9501668
53.4 0.00859893910798 124.67958288 12787.042354
53.5 0.00853866115657 124.204113583 12825.0837098
53.6 0.00847891713222 123.7297942 12863.0061461
53.7 0.0084197013226 123.270125399 12902.2215433
53.8 0.00836100808699 122.83882171 12944.2026246
53.9 0.00830283185521 122.430994362 12988.4879084
54.0 0.00824516712663 122.010438993 13031.257838
54.1 0.00818800846919 121.561762356 13070.8268035
54.2 0.00813135051842 121.158178158 13115.0558515
54.3 0.00807518797642 120.753803788 13159.0398306
54.4 0.00801951561101 120.349758248 13202.8967842
54.5 0.00796432825471 119.950634947 13247.1317145
54.6 0.00790962080387 119.552777096 13291.345943
54.7 0.00785538821775 119.158807576 13335.8328412
54.8 0.00780162551762 118.765026029 13380.1812214
54.9 0.00774832778594 118.368706745 13424.0794251
55.0 0.00769549016542 117.982353724 13468.9462212
55.1 0.00764310785822 117.575404479 13511.2890581
55.2 0.00759117612514 117.147886157 13551.0612619
55.3 0.00753969028472 116.691472572 13587.2431393
55.4 0.00748864571253 116.299320362 13630.6831548
55.5 0.00743803784028 115.924036654 13675.9348829
55.6 0.00738786215513 115.540792835 13720.0860995
55.7 0.00733811419883 115.135371112 13761.4160031
55.8 0.00728878956705 114.731243523 13802.6934573
55.9 0.00723988390856 114.322278925 13843.1758512
56.0 0.00719139292454 113.951559943 13888.0992944
56.1 0.00714331236783 113.585536229 13933.43574
56.2 0.00709563804224 113.168711543 13972.3416647
56.3 0.00704836580185 112.727126023 14007.928235
56.4 0.00700149155029 112.260820612 14040.137467
56.5 0.00695501124011 111.879990406 14082.7764725
56.6 0.00690892087204 111.445845083 14118.4664776
56.7 0.00686321649442 111.048991757 14158.6264429
56.8 0.00681789420248 110.647260448 14197.9330582
56.9 0.00677295013773 110.295919093 14243.5082355
57.0 0.00672838048735 109.89015715 14281.8517465
57.1 0.00668418148352 109.436872589 14313.7275501
57.2 0.00664034940285 109.028010594 14351.1159129
57.3 0.0065968805658 108.671554987 14395.1819703
57.4 0.00655377133601 108.325577399 14440.4651247
57.5 0.00651101811982 107.939691103 14480.2295659
57.6 0.0064686173656 107.601500164 14526.1973823
57.7 0.00642656556326 107.262587979 14571.9097548
57.8 0.00638485924366 106.856353953 14608.2571443
57.9 0.00634349497805 106.425507729 14640.9385247
58.0 0.00630246937756 106.093777346 14687.0146771
58.1 0.00626177909266 105.736712892 14729.4037095
58.2 0.00622142081263 105.341193167 14766.1973154
58.3 0.00618139126504 105.012276594 14812.1099641
58.4 0.00614168721526 104.690645611 14858.8949752
58.5 0.00610230546594 104.367044526 14905.2470639
58.6 0.00606324285654 104.003509324 14945.7027274
58.7 0.00602449626281 103.634536401 14985.1404059
58.8 0.00598606259637 103.314809604 15031.4983439
58.9 0.00594793880417 102.994732764 15077.6457446
59.0 0.00591012186807 102.680168025 15124.4424229
59.1 0.00587260880437 102.367017597 15171.2933592
59.2 0.00583539666337 102.059745041 15218.8653456
59.3 0.0057984825289 101.742954356 15264.8619553
59.4 0.00576186351791 101.433750472 15311.8363545
59.5 0.00572553678005 101.125966112 15358.8701705
59.6 0.00568949949718 100.821038393 15406.1843013
59.7 0.00565374888303 100.515760242 15453.291032
59.8 0.00561828218275 100.211232347 15500.3569978
59.9 0.0055830966725 99.9102242615 15547.8126608
60.0 0.00554818965906 99.5992657978 15593.5564178
60.1 0.00551355847944 99.2701801173 15636.2693597
60.2 0.00547920050047 98.9716197268 15683.6066337
60.3 0.00544511311846 98.6747312761 15731.0530418
60.4 0.00541129375876 98.3815572983 15778.9383738
60.5 0.00537773987545 98.0875394555 15826.5352833
60.6 0.00534444895092 97.7917509553 15873.688293
60.7 0.00531141849556 97.5070682404 15922.4922892
60.8 0.00527864604736 97.1713220931 15962.7644244
60.9 0.00524612917159 96.8461243275 16004.5334201
61.0 0.00521386546042 96.5239870868 16046.5825251
61.1 0.00518185253263 96.2292337006 16092.9855224
61.2 0.00515008803321 95.9189900105 16136.6083924
61.3 0.00511856963309 95.6207463298 16182.0542048
61.4 0.00508729502876 95.3384408044 16230.0266258
61.5 0.005056261942 95.0201506919 16271.6796365
61.6 0.00502546811951 94.7070331413 16313.9909469
61.7 0.00499491133264 94.4057510252 16358.1278044
61.8 0.00496458937705 94.1040550167 16401.9884784
61.9 0.00493450007244 93.829949595 16450.4786532
62.0 0.0049046412622 93.5254628659 16493.4572492
62.1 0.00487501081317 93.2275065679 16537.3751137
62.2 0.00484560661531 92.9331256552 16581.7224157
62.3 0.00481642658143 92.6562905637 16629.0147633
62.4 0.0047874686469 92.3592253764 16672.4852682
62.5 0.00475873076936 92.0918502522 16721.1314722
62.6 0.00473021092847 91.8100886243 16766.9950519
62.7 0.00470190712563 91.5224058143 16811.582685
62.8 0.00467381738369 91.2533799818 16859.4136476
62.9 0.0046459397467 90.9549702958 16901.617903
63.0 0.00461827227968 90.6993561604 16951.5883974
63.1 0.0045908130683 90.4397627522 17000.6680861
63.2 0.00456356021868 90.1352256182 17041.0968355
63.3 0.00453651185713 89.8426849279 17083.552616
63.4 0.00450966612986 89.5600804093 17127.677657
63.5 0.00448302120282 89.2860767734 17173.2449026
63.6 0.00445657526137 89.013756439 17218.9418246
63.7 0.0044303265101 88.7622646739 17268.4959725
63.8 0.00440427317259 88.5116168696 17318.0639083
63.9 0.00437841349117 88.2616075592 17367.6056065
64.0 0.00435274572668 88.0050338449 17415.695382
64.1 0.00432726815829 87.7323296461 17460.4048326
64.2 0.00430197908323 87.4853192653 17510.0478523
64.3 0.00427687681658 87.2405323233 17559.9849197
64.4 0.00425195969111 86.9916052544 17608.9330991
64.5 0.00422722605699 86.721694907 17653.4471341
64.6 0.00420267428163 86.4805203874 17703.6304155
64.7 0.00417830274946 86.2099527222 17747.6128251
64.8 0.00415410986173 85.940344289 17791.5735572
64.9 0.00413009403631 85.6807818788 17837.404887
65.0 0.00410625370748 85.361543596 17870.5428204
65.1 0.00408258732576 85.0551570875 17906.0436773
65.2 0.00405909335768 84.7926949004 17950.5273105
65.3 0.00403577028562 84.5481143304 17998.6020186
65.4 0.00401261660763 84.3114854279 18048.2030085
65.5 0.00398963083719 84.0811839747 18099.0065612
65.6 0.00396681150312 83.8501400016 18149.5026675
65.7 0.00394415714929 83.6202312364 18200.0950326
65.8 0.00392166633454 83.3938712401 18251.3136515
65.9 0.00389933763243 83.163413924 18301.4864287
66.0 0.00387716963114 82.9295406704 18350.7469263
66.1 0.00385516093321 82.6800680112 18396.369463
66.2 0.00383331015546 82.4412983303 18444.1788282
66.3 0.00381161592876 82.1922638254 18489.4950424
66.4 0.0037900768979 81.9489511656 18535.8935926
66.5 0.00376869172142 81.6707017893 18574.1462122
66.6 0.00374745907144 81.4034412351 18614.6217798
66.7 0.00372637763352 81.1006236109 18646.656511
66.8 0.00370544610647 80.8709686659 18695.2468486
66.9 0.00368466320226 80.6503208231 18745.7537123
67.0 0.0036640276458 80.4259102466 18795.22455
67.1 0.00364353817483 80.1877722312 18841.3013738
67.2 0.00362319353975 79.966368937 18891.1256864
67.3 0.00360299250351 79.6855985477 18926.6836105
67.4 0.00358293384141 79.4554782337 18974.0163463
67.5 0.00356301634102 79.2426351952 19025.3039946
67.6 0.00354323880199 79.0328848197 19077.1871801
67.7 0.00352360003594 78.8210938459 19128.4299497
67.8 0.00350409886631 78.6056473201 19178.6280801
67.9 0.00348473412824 78.3749230727 19224.9141099
68.0 0.0034655046684 78.1644685202 19275.9917772
68.1 0.00344640934493 77.9308236679 19321.1638132
68.2 0.00342744702722 77.7267920724 19373.4971837
68.3 0.00340861659586 77.4606308672 19410.1183787
68.4 0.00338991694246 77.1860984858 19444.3190489
68.5 0.00337134696955 76.9866445259 19497.1963689
68.6 0.00335290559047 76.7814528591 19548.4742068
68.7 0.00333459172921 76.5688959542 19597.7106199
68.8 0.00331640432032 76.2622378983 19622.5559558
68.9 0.00329834230879 76.0489341095 19671.1118118
69.0 0.0032804046499 75.8164088499 19714.4837505
69.1 0.00326259030917 75.5927277055 19759.9266794
69.2 0.00324489826216 75.3936419885 19811.613455
69.3 0.00322732749445 75.2015444695 19864.9923319
69.4 0.00320987700143 74.9901984053 19913.1231867
69.5 0.0031925457883 74.7273320809 19947.3091237
69.6 0.00317533286985 74.5358043128 20000.2987121
69.7 0.00315823727043 74.3299783977 20049.2896955
69.8 0.00314125802383 74.1195417443 20096.8462366
69.9 0.00312439417316 73.9293308762 20149.7157251
70.0 0.00310764477073 73.7382982408 20202.2153303
70.1 0.00309100887799 73.5516039997 20255.7605019
70.2 0.00307448556543 73.3605863478 20307.9698931
70.3 0.00305807391241 73.1742090278 20361.3170512
70.4 0.00304177300717 72.9552408681 20405.4063818
70.5 0.00302558194662 72.7329579375 20448.3252641
70.6 0.00300949983635 72.4991086647 20487.7248071
70.7 0.00299352579046 72.2776483193 20530.3562593
70.8 0.00297765893148 72.0863200123 20581.3368581
70.9 0.00296189839032 71.8810646529 20628.1525602
71.0 0.00294624330613 71.6952572816 20680.36661
71.1 0.00293069282624 71.468856875 20720.655316
71.2 0.00291524610603 71.2778181648 20770.9697982
71.3 0.00289990230892 71.06261232 20814.0293118
71.4 0.0028846606062 70.8731633873 20864.4204795
71.5 0.00286952017698 70.6634611728 20908.642526
71.6 0.00285448020813 70.3978480844 20935.9973589
71.7 0.00283953989416 70.1765459008 20976.1859086
71.8 0.00282469843713 69.9683402914 21020.0287066
71.9 0.00280995504662 69.7670486387 21065.7159305
72.0 0.00279530893959 69.5302014751 21100.3884163
72.1 0.00278075934034 69.3514860919 21152.4551403
72.2 0.00276630548042 69.1204174777 21188.312995
72.3 0.00275194659855 68.9278370165 21235.7043119
72.4 0.00273768194054 68.7379628283 21283.7256511
72.5 0.00272351075923 68.5579991621 21334.6291559
72.6 0.00270943231439 68.3575248689 21378.9446195
72.7 0.00269544587266 68.1081295268 21407.6435413
72.8 0.00268155070749 67.8208629554 21423.9831633
72.9 0.00266774609905 67.6036173687 21462.0332225
73.0 0.00265403133415 67.4195001043 21510.3516501
73.1 0.00264040570621 67.250074718 21563.1820526
73.2 0.00262686851512 67.0873932513 21618.0313093
73.3 0.00261341906727 66.8939102186 21662.7711072
73.4 0.00260005667538 66.730824183 21717.1677653
73.5 0.0025867806585 66.5559981012 21767.5846266
73.6 0.00257359034192 66.308395746 21793.9016563
73.7 0.0025604850571 66.1290273208 21842.3376177
73.8 0.00254746414162 65.9211665722 21881.1164614
73.9 0.00253452693911 65.7540568493 21933.1932008
74.0 0.00252167279918 65.5698066546 21979.3601672
74.1 0.00250890107736 65.4078003891 22032.7973192
74.2 0.00249621113505 65.2527901801 22088.4510865
74.3 0.00248360233944 65.0593826265 22130.9130421
74.4 0.00247107406347 64.8719616866 22175.1612702
74.5 0.00245862568573 64.6847034378 22219.2226791
74.6 0.00244625659047 64.4599293881 22250.089854
74.7 0.00243396616749 64.2355565367 22280.7228147
74.8 0.00242175381207 64.0522122237 22325.2810141
74.9 0.00240961892496 63.8978783431 22379.7605944
75.0 0.00239756091232 63.7118953704 22422.9584023
75.1 0.00238557918559 63.5362447998 22469.5572176
75.2 0.00237367316155 63.3587294817 22515.2732079
75.3 0.00236184226217 63.1834030205 22561.541889
75.4 0.0023500859146 63.0066990097 22607.0925658
75.5 0.00233840355113 62.8331543138 22653.5514414
75.6 0.00232679460908 62.6864642616 22709.5167374
75.7 0.00231525853081 62.5291404595 22761.4802094
75.8 0.00230379476365 62.3283420137 22797.3722588
75.9 0.00229240275982 62.1436111656 22838.8447846
76.0 0.00228108197643 61.9942093952 22893.0926472
76.1 0.00226983187539 61.810536911 22934.4759043
76.2 0.00225865192336 61.6481154861 22983.5098474
76.3 0.00224754159174 61.5036018101 23039.0529406
76.4 0.0022365003566 61.3508164757 23091.345451
76.5 0.00222552769862 61.1843881043 23138.3097532
76.6 0.00221462310304 61.0199146049 23185.7970082
76.7 0.00220378605967 60.8725021442 23239.5826667
76.8 0.00219301606276 60.6897330982 23279.6505188
76.9 0.00218231261102 60.49120287 23313.3580686
77.0 0.00217167520756 60.3498700585 23368.8677988
77.1 0.00216110335982 60.2083781587 23424.1759208
77.2 0.00215059657955 60.0582033463 23475.9478595
77.3 0.00214015438277 59.8660253504 23511.0480015
77.4 0.00212977628972 59.6765316653 23546.8741014
77.5 0.00211946182481 59.4705249796 23575.8278895
77.6 0.00210921051658 59.3097176372 23622.3937682
77.7 0.00209902189769 59.1243695526 23658.9148442
77.8 0.00208889550481 58.9347834829 23693.4132579
77.9 0.00207883087868 58.7711350851 23738.0505295
78.0 0.00206882756396 58.6254216865 23789.7231126
78.1 0.00205888510928 58.4396417517 23824.8841714
78.2 0.00204900306714 58.2668427231 23865.0308128
78.3 0.00203918099393 58.1011664366 23907.8238656
78.4 0.00202941844981 57.9633988689 23961.8944791
78.5 0.00201971499877 57.8114642217 24009.9260867
78.6 0.00201007020851 57.6653199307 24060.1620451
78.7 0.00200048365046 57.5170437902 24109.3129828
78.8 0.00199095489969 57.3850921508 24165.1365121
78.9 0.00198148353494 57.2566568479 24222.3072183
79.0 0.00197206913852 57.122555096 24276.9412097
79.1 0.00196271129633 56.9379180241 24309.8465743
79.2 0.00195340959776 56.7923198906 24359.1437642
79.3 0.00194416363573 56.6381068596 24404.5272121
79.4 0.00193497300661 56.4784304343 24447.3079279
79.5 0.00192583731019 56.3183666513 24489.6584339
79.6 0.00191675614966 56.1197071921 24514.8834191
79.7 0.00190772913155 55.9663031089 24559.5455816
79.8 0.00189875586575 55.807703847 24601.6734653
79.9 0.00188983596542 55.6694701437 24652.5527452
80.0 0.00188096904699 55.5294259147 24702.4390479
80.1 0.00187215473014 55.3514344604 24735.1708074
80.2 0.0018633926377 55.1745026315 24768.0253665
80.3 0.00185468239574 55.0142337019 24808.0425074
80.4 0.0018460236334 54.8643083661 24852.4589827
80.5 0.00183741598298 54.719534197 24898.9731862
80.6 0.00182885907983 54.5971006282 24955.4716281
80.7 0.00182035256236 54.4523879699 25001.6033729
80.8 0.00181189607199 54.2985972214 25043.3169239
80.9 0.00180348925316 54.1629297055 25093.1556801
81.0 0.00179513175323 54.0134964183 25136.3902098
81.1 0.00178682322254 53.8575206972 25176.3088595
81.2 0.00177856331428 53.7358190528 25232.0338736
81.3 0.00177035168458 53.5993262691 25280.636914
81.4 0.00176218799238 53.4603875919 25327.8714242
81.5 0.00175407189946 53.3194800106 25373.9468076
81.6 0.00174600307038 53.096799831 25380.7015922
81.7 0.0017379811725 52.9303389932 25413.8662912
81.8 0.0017300058759 52.748880043 25439.4510466
81.9 0.00172207685339 52.6081250571 25484.3398061
82.0 0.00171419378046 52.4301833746 25510.8929771
82.1 0.0017063563353 52.1910832801 25507.1520788
82.2 0.00169856419869 52.0168948799 25534.6036641
82.3 0.00169081705408 51.8493602038 25564.9415189
82.4 0.00168311458748 51.6704373839 25589.2711536
82.5 0.00167545648748 51.5056653904 25620.2188578
82.6 0.00166784244521 51.3554673971 25658.0860884
82.7 0.00166027215432 51.236579723 25711.364816
82.8 0.00165274531096 51.1167673926 25764.0126612
82.9 0.00164526161376 50.916926477 25775.9764415
83.0 0.00163782076379 50.7678484974 25813.2230458
83.1 0.00163042246456 50.6003540284 25840.7593605
83.2 0.00162306642196 50.3915072843 25846.6953181
83.3 0.00161575234429 50.2480925981 25885.7609261
83.4 0.00160847994219 50.0991347546 25921.6707002
83.5 0.00160124892866 49.9684545408 25966.7635597
83.6 0.001594059019 49.8323923488 26008.8125323
83.7 0.00158690993081 49.6794826609 26041.7686962
83.8 0.00157980138397 49.4695065266 26044.3405707
83.9 0.00157273310061 49.3351741175 26086.3059231
84.0 0.00156570480508 49.1955434648 26125.196821
84.1 0.00155871622396 49.0157410864 26142.3748741
84.2 0.00155176708601 48.8311326633 26156.5035903
84.3 0.00154485712217 48.7104100099 26204.5002161
84.4 0.00153798606554 48.5824265369 26248.3666515
84.5 0.00153115365131 48.4398604875 26284.0773838
84.6 0.00152435961684 48.3160970503 26329.7213394
84.7 0.00151760370154 48.1640287956 26359.6468085
84.8 0.00151088564691 48.0215265411 26394.4675371
84.9 0.00150420519651 47.8981484823 26439.5245728
85.0 0.00149756209593 47.6937324902 26439.4253558
85.1 0.00149095609276 47.5304515508 26461.6087175
85.2 0.00148438693663 47.3366673224 26466.3107703
85.3 0.00147785437911 47.2088486745 26507.4769335
85.4 0.00147135817376 47.0108354004 26508.7982234
85.5 0.00146489807607 46.8219904703 26514.709221
85.6 0.00145847384347 46.6455820553 26527.1310227
85.7 0.0014520852353 46.4872246869 26549.3567291
85.8 0.00144573201277 46.3569650876 26587.2764056
85.9 0.001439413939 46.2161308238 26618.8181065
86.0 0.00143313077895 46.0719351697 26648.0744126
86.1 0.00142688229942 45.9095660186 26666.4146067
86.2 0.00142066826904 45.7513977286 26686.7533346
86.3 0.00141448845825 45.6089073102 26715.8413678
86.4 0.00140834263929 45.5096777137 26770.0168883
86.5 0.00140223058617 45.40957401 26823.5279658
86.6 0.00139615207466 45.266076438 26851.1444215
86.7 0.00139010688227 45.1368983389 26886.9188441
86.8 0.00138409478826 44.9546616535 26890.6522061
86.9 0.00137811557359 44.7788901346 26897.6980346
87.0 0.00137216902092 44.6227457447 26916.0407388
87.1 0.00136625491459 44.4984549349 26953.2310653
87.2 0.00136037304061 44.3627468924 26983.1886471
87.3 0.00135452318667 44.1988753913 26995.5962302
87.4 0.00134870514206 44.0425735097 27012.1522155
87.5 0.00134291869772 43.8979030086 27035.4129201
87.6 0.0013371636462 43.7753463133 27071.9472996
87.7 0.00133143978163 43.6104518993 27081.8987984
87.8 0.00132574689974 43.4511960931 27094.85484
87.9 0.00132008479782 43.3254795124 27128.3259288
88.0 0.00131445327472 43.226823145 27178.4959384
88.1 0.00130885213083 43.11162353 27218.0448697
88.2 0.00130328116805 42.9542952903 27230.622052
88.3 0.00129774018984 42.7924269351 27239.8224058
88.4 0.0012922290011 42.6513816442 27261.8187594
88.5 0.00128674740826 42.5083031772 27282.1028622
88.6 0.00128129521922 42.3575845663 27297.0425693
88.7 0.00127587224332 42.2016376556 27308.1351972
88.8 0.00127047829137 42.0217921924 27303.2054159
88.9 0.00126511317562 41.8391143701 27295.8030156
89.0 0.00125977670972 41.7438927559 27345.0467461
89.1 0.00125446870876 41.6429369408 27390.339603
89.2 0.00124918898919 41.4729174096 27389.8092827
89.3 0.0012439373689 41.2969842289 27384.7722632
89.4 0.00123871366711 41.1517351263 27399.5446131
89.5 0.00123351770443 41.0166521953 27420.6552321
89.6 0.00122834930281 40.8597402795 27426.7076228
89.7 0.00122320828553 40.7229273371 27445.7787256
89.8 0.00121809447722 40.5931706818 27469.2041446
89.9 0.00121300770382 40.405720481 27453.0458969
90.0 0.00120794779257 40.2480162474 27456.4755894
90.1 0.00120291457199 40.0613325568 27439.5119363
90.2 0.00119790787192 39.9312581879 27460.7709558
90.3 0.00119292752344 39.8404841051 27508.767996
90.4 0.00118797335891 39.6929003927 27517.1997826
90.5 0.00118304521192 39.5266590522 27512.1448996
90.6 0.00117814291733 39.3311282575 27486.0139374
90.7 0.0011732663112 39.1143357282 27444.189607
90.8 0.00116841523081 38.9810187945 27460.2707941
90.9 0.00116358951468 38.8180126669 27454.9206915
91.0 0.00115878900249 38.6416947166 27439.5142661
91.1 0.00115401353514 38.5065225146 27452.759668
91.2 0.00114926295467 38.3177271559 27427.1703422
91.3 0.00114453710433 38.1362109196 27406.0511106
91.4 0.00113983582849 38.0389795989 27445.0198308
91.5 0.00113515897269 37.8902063296 27446.4096868
91.6 0.0011305063836 37.743450348 27448.7245114
91.7 0.00112587790904 37.6029272556 27455.0565783
91.8 0.00112127339791 37.3886122416 27406.7967111
91.9 0.00111669270024 37.2419302966 27407.3779794
92.0 0.00111213566717 37.1041842044 27414.0184438
92.1 0.00110760215093 36.9538287765 27410.811926
92.2 0.0011030920048 36.8181873041 27417.9920515
92.3 0.00109860508317 36.7207154445 27453.2211701
92.4 0.00109414124149 36.649415693 27507.8286589
92.5 0.00108970033623 36.5654528147 27552.7813498
92.6 0.00108528222495 36.428644949 27557.5686876
92.7 0.00108088676623 36.3083535326 27574.3948683
92.8 0.00107651381966 36.1556453128 27566.0964264
92.9 0.00107216324588 36.0371257359 27583.3612229
93.0 0.00106783490653 35.8883676306 27576.9866139
93.1 0.00106352866425 35.7420919788 27571.9390678
93.2 0.00105924438266 35.579980182 27554.0513668
93.3 0.00105498192641 35.4598779558 27568.148743
93.4 0.00105074116109 35.3189073923 27565.5346766
93.5 0.00104652195326 35.1893916016 27571.3420245
93.6 0.00104232417047 35.0655231079 27581.1044537
93.7 0.0010381476812 34.924331904 27576.7334794
93.8 0.00103399235489 34.7092946641 27513.2624968
93.9 0.00102985806192 34.5815499687 27518.2337047
94.0 0.00102574467357 34.4794711513 27543.2195878
94.1 0.00102165206209 34.3253281129 27526.1219968
94.2 0.00101758010061 34.1959553385 27528.3079748
94.3 0.00101352866319 34.0056605312 27480.7549649
94.4 0.00100949762478 33.8616743624 27469.8803779
94.5 0.00100548686121 33.6930568161 27438.3428984
94.6 0.00100149624923 33.5934184439 27462.4339082
94.7 0.000997525666446 33.4527773769 27452.5444978
94.8 0.000993574991331 33.3336060787 27459.7490109
94.9 0.000989644103233 33.1989490925 27453.6876027
95.0 0.000985732882356 33.0669642253 27449.2835025
95.1 0.000981841209751 32.9510043475 27457.6859179
95.2 0.000977968967315 32.8465414311 27475.2574146
95.3 0.000974116037781 32.6836513459 27443.3925824
95.4 0.000970282304712 32.4964115924 27390.2506765
95.5 0.000966467652491 32.3263059955 27350.6919703
95.6 0.000962671966323 32.0877941894 27252.2279166
95.7 0.000958895132217 31.9334686155 27224.2816001
95.8 0.000955137036988 31.8506677474 27256.8296349
95.9 0.000951397568249 31.7391961614 27264.4955965
96.0 0.0009476766144 31.5598259487 27213.1725478
96.1 0.000943974064628 31.4613724672 27230.9982057
96.2 0.000940289808895 31.3164198078 27208.0625785
96.3 0.000936623737936 31.1928929241 27203.1425103
96.4 0.000932975743251 31.0867964893 27212.9487113
96.5 0.000929345717097 30.978697448 27220.575358
96.6 0.000925733552487 30.8263988886 27188.7826354
96.7 0.000922139143179 30.7138138306 27191.4175181
96.8 0.000918562383672 30.6162558207 27206.9353794
96.9 0.0009150031692 30.5294913497 27231.7078568
97.0 0.000911461395727 30.3719444564 27192.803998
97.1 0.000907936959938 30.2021375563 27142.1024726
97.2 0.000904429759238 30.0499541403 27106.4319853
97.3 0.000900939691743 29.8766268212 27050.8659756
97.4 0.000897466656275 29.7163859265 27006.2947544
97.5 0.000894010552356 29.4884441626 26899.1535701
97.6 0.000890571280203 29.3177714155 26843.1694269
97.7 0.000887148740723 29.1212152657 26762.5049719
97.8 0.000883742835507 28.9258141369 26681.831315
97.9 0.000880353466824 28.7894235326 26654.7209409
98.0 0.000876980537617 28.6300078726 26605.542707
98.1 0.000873623951496 28.4896788266 26573.3342392
98.2 0.000870283612734 28.3226156439 26515.3924488
98.3 0.000866959426261 28.1255258318 26428.3421352
98.4 0.000863651297661 27.9790743708 26387.9437701
98.5 0.000860359133162 27.8114654403 26326.7585242
98.6 0.000857082839637 27.7162025355 26333.399482
98.7 0.000853822324593 27.5917811539 26311.8267531
98.8 0.000850577496173 27.4327178266 26256.4825393
98.9 0.000847348263142 27.302466381 26227.9543744
99.0 0.00084413453489 27.0902499344 26119.7351073
99.1 0.000840936221426 27.002039971 26130.2726683
99.2 0.000837753233367 26.8880042329 26115.355237
99.3 0.000834585481941 26.7670901133 26093.1753649
99.4 0.000831432878977 26.6661417845 26089.9207137
99.5 0.000828295336904 26.5309836988 26052.6038583
99.6 0.000825172768742 26.4436772075 26061.730269
99.7 0.000822065088103 26.3610747288 26075.1332794
99.8 0.000818972209182 26.2433131313 26053.2872182
99.9 0.000815894046752 26.1464364281 26051.6496048
100.0 0.000812830516164 26.0427890142 26042.7890142
100.1 0.000809781533339 25.9142225712 26008.4149666
100.2 0.000806747014763 25.8089616571 25996.8280456
100.3 0.000803726877487 25.6659095611 25946.5157488
100.4 0.000800721039118 25.4939372977 25866.0606062
100.5 0.000797729417815 25.294326992 25756.4457638
100.6 0.000794751932289 25.1559608896 25708.1947297
100.7 0.000791788501795 25.0527087989 25695.1802456
100.8 0.000788839046127 24.9751299251 25708.0708268
100.9 0.000785903485619 24.8269769206 25647.7206008
101.0 0.000782981741134 24.7105131052 25619.3643602
101.1 0.000780073734065 24.6001740142 25596.7527824
101.2 0.00077717938633 24.4492038998 25531.126818
101.3 0.000774298620367 24.324433951 25492.0657136
101.4 0.00077143135913 24.1630350488 25413.7796752
101.5 0.000768577526084 24.0395566946 25374.5405939
101.6 0.000765737045206 23.9372658248 25357.0485717
101.7 0.000762909840975 23.8022205102 25304.1954494
101.8 0.000760095838371 23.6734655094 25257.2621676
101.9 0.000757294962872 23.462711538 25121.784693
102.0 0.000754507140449 23.3375009149 25076.8493822
102.1 0.000751732297562 23.2249148121 25044.8003214
102.2 0.000748970361156 23.04654462 24940.925917
102.3 0.000746221258661 22.8750573898 24843.3834542
102.4 0.000743484917981 22.743619305 24788.3956809
102.5 0.0007407612675 22.6229115514 24744.3544981
102.6 0.000738050236069 22.5391220561 24740.126449
102.7 0.000735351753009 22.3971294438 24671.3588514
102.8 0.000732665748103 22.246821495 24592.5167763
102.9 0.000729992151598 22.1137113215 24531.8017463
103.0 0.000727330894196 21.9993360339 24491.1229852
103.1 0.000724681907052 21.8721179061 24435.4191678
103.2 0.000722045121772 21.7208572821 24351.9791484
103.3 0.000719420470411 21.5753402001 24274.0263765
103.4 0.000716807885465 21.4545462577 24223.0535771
103.5 0.000714207299872 21.2570412247 24084.4251253
103.6 0.000711618647006 21.1274734764 24021.6855307
103.7 0.000709041860674 20.9655248047 23921.1813618
103.8 0.000706476875116 20.8692010157 23894.7348406
103.9 0.000703923624997 20.7765021858 23871.8936855
104.0 0.000701382045407 20.66655728 23828.6346063
104.1 0.000698852071857 20.5641153997 23793.3821784
104.2 0.000696333640276 20.4238962011 23713.6504815
104.3 0.000693826687008 20.3442084327 23703.519576
104.4 0.000691331148806 20.2154317365 23635.5564357
104.5 0.000688846962836 20.102134205 23584.9142949
104.6 0.000686374066666 19.9760474514 23518.4976526
104.7 0.000683912398268 19.8120250686 23406.4377677
104.8 0.000681461896013 19.6414197457 23285.4337842
104.9 0.000679022498669 19.5015388287 23199.7820103
105.0 0.000676594145398 19.3932757531 23150.9239517
105.1 0.000674176775753 19.2790174646 23094.1911395
105.2 0.000671770329673 19.1431843018 23010.778719
105.3 0.000669374747485 19.0529657908 22981.4578499
105.4 0.000666989969895 18.991163389 22985.9780524
105.5 0.000664615937992 18.9290068289 22989.7504119
105.6 0.000662252593239 18.8325053906 22951.3440609
105.7 0.000659899877472 18.7167903122 22888.8292227
105.8 0.000657557732902 18.5638342698 22779.8393147
105.9 0.000655226102106 18.426241137 22688.6724563
106.0 0.000652904928025 18.3359293433 22654.9557198
106.1 0.000650594153967 18.1715348546 22528.8205126
106.2 0.000648293723598 18.058797195 22465.7445605
106.3 0.000646003580941 17.9470491888 22403.1353825
106.4 0.000643723670377 17.8187037471 22318.9735146
106.5 0.000641453936636 17.6921723415 22236.1828926
106.6 0.000639194324801 17.58438495 22176.1339196
106.7 0.000636944780302 17.466803213 22102.9514567
106.8 0.000634705248913 17.3382684711 22015.0345155
106.9 0.00063247567675 17.2048501137 21919.9704006
107.0 0.000630256010271 17.0875901818 21844.5917479
107.1 0.00062804619627 16.9232595393 21707.9990581
107.2 0.000625846181876 16.8014270101 21624.85681
107.3 0.000623655914551 16.7119600421 21582.6306867
107.4 0.000621475342089 16.6367603532 21558.2896242
107.5 0.000619304412608 16.5354628355 21499.5356847
107.6 0.000617143074556 16.4487937861 21459.1542215
107.7 0.0006149912767 16.3294620464 21375.431017
107.8 0.00061284896813 16.2370245121 21326.1543534
107.9 0.000610716098256 16.1124977143 21233.9462142
108.0 0.0006085926168 15.9491553346 21089.4823646
108.1 0.000606478473804 15.8160701461 20983.8827785
108.2 0.000604373619615 15.6963199309 20895.0203646
108.3 0.000602278004895 15.5477920443 20766.8210592
108.4 0.00060019158061 15.386236168 20620.001316
108.5 0.000598114298033 15.2289809443 20477.6819222
108.6 0.000596046108739 15.0892299717 20357.7296779
108.7 0.000593986964603 14.9363352599 20218.8894747
108.8 0.000591936817802 14.7875992545 20084.4786472
108.9 0.000589895620804 14.6450551325 19957.3197022
109.0 0.000587863326377 14.5695429237 19920.677966
109.1 0.000585839887578 14.4600161066 19836.8459807
109.2 0.000583825257754 14.3353045301 19731.2727755
109.3 0.000581819390542 14.2270753179 19647.4783344
109.4 0.000579822239865 14.0890500264 19521.5631527
109.5 0.000577833759928 13.9761151857 19429.4149667
109.6 0.000575853905221 13.8891605162 19372.61772
109.7 0.000573882630512 13.7789321131 19282.6011645
109.8 0.000571919890847 13.6555051932 19173.1851593
109.9 0.000569965641549 13.5174645572 19042.1886346
110.0 0.000568019838216 13.3447945001 18861.1138895
110.1 0.000566082436717 13.2002542712 18718.4664254
110.2 0.000564153393192 13.0345674334 18544.529164
110.3 0.000562232664049 12.9370471783 18466.4864662
110.4 0.000560320205963 12.7564652234 18268.7185826
110.5 0.000558415975873 12.6329032263 18151.3210534
110.6 0.000556519930982 12.4921489533 18008.1153937
110.7 0.000554632028753 12.3341685601 17838.8043792
110.8 0.000552752226909 12.1920019463 17691.0802911
110.9 0.000550880483429 12.0941604805 17606.670617
111.0 0.00054901675655 11.9468723897 17449.2448918
111.1 0.000547161004761 11.8502948923 17364.8562217
111.2 0.000545313186804 11.769731555 17303.2202241
111.3 0.000543473261669 11.652731704 17187.2024965
111.4 0.000541641188597 11.5903355439 17150.9922958
111.5 0.000539816927076 11.5218826508 17105.3205142
111.6 0.000538000436837 11.4060327927 16988.5237734
111.7 0.000536191677856 11.2926419495 16874.4092144
111.8 0.000534390610351 11.1415812599 16702.8499248
111.9 0.000532597194778 10.9617416974 16486.663665
112.0 0.000530811391834 10.774620502 16257.8609536
112.1 0.00052903316245 10.6190010529 16075.0390863
112.2 0.000527262467794 10.4698895347 15900.6973054
112.3 0.000525499269268 10.3105906772 15709.4891002
112.4 0.000523743528503 10.1511198037 15516.5677898
112.5 0.000521995207364 10.0116146885 15352.8067471
112.6 0.000520254267941 9.86137812217 15171.2711073
112.7 0.000518520672554 9.72919934552 15016.2301908
112.8 0.000516794383747 9.54555428294 14780.2977629
112.9 0.000515075364289 9.38284925142 14575.1739968
113.0 0.00051336357717 9.17485457073 14297.9554283
113.1 0.000511658985603 9.00102877181 14072.1807834
113.2 0.000509961553017 8.85515471227 13888.606801
113.3 0.000508271243064 8.70107539809 13690.7583446
113.4 0.000506588019607 8.57195118189 13530.8499218
113.5 0.000504911846728 8.4518057764 13383.955553
113.6 0.000503242688721 8.27077390508 13139.217196
113.7 0.000501580510091 8.10844053352 12922.538145
113.8 0.000499925275556 7.95139600691 12712.7584329
113.9 0.000498276950041 7.81827204717 12539.837153
114.0 0.000496635498679 7.70382915695 12395.7056105
114.1 0.000495000886811 7.57461790327 12226.6539128
114.2 0.000493373079981 7.45935491614 12078.9512525
114.3 0.000491752043937 7.39119972385 12006.6749729
114.4 0.000490137744631 7.26980208006 11847.018214
114.5 0.000488530148213 7.12467315282 11647.3965641
114.6 0.000486929221033 7.03040957784 11529.773849
114.7 0.000485334929641 6.88674477178 11329.9813496
114.8 0.000483747240782 6.6540505395 10981.8409316
114.9 0.000482166121397 6.55449814317 10851.7842042
115.0 0.000480591538621 6.41679618003 10657.4034107
115.1 0.000479023459782 6.29492529814 10488.0320415
115.2 0.000477461852398 6.19320595475 10351.1361694
115.3 0.00047590668418 6.10200561905 10230.8799514
115.4 0.000474357923025 5.96371669426 10030.534827
115.5 0.000472815537021 5.8333617898 9842.18480183
115.6 0.000471279494439 5.65929342425 9578.53630452
115.7 0.000469749763736 5.51571817723 9364.87879769
115.8 0.000468226313555 5.35095191392 9113.66621855
115.9 0.00046670911272 5.26686956935 8998.61012691
116.0 0.000465198130236 5.19224422643 8898.92636098
116.1 0.00046369333529 5.02584893792 8640.72907904
116.2 0.000462194697245 4.9272625499 8497.74998007
116.3 0.000460702185646 4.79996382353 8304.09537725
116.4 0.000459215770211 4.7130204516 8179.1588506
116.5 0.000457735420836 4.6317139408 8063.15183875
116.6 0.00045626110759 4.49063199261 7841.93438431
116.7 0.000454792800715 4.30141839902 7534.92434115
116.8 0.000453330470626 4.14209497962 7278.4277026
116.9 0.000451874087908 3.9902279445 7033.38484455
117.0 0.000450423623317 3.87727000828 6855.5250791
117.1 0.000448979047776 3.70631835207 6573.61476099
117.2 0.000447540332377 3.56205853451 6337.35859772
117.3 0.000446107448377 3.43443467788 6129.2458912
117.4 0.0004446803672 3.3289321141 5959.36698465
117.5 0.000443259060432 3.25224937401 5840.11359468
117.6 0.000441843499823 3.05472626572 5502.38376495
117.7 0.000440433657287 2.86823785276 5182.43332206
117.8 0.000439029504897 2.73693104062 4960.45209059
117.9 0.000437631014886 2.6061634095 4738.01853675
118.0 0.000436238159647 2.49740837141 4554.29595939
118.1 0.000434850911728 2.39478404703 4380.59884933
118.2 0.000433469243838 2.28944094939 4200.78917636
118.3 0.000432093128839 2.18665201263 4024.52192034
118.4 0.000430722539748 2.10704071868 3889.91049132
118.5 0.000429357449737 2.0076038504 3717.71104516
118.6 0.000427997832129 1.90096711578 3531.03502458
118.7 0.0004266436604 1.82950009958 3408.69816849
118.8 0.000425294908176 1.74921856449 3269.09662622
118.9 0.000423951549234 1.67704621812 3143.80184048
119.0 0.000422613557499 1.58114812093 2973.08979431
119.1 0.000421280907043 1.492306007 2814.60581989
119.2 0.000419953572086 1.42202508691 2690.23405034
119.3 0.000418631526994 1.36200095531 2584.53383904
119.4 0.000417314746276 1.2521441153 2383.30718932
119.5 0.000416003204589 1.18294210999 2258.4422412
119.6 0.000414696876729 1.07429149019 2057.24643162
119.7 0.000413395737636 1.02017768031 1959.55556891
119.8 0.000412099762392 0.963269645388 1855.86390217
119.9 0.000410808926217 0.856777365281 1655.69988737
120.0 0.000409523204473 0.780123624984 1512.13774209
120.1 0.000408242572659 0.74542885345 1449.26337113
120.2 0.000406967006411 0.691005980226 1347.51939132
120.3 0.000405696481504 0.613339033469 1199.67837842
120.4 0.000404430973848 0.584424047419 1146.57435848
120.5 0.000403170459486 0.527597996212 1038.21217558
120.6 0.000401914914597 0.464070969952 915.957091156
120.7 0.000400664315494 0.419008597034 829.507513596
120.8 0.000399418638621 0.389192072019 772.799720629
120.9 0.000398177860554 0.357670134502 712.344622488
121.0 0.000396941957999 0.319730867581 638.697859034
121.1 0.000395710907793 0.304286901598 609.672347734
121.2 0.000394484686901 0.267665672112 537.906988713
121.3 0.000393263272418 0.239090286488 481.921874632
121.4 0.000392046641565 0.226827404504 458.573924539
121.5 0.000390834771689 0.211242760709 428.345021386
121.6 0.000389627640264 0.176799574717 359.5755
121.7 0.000388425224888 0.160191976758 326.772544259
121.8 0.000387227503285 0.159968828218 327.291721255
121.9 0.0003860344533 0.149136445627 306.039328034
122.0 0.000384846052903 0.131329010711 270.300505647
122.1 0.000383662280183 0.122588029466 253.061410396
122.2 0.000382483113353 0.0988553497633 204.676816995
122.3 0.000381308530744 0.0756278400833 157.050649296
122.4 0.000380138510809 0.0717675672357 149.47713716
122.5 0.000378973032116 0.0562181449884 117.438504786
122.6 0.000377812073356 0.0532755147515 111.621553193
122.7 0.000376655613332 0.0441287679484 92.7315598234
122.8 0.000375503630968 0.0336456197772 70.9118154705
122.9 0.000374356105302 0.0279313346277 59.042538673
123.0 0.000373213015485 0.0278927394688 59.1352891726
123.1 0.000372074340787 0.0195727089863 41.6186195569
123.2 0.000370940060587 0.0185474671333 39.5550082643
123.3 0.000369810154379 0.0130820260785 27.9814991399
123.4 0.000368684601771 0.00090632661235 1.94427979059
123.5 0.000367563382479 0.0 0.0
123.6 0.000366446476332 0.0 0.0
123.7 0.000365333863268 0.0 0.0
123.8 0.000364225523336 0.0 0.0
123.9 0.000363121436691 0.0 0.0
124.0 0.0003620215836 0.0 0.0
124.1 0.000360925944434 0.0 0.0
124.2 0.000359834499671 0.0 0.0
124.3 0.000358747229898 0.0 0.0
124.4 0.000357664115804 0.0 0.0
124.5 0.000356585138183 0.0 0.0
124.6 0.000355510277937 0.0 0.0
124.7 0.000354439516065 0.0 0.0
124.8 0.000353372833676 0.0 0.0
124.9 0.000352310211974 0.0 0.0
125.0 0.000351251632271 0.0 0.0
125.1 0.000350197075975 0.0 0.0
125.2 0.000349146524596 0.0 0.0
125.3 0.000348099959745 0.0 0.0
125.4 0.000347057363131 0.0 0.0
125.5 0.00034601871656 0.0 0.0
125.6 0.000344984001937 0.0 0.0
125.7 0.000343953201266 0.0 0.0
125.8 0.000342926296644 0.0 0.0
125.9 0.000341903270266 0.0 0.0
126.0 0.000340884104424 0.0 0.0
126.1 0.000339868781502 0.0 0.0
126.2 0.000338857283979 0.0 0.0
126.3 0.000337849594428 0.0 0.0
126.4 0.000336845695516 0.0 0.0
126.5 0.000335845570001 0.0 0.0
126.6 0.000334849200735 0.0 0.0
126.7 0.000333856570658 0.0 0.0
126.8 0.000332867662804 0.0 0.0
126.9 0.000331882460296 0.0 0.0
127.0 0.000330900946348 0.0 0.0
127.1 0.00032992310426 0.0 0.0
127.2 0.000328948917424 0.0 0.0
127.3 0.000327978369318 0.0 0.0
127.4 0.00032701144351 0.0 0.0
127.5 0.000326048123652 0.0 0.0
127.6 0.000325088393485 0.0 0.0
127.7 0.000324132236834 0.0 0.0
127.8 0.000323179637611 0.0 0.0
127.9 0.000322230579812 0.0 0.0
128.0 0.000321285047518 0.0 0.0
128.1 0.000320343024893 0.0 0.0
128.2 0.000319404496186 0.0 0.0
128.3 0.000318469445728 0.0 0.0
128.4 0.000317537857932 0.0 0.0
128.5 0.000316609717293 0.0 0.0
128.6 0.000315685008389 0.0 0.0
128.7 0.000314763715876 0.0 0.0
128.8 0.000313845824493 0.0 0.0
128.9 0.000312931319058 0.0 0.0
129.0 0.000312020184469 0.0 0.0
129.1 0.000311112405702 0.0 0.0
129.2 0.000310207967811 0.0 0.0
129.3 0.000309306855931 0.0 0.0
129.4 0.000308409055271 0.0 0.0
129.5 0.00030751455112 0.0 0.0
129.6 0.000306623328842 0.0 0.0
129.7 0.000305735373878 0.0 0.0
129.8 0.000304850671743 0.0 0.0
129.9 0.000303969208031 0.0 0.0
130.0 0.000303090968407 0.0 0.0
130.1 0.000302215938611 0.0 0.0
130.2 0.00030134410446 0.0 0.0
130.3 0.000300475451842 0.0 0.0
130.4 0.000299609966717 0.0 0.0
130.5 0.000298747635121 0.0 0.0
130.6 0.000297888443158 0.0 0.0
130.7 0.000297032377009 0.0 0.0
130.8 0.000296179422921 0.0 0.0
130.9 0.000295329567216 0.0 0.0
131.0 0.000294482796284 0.0 0.0
131.1 0.000293639096586 0.0 0.0
131.2 0.000292798454653 0.0 0.0
131.3 0.000291960857086 0.0 0.0
131.4 0.000291126290552 0.0 0.0
131.5 0.00029029474179 0.0 0.0
131.6 0.000289466197604 0.0 0.0
131.7 0.000288640644868 0.0 0.0
131.8 0.000287818070521 0.0 0.0
131.9 0.000286998461572 0.0 0.0
132.0 0.000286181805093 0.0 0.0
132.1 0.000285368088225 0.0 0.0
132.2 0.000284557298172 0.0 0.0
132.3 0.000283749422205 0.0 0.0
132.4 0.000282944447661 0.0 0.0
132.5 0.000282142361939 0.0 0.0
132.6 0.000281343152503 0.0 0.0
132.7 0.000280546806882 0.0 0.0
132.8 0.000279753312667 0.0 0.0
132.9 0.000278962657513 0.0 0.0
133.0 0.000278174829137 0.0 0.0
133.1 0.000277389815318 0.0 0.0
133.2 0.000276607603899 0.0 0.0
133.3 0.000275828182782 0.0 0.0
133.4 0.000275051539931 0.0 0.0
133.5 0.000274277663373 0.0 0.0
133.6 0.000273506541192 0.0 0.0
133.7 0.000272738161535 0.0 0.0
133.8 0.000271972512607 0.0 0.0
133.9 0.000271209582674 0.0 0.0
134.0 0.000270449360061 0.0 0.0
134.1 0.000269691833149 0.0 0.0
134.2 0.000268936990382 0.0 0.0
134.3 0.000268184820259 0.0 0.0
134.4 0.000267435311337 0.0 0.0
134.5 0.000266688452231 0.0 0.0
134.6 0.000265944231614 0.0 0.0
134.7 0.000265202638215 0.0 0.0
134.8 0.000264463660818 0.0 0.0
134.9 0.000263727288266 0.0 0.0
135.0 0.000262993509456 0.0 0.0
135.1 0.000262262313341 0.0 0.0
135.2 0.000261533688928 0.0 0.0
135.3 0.00026080762528 0.0 0.0
135.4 0.000260084111516 0.0 0.0
135.5 0.000259363136807 0.0 0.0
135.6 0.000258644690377 0.0 0.0
135.7 0.000257928761508 0.0 0.0
135.8 0.00025721533953 0.0 0.0
135.9 0.00025650441383 0.0 0.0
136.0 0.000255795973846 0.0 0.0
136.1 0.000255090009068 0.0 0.0
136.2 0.00025438650904 0.0 0.0
136.3 0.000253685463356 0.0 0.0
136.4 0.000252986861662 0.0 0.0
136.5 0.000252290693655 0.0 0.0
136.6 0.000251596949084 0.0 0.0
136.7 0.000250905617747 0.0 0.0
136.8 0.000250216689494 0.0 0.0
136.9 0.000249530154224 0.0 0.0
137.0 0.000248846001886 0.0 0.0
137.1 0.000248164222479 0.0 0.0
137.2 0.000247484806051 0.0 0.0
137.3 0.000246807742698 0.0 0.0
137.4 0.000246133022566 0.0 0.0
137.5 0.00024546063585 0.0 0.0
137.6 0.00024479057279 0.0 0.0
137.7 0.000244122823677 0.0 0.0
137.8 0.000243457378848 0.0 0.0
137.9 0.000242794228688 0.0 0.0
138.0 0.000242133363629 0.0 0.0
138.1 0.000241474774149 0.0 0.0
138.2 0.000240818450774 0.0 0.0
138.3 0.000240164384075 0.0 0.0
138.4 0.000239512564669 0.0 0.0
138.5 0.00023886298322 0.0 0.0
138.6 0.000238215630436 0.0 0.0
138.7 0.000237570497071 0.0 0.0
138.8 0.000236927573924 0.0 0.0
138.9 0.000236286851839 0.0 0.0
139.0 0.000235648321704 0.0 0.0
139.1 0.00023501197445 0.0 0.0
139.2 0.000234377801055 0.0 0.0
139.3 0.000233745792539 0.0 0.0
139.4 0.000233115939965 0.0 0.0
139.5 0.000232488234439 0.0 0.0
139.6 0.000231862667113 0.0 0.0
139.7 0.000231239229178 0.0 0.0
139.8 0.000230617911869 0.0 0.0
139.9 0.000229998706465 0.0 0.0
140.0 0.000229381604285 0.0 0.0
140.1 0.00022876659669 0.0 0.0
140.2 0.000228153675083 0.0 0.0
140.3 0.000227542830908 0.0 0.0
140.4 0.000226934055652 0.0 0.0
140.5 0.000226327340841 0.0 0.0
140.6 0.000225722678042 0.0 0.0
140.7 0.000225120058862 0.0 0.0
140.8 0.00022451947495 0.0 0.0
140.9 0.000223920917993 0.0 0.0
141.0 0.00022332437972 0.0 0.0
141.1 0.000222729851897 0.0 0.0
141.2 0.000222137326332 0.0 0.0
141.3 0.00022154679487 0.0 0.0
141.4 0.000220958249396 0.0 0.0
141.5 0.000220371681833 0.0 0.0
141.6 0.000219787084145 0.0 0.0
141.7 0.000219204448331 0.0 0.0
141.8 0.00021862376643 0.0 0.0
141.9 0.000218045030517 0.0 0.0
142.0 0.000217468232708 0.0 0.0
142.1 0.000216893365154 0.0 0.0
142.2 0.000216320420043 0.0 0.0
142.3 0.000215749389602 0.0 0.0
142.4 0.000215180266093 0.0 0.0
142.5 0.000214613041816 0.0 0.0
142.6 0.000214047709106 0.0 0.0
142.7 0.000213484260336 0.0 0.0
142.8 0.000212922687915 0.0 0.0
142.9 0.000212362984285 0.0 0.0
143.0 0.000211805141927 0.0 0.0
143.1 0.000211249153357 0.0 0.0
143.2 0.000210695011125 0.0 0.0
143.3 0.000210142707817 0.0 0.0
143.4 0.000209592236052 0.0 0.0
143.5 0.000209043588488 0.0 0.0
143.6 0.000208496757813 0.0 0.0
143.7 0.000207951736751 0.0 0.0
143.8 0.000207408518063 0.0 0.0
143.9 0.000206867094538 0.0 0.0
144.0 0.000206327459005 0.0 0.0
144.1 0.000205789604322 0.0 0.0
144.2 0.000205253523384 0.0 0.0
144.3 0.000204719209116 0.0 0.0
144.4 0.000204186654478 0.0 0.0
144.5 0.000203655852463 0.0 0.0
144.6 0.000203126796096 0.0 0.0
144.7 0.000202599478435 0.0 0.0
144.8 0.000202073892569 0.0 0.0
144.9 0.000201550031623 0.0 0.0
145.0 0.000201027888748 0.0 0.0
145.1 0.000200507457134 0.0 0.0
145.2 0.000199988729996 0.0 0.0
145.3 0.000199471700585 0.0 0.0
145.4 0.000198956362181 0.0 0.0
145.5 0.000198442708097 0.0 0.0
145.6 0.000197930731675 0.0 0.0
145.7 0.00019742042629 0.0 0.0
145.8 0.000196911785346 0.0 0.0
145.9 0.000196404802278 0.0 0.0
146.0 0.000195899470552 0.0 0.0
146.1 0.000195395783664 0.0 0.0
146.2 0.000194893735139 0.0 0.0
146.3 0.000194393318533 0.0 0.0
146.4 0.000193894527431 0.0 0.0
146.5 0.000193397355449 0.0 0.0
146.6 0.00019290179623 0.0 0.0
146.7 0.000192407843449 0.0 0.0
146.8 0.000191915490808 0.0 0.0
146.9 0.000191424732038 0.0 0.0
147.0 0.000190935560901 0.0 0.0
147.1 0.000190447971185 0.0 0.0
147.2 0.000189961956708 0.0 0.0
147.3 0.000189477511316 0.0 0.0
147.4 0.000188994628883 0.0 0.0
147.5 0.000188513303312 0.0 0.0
147.6 0.000188033528532 0.0 0.0
147.7 0.000187555298501 0.0 0.0
147.8 0.000187078607205 0.0 0.0
147.9 0.000186603448657 0.0 0.0
148.0 0.000186129816897 0.0 0.0
148.1 0.000185657705993 0.0 0.0
148.2 0.000185187110039 0.0 0.0
148.3 0.000184718023156 0.0 0.0
148.4 0.000184250439492 0.0 0.0
148.5 0.000183784353223 0.0 0.0
148.6 0.000183319758549 0.0 0.0
148.7 0.000182856649699 0.0 0.0
148.8 0.000182395020925 0.0 0.0
148.9 0.000181934866508 0.0 0.0
149.0 0.000181476180753 0.0 0.0
149.1 0.000181018957992 0.0 0.0
149.2 0.000180563192583 0.0 0.0
149.3 0.000180108878907 0.0 0.0
149.4 0.000179656011373 0.0 0.0
149.5 0.000179204584415 0.0 0.0
149.6 0.00017875459249 0.0 0.0
149.7 0.000178306030083 0.0 0.0
149.8 0.000177858891702 0.0 0.0
149.9 0.000177413171879 0.0 0.0
150.0 0.000176968865173 0.0 0.0
150.1 0.000176525966167 0.0 0.0
150.2 0.000176084469465 0.0 0.0
150.3 0.0001756443697 0.0 0.0
150.4 0.000175205661526 0.0 0.0
150.5 0.000174768339623 0.0 0.0
150.6 0.000174332398692 0.0 0.0
150.7 0.000173897833461 0.0 0.0
150.8 0.00017346463868 0.0 0.0
150.9 0.000173032809122 0.0 0.0
151.0 0.000172602339584 0.0 0.0
151.1 0.000172173224886 0.0 0.0
151.2 0.000171745459873 0.0 0.0
151.3 0.00017131903941 0.0 0.0
151.4 0.000170893958387 0.0 0.0
151.5 0.000170470211716 0.0 0.0
151.6 0.000170047794332 0.0 0.0
151.7 0.000169626701191 0.0 0.0
151.8 0.000169206927274 0.0 0.0
151.9 0.000168788467584 0.0 0.0
152.0 0.000168371317143 0.0 0.0
152.1 0.000167955470999 0.0 0.0
152.2 0.000167540924219 0.0 0.0
152.3 0.000167127671895 0.0 0.0
152.4 0.000166715709138 0.0 0.0
152.5 0.000166305031082 0.0 0.0
152.6 0.000165895632882 0.0 0.0
152.7 0.000165487509714 0.0 0.0
152.8 0.000165080656777 0.0 0.0
152.9 0.00016467506929 0.0 0.0
153.0 0.000164270742492 0.0 0.0
153.1 0.000163867671646 0.0 0.0
153.2 0.000163465852033 0.0 0.0
153.3 0.000163065278956 0.0 0.0
153.4 0.000162665947739 0.0 0.0
153.5 0.000162267853726 0.0 0.0
153.6 0.000161870992282 0.0 0.0
153.7 0.000161475358792 0.0 0.0
153.8 0.00016108094866 0.0 0.0
153.9 0.000160687757313 0.0 0.0
154.0 0.000160295780196 0.0 0.0
154.1 0.000159905012774 0.0 0.0
154.2 0.000159515450533 0.0 0.0
154.3 0.000159127088978 0.0 0.0
154.4 0.000158739923634 0.0 0.0
154.5 0.000158353950045 0.0 0.0
154.6 0.000157969163774 0.0 0.0
154.7 0.000157585560405 0.0 0.0
154.8 0.000157203135541 0.0 0.0
154.9 0.000156821884802 0.0 0.0
155.0 0.00015644180383 0.0 0.0
155.1 0.000156062888284 0.0 0.0
155.2 0.000155685133843 0.0 0.0
155.3 0.000155308536205 0.0 0.0
155.4 0.000154933091084 0.0 0.0
155.5 0.000154558794216 0.0 0.0
155.6 0.000154185641355 0.0 0.0
155.7 0.000153813628271 0.0 0.0
155.8 0.000153442750754 0.0 0.0
155.9 0.000153073004614 0.0 0.0
156.0 0.000152704385675 0.0 0.0
156.1 0.000152336889783 0.0 0.0
156.2 0.000151970512799 0.0 0.0
156.3 0.000151605250604 0.0 0.0
156.4 0.000151241099096 0.0 0.0
156.5 0.000150878054191 0.0 0.0
156.6 0.000150516111822 0.0 0.0
156.7 0.00015015526794 0.0 0.0
156.8 0.000149795518512 0.0 0.0
156.9 0.000149436859526 0.0 0.0
157.0 0.000149079286983 0.0 0.0
157.1 0.000148722796904 0.0 0.0
157.2 0.000148367385326 0.0 0.0
157.3 0.000148013048303 0.0 0.0
157.4 0.000147659781906 0.0 0.0
157.5 0.000147307582224 0.0 0.0
157.6 0.000146956445361 0.0 0.0
157.7 0.000146606367438 0.0 0.0
157.8 0.000146257344594 0.0 0.0
157.9 0.000145909372984 0.0 0.0
158.0 0.000145562448777 0.0 0.0
158.1 0.000145216568162 0.0 0.0
158.2 0.000144871727342 0.0 0.0
158.3 0.000144527922537 0.0 0.0
158.4 0.000144185149983 0.0 0.0
158.5 0.000143843405932 0.0 0.0
158.6 0.000143502686651 0.0 0.0
158.7 0.000143162988426 0.0 0.0
158.8 0.000142824307555 0.0 0.0
158.9 0.000142486640353 0.0 0.0
159.0 0.000142149983153 0.0 0.0
159.1 0.0001418143323 0.0 0.0
159.2 0.000141479684156 0.0 0.0
159.3 0.000141146035099 0.0 0.0
159.4 0.000140813381522 0.0 0.0
159.5 0.000140481719833 0.0 0.0
159.6 0.000140151046456 0.0 0.0
159.7 0.000139821357828 0.0 0.0
159.8 0.000139492650404 0.0 0.0
159.9 0.000139164920652 0.0 0.0
160.0 0.000138838165055 0.0 0.0
160.1 0.000138512380111 0.0 0.0
160.2 0.000138187562334 0.0 0.0
160.3 0.000137863708252 0.0 0.0
160.4 0.000137540814406 0.0 0.0
160.5 0.000137218877353 0.0 0.0
160.6 0.000136897893665 0.0 0.0
160.7 0.000136577859928 0.0 0.0
160.8 0.000136258772742 0.0 0.0
160.9 0.000135940628721 0.0 0.0
161.0 0.000135623424493 0.0 0.0
161.1 0.000135307156702 0.0 0.0
161.2 0.000134991822004 0.0 0.0
161.3 0.00013467741707 0.0 0.0
161.4 0.000134363938585 0.0 0.0
161.5 0.000134051383247 0.0 0.0
161.6 0.000133739747769 0.0 0.0
161.7 0.000133429028876 0.0 0.0
161.8 0.000133119223309 0.0 0.0
161.9 0.000132810327821 0.0 0.0
162.0 0.000132502339179 0.0 0.0
162.1 0.000132195254164 0.0 0.0
162.2 0.000131889069568 0.0 0.0
162.3 0.000131583782199 0.0 0.0
162.4 0.000131279388879 0.0 0.0
162.5 0.000130975886439 0.0 0.0
162.6 0.000130673271728 0.0 0.0
162.7 0.000130371541604 0.0 0.0
162.8 0.000130070692941 0.0 0.0
162.9 0.000129770722625 0.0 0.0
163.0 0.000129471627555 0.0 0.0
163.1 0.000129173404641 0.0 0.0
163.2 0.00012887605081 0.0 0.0
163.3 0.000128579562996 0.0 0.0
163.4 0.000128283938151 0.0 0.0
163.5 0.000127989173237 0.0 0.0
163.6 0.000127695265229 0.0 0.0
163.7 0.000127402211114 0.0 0.0
163.8 0.000127110007892 0.0 0.0
163.9 0.000126818652575 0.0 0.0
164.0 0.000126528142187 0.0 0.0
164.1 0.000126238473766 0.0 0.0
164.2 0.000125949644361 0.0 0.0
164.3 0.000125661651031 0.0 0.0
164.4 0.000125374490852 0.0 0.0
164.5 0.000125088160906 0.0 0.0
164.6 0.000124802658293 0.0 0.0
164.7 0.000124517980121 0.0 0.0
164.8 0.00012423412351 0.0 0.0
164.9 0.000123951085594 0.0 0.0
165.0 0.000123668863516 0.0 0.0
165.1 0.000123387454433 0.0 0.0
165.2 0.000123106855513 0.0 0.0
165.3 0.000122827063935 0.0 0.0
165.4 0.000122548076889 0.0 0.0
165.5 0.000122269891578 0.0 0.0
165.6 0.000121992505216 0.0 0.0
165.7 0.000121715915028 0.0 0.0
165.8 0.000121440118249 0.0 0.0
165.9 0.000121165112128 0.0 0.0
166.0 0.000120890893924 0.0 0.0
166.1 0.000120617460905 0.0 0.0
166.2 0.000120344810354 0.0 0.0
166.3 0.000120072939563 0.0 0.0
166.4 0.000119801845834 0.0 0.0
166.5 0.000119531526482 0.0 0.0
166.6 0.000119261978831 0.0 0.0
166.7 0.000118993200217 0.0 0.0
166.8 0.000118725187986 0.0 0.0
166.9 0.000118457939497 0.0 0.0
167.0 0.000118191452117 0.0 0.0
167.1 0.000117925723224 0.0 0.0
167.2 0.000117660750208 0.0 0.0
167.3 0.000117396530468 0.0 0.0
167.4 0.000117133061415 0.0 0.0
167.5 0.000116870340469 0.0 0.0
167.6 0.000116608365062 0.0 0.0
167.7 0.000116347132634 0.0 0.0
167.8 0.000116086640638 0.0 0.0
167.9 0.000115826886535 0.0 0.0
168.0 0.000115567867798 0.0 0.0
168.1 0.000115309581908 0.0 0.0
168.2 0.000115052026359 0.0 0.0
168.3 0.000114795198653 0.0 0.0
168.4 0.000114539096302 0.0 0.0
168.5 0.000114283716828 0.0 0.0
168.6 0.000114029057765 0.0 0.0
168.7 0.000113775116655 0.0 0.0
168.8 0.000113521891049 0.0 0.0
168.9 0.000113269378509 0.0 0.0
169.0 0.000113017576608 0.0 0.0
169.1 0.000112766482926 0.0 0.0
169.2 0.000112516095054 0.0 0.0
169.3 0.000112266410594 0.0 0.0
169.4 0.000112017427155 0.0 0.0
169.5 0.000111769142357 0.0 0.0
169.6 0.000111521553829 0.0 0.0
169.7 0.00011127465921 0.0 0.0
169.8 0.000111028456148 0.0 0.0
169.9 0.0001107829423 0.0 0.0
170.0 0.000110538115333 0.0 0.0
170.1 0.000110293972922 0.0 0.0
170.2 0.000110050512754 0.0 0.0
170.3 0.000109807732522 0.0 0.0
170.4 0.00010956562993 0.0 0.0
170.5 0.00010932420269 0.0 0.0
170.6 0.000109083448524 0.0 0.0
170.7 0.000108843365163 0.0 0.0
170.8 0.000108603950346 0.0 0.0
170.9 0.000108365201822 0.0 0.0
171.0 0.000108127117349 0.0 0.0
171.1 0.000107889694692 0.0 0.0
171.2 0.000107652931627 0.0 0.0
171.3 0.000107416825937 0.0 0.0
171.4 0.000107181375416 0.0 0.0
171.5 0.000106946577864 0.0 0.0
171.6 0.000106712431092 0.0 0.0
171.7 0.000106478932919 0.0 0.0
171.8 0.00010624608117 0.0 0.0
171.9 0.000106013873683 0.0 0.0
172.0 0.0001057823083 0.0 0.0
172.1 0.000105551382876 0.0 0.0
172.2 0.000105321095271 0.0 0.0
172.3 0.000105091443354 0.0 0.0
172.4 0.000104862425004 0.0 0.0
172.5 0.000104634038106 0.0 0.0
172.6 0.000104406280554 0.0 0.0
172.7 0.000104179150253 0.0 0.0
172.8 0.000103952645111 0.0 0.0
172.9 0.000103726763049 0.0 0.0
173.0 0.000103501501994 0.0 0.0
173.1 0.00010327685988 0.0 0.0
173.2 0.000103052834651 0.0 0.0
173.3 0.000102829424258 0.0 0.0
173.4 0.00010260662666 0.0 0.0
173.5 0.000102384439826 0.0 0.0
173.6 0.000102162861729 0.0 0.0
173.7 0.000101941890353 0.0 0.0
173.8 0.000101721523688 0.0 0.0
173.9 0.000101501759734 0.0 0.0
174.0 0.000101282596497 0.0 0.0
174.1 0.00010106403199 0.0 0.0
174.2 0.000100846064236 0.0 0.0
174.3 0.000100628691264 0.0 0.0
174.4 0.000100411911111 0.0 0.0
174.5 0.000100195721822 0.0 0.0
174.6 9.99801214496e-05 0.0 0.0
174.7 9.97651080532e-05 0.0 0.0
174.8 9.95506797004e-05 0.0 0.0
174.9 9.93368344657e-05 0.0 0.0
175.0 9.91235704316e-05 0.0 0.0
175.1 9.89108856875e-05 0.0 0.0
175.2 9.86987783305e-05 0.0 0.0
175.3 9.84872464649e-05 0.0 0.0
175.4 9.82762882023e-05 0.0 0.0
175.5 9.80659016616e-05 0.0 0.0
175.6 9.78560849689e-05 0.0 0.0
175.7 9.76468362576e-05 0.0 0.0
175.8 9.74381536681e-05 0.0 0.0
175.9 9.7230035348e-05 0.0 0.0
176.0 9.70224794522e-05 0.0 0.0
176.1 9.68154841425e-05 0.0 0.0
176.2 9.66090475876e-05 0.0 0.0
176.3 9.64031679636e-05 0.0 0.0
176.4 9.61978434533e-05 0.0 0.0
176.5 9.59930722464e-05 0.0 0.0
176.6 9.57888525398e-05 0.0 0.0
176.7 9.55851825372e-05 0.0 0.0
176.8 9.53820604489e-05 0.0 0.0
176.9 9.51794844924e-05 0.0 0.0
177.0 9.49774528918e-05 0.0 0.0
177.1 9.4775963878e-05 0.0 0.0
177.2 9.45750156887e-05 0.0 0.0
177.3 9.43746065682e-05 0.0 0.0
177.4 9.41747347676e-05 0.0 0.0
177.5 9.39753985446e-05 0.0 0.0
177.6 9.37765961636e-05 0.0 0.0
177.7 9.35783258955e-05 0.0 0.0
177.8 9.33805860178e-05 0.0 0.0
177.9 9.31833748146e-05 0.0 0.0
178.0 9.29866905764e-05 0.0 0.0
178.1 9.27905316002e-05 0.0 0.0
178.2 9.25948961896e-05 0.0 0.0
178.3 9.23997826544e-05 0.0 0.0
178.4 9.22051893111e-05 0.0 0.0
178.5 9.20111144823e-05 0.0 0.0
178.6 9.18175564969e-05 0.0 0.0
178.7 9.16245136905e-05 0.0 0.0
178.8 9.14319844047e-05 0.0 0.0
178.9 9.12399669872e-05 0.0 0.0
179.0 9.10484597924e-05 0.0 0.0
179.1 9.08574611805e-05 0.0 0.0
179.2 9.0666969518e-05 0.0 0.0
179.3 9.04769831777e-05 0.0 0.0
179.4 9.02875005383e-05 0.0 0.0
179.5 9.00985199848e-05 0.0 0.0
179.6 8.99100399081e-05 0.0 0.0
179.7 8.97220587053e-05 0.0 0.0
179.8 8.95345747794e-05 0.0 0.0
179.9 8.93475865395e-05 0.0 0.0
180.0 8.91610924006e-05 0.0 0.0
180.1 8.89750907837e-05 0.0 0.0
180.2 8.87895801156e-05 0.0 0.0
180.3 8.86045588292e-05 0.0 0.0
180.4 8.8420025363e-05 0.0 0.0
180.5 8.82359781616e-05 0.0 0.0
180.6 8.80524156752e-05 0.0 0.0
180.7 8.786933636e-05 0.0 0.0
180.8 8.76867386779e-05 0.0 0.0
180.9 8.75046210964e-05 0.0 0.0
181.0 8.73229820889e-05 0.0 0.0
181.1 8.71418201344e-05 0.0 0.0
181.2 8.69611337176e-05 0.0 0.0
181.3 8.67809213288e-05 0.0 0.0
181.4 8.6601181464e-05 0.0 0.0
181.5 8.64219126248e-05 0.0 0.0
181.6 8.62431133183e-05 0.0 0.0
181.7 8.60647820572e-05 0.0 0.0
181.8 8.58869173597e-05 0.0 0.0
181.9 8.57095177495e-05 0.0 0.0
182.0 8.55325817557e-05 0.0 0.0
182.1 8.53561079131e-05 0.0 0.0
182.2 8.51800947617e-05 0.0 0.0
182.3 8.50045408471e-05 0.0 0.0
182.4 8.482944472e-05 0.0 0.0
182.5 8.46548049367e-05 0.0 0.0
182.6 8.44806200589e-05 0.0 0.0
182.7 8.43068886533e-05 0.0 0.0
182.8 8.41336092923e-05 0.0 0.0
182.9 8.39607805532e-05 0.0 0.0
183.0 8.37884010188e-05 0.0 0.0
183.1 8.3616469277e-05 0.0 0.0
183.2 8.3444983921e-05 0.0 0.0
183.3 8.32739435491e-05 0.0 0.0
183.4 8.31033467649e-05 0.0 0.0
183.5 8.29331921769e-05 0.0 0.0
183.6 8.27634783989e-05 0.0 0.0
183.7 8.25942040498e-05 0.0 0.0
183.8 8.24253677536e-05 0.0 0.0
183.9 8.22569681391e-05 0.0 0.0
184.0 8.20890038404e-05 0.0 0.0
184.1 8.19214734967e-05 0.0 0.0
184.2 8.17543757517e-05 0.0 0.0
184.3 8.15877092547e-05 0.0 0.0
184.4 8.14214726595e-05 0.0 0.0
184.5 8.1255664625e-05 0.0 0.0
184.6 8.10902838149e-05 0.0 0.0
184.7 8.0925328898e-05 0.0 0.0
184.8 8.07607985477e-05 0.0 0.0
184.9 8.05966914425e-05 0.0 0.0
185.0 8.04330062656e-05 0.0 0.0
185.1 8.02697417049e-05 0.0 0.0
185.2 8.01068964532e-05 0.0 0.0
185.3 7.99444692081e-05 0.0 0.0
185.4 7.9782458672e-05 0.0 0.0
185.5 7.96208635518e-05 0.0 0.0
185.6 7.94596825593e-05 0.0 0.0
185.7 7.92989144109e-05 0.0 0.0
185.8 7.91385578277e-05 0.0 0.0
185.9 7.89786115355e-05 0.0 0.0
186.0 7.88190742645e-05 0.0 0.0
186.1 7.86599447498e-05 0.0 0.0
186.2 7.85012217309e-05 0.0 0.0
186.3 7.8342903952e-05 0.0 0.0
186.4 7.81849901617e-05 0.0 0.0
186.5 7.80274791133e-05 0.0 0.0
186.6 7.78703695645e-05 0.0 0.0
186.7 7.77136602775e-05 0.0 0.0
186.8 7.7557350019e-05 0.0 0.0
186.9 7.74014375602e-05 0.0 0.0
187.0 7.72459216767e-05 0.0 0.0
187.1 7.70908011484e-05 0.0 0.0
187.2 7.69360747598e-05 0.0 0.0
187.3 7.67817412998e-05 0.0 0.0
187.4 7.66277995614e-05 0.0 0.0
187.5 7.64742483422e-05 0.0 0.0
187.6 7.6321086444e-05 0.0 0.0
187.7 7.61683126731e-05 0.0 0.0
187.8 7.60159258398e-05 0.0 0.0
187.9 7.58639247588e-05 0.0 0.0
188.0 7.57123082493e-05 0.0 0.0
188.1 7.55610751343e-05 0.0 0.0
188.2 7.54102242414e-05 0.0 0.0
188.3 7.52597544021e-05 0.0 0.0
188.4 7.51096644525e-05 0.0 0.0
188.5 7.49599532324e-05 0.0 0.0
188.6 7.4810619586e-05 0.0 0.0
188.7 7.46616623617e-05 0.0 0.0
188.8 7.45130804119e-05 0.0 0.0
188.9 7.43648725932e-05 0.0 0.0
189.0 7.42170377661e-05 0.0 0.0
189.1 7.40695747953e-05 0.0 0.0
189.2 7.39224825496e-05 0.0 0.0
189.3 7.37757599019e-05 0.0 0.0
189.4 7.36294057288e-05 0.0 0.0
189.5 7.34834189112e-05 0.0 0.0
189.6 7.33377983338e-05 0.0 0.0
189.7 7.31925428856e-05 0.0 0.0
189.8 7.30476514591e-05 0.0 0.0
189.9 7.2903122951e-05 0.0 0.0
190.0 7.2758956262e-05 0.0 0.0
190.1 7.26151502964e-05 0.0 0.0
190.2 7.24717039628e-05 0.0 0.0
190.3 7.23286161733e-05 0.0 0.0
190.4 7.21858858441e-05 0.0 0.0
190.5 7.20435118951e-05 0.0 0.0
190.6 7.190149325e-05 0.0 0.0
190.7 7.17598288366e-05 0.0 0.0
190.8 7.16185175862e-05 0.0 0.0
190.9 7.1477558434e-05 0.0 0.0
191.0 7.13369503188e-05 0.0 0.0
191.1 7.11966921835e-05 0.0 0.0
191.2 7.10567829744e-05 0.0 0.0
191.3 7.09172216417e-05 0.0 0.0
191.4 7.07780071393e-05 0.0 0.0
191.5 7.06391384246e-05 0.0 0.0
191.6 7.05006144589e-05 0.0 0.0
191.7 7.03624342071e-05 0.0 0.0
191.8 7.02245966378e-05 0.0 0.0
191.9 7.00871007229e-05 0.0 0.0
192.0 6.99499454385e-05 0.0 0.0
192.1 6.98131297637e-05 0.0 0.0
192.2 6.96766526816e-05 0.0 0.0
192.3 6.95405131787e-05 0.0 0.0
192.4 6.94047102451e-05 0.0 0.0
192.5 6.92692428745e-05 0.0 0.0
192.6 6.9134110064e-05 0.0 0.0
192.7 6.89993108142e-05 0.0 0.0
192.8 6.88648441294e-05 0.0 0.0
192.9 6.87307090173e-05 0.0 0.0
193.0 6.85969044889e-05 0.0 0.0
193.1 6.84634295589e-05 0.0 0.0
193.2 6.83302832454e-05 0.0 0.0
193.3 6.81974645698e-05 0.0 0.0
193.4 6.8064972557e-05 0.0 0.0
193.5 6.79328062353e-05 0.0 0.0
193.6 6.78009646364e-05 0.0 0.0
193.7 6.76694467953e-05 0.0 0.0
193.8 6.75382517506e-05 0.0 0.0
193.9 6.7407378544e-05 0.0 0.0
194.0 6.72768262206e-05 0.0 0.0
194.1 6.71465938288e-05 0.0 0.0
194.2 6.70166804205e-05 0.0 0.0
194.3 6.68870850506e-05 0.0 0.0
194.4 6.67578067774e-05 0.0 0.0
194.5 6.66288446627e-05 0.0 0.0
194.6 6.65001977712e-05 0.0 0.0
194.7 6.63718651711e-05 0.0 0.0
194.8 6.62438459337e-05 0.0 0.0
194.9 6.61161391335e-05 0.0 0.0
195.0 6.59887438483e-05 0.0 0.0
195.1 6.58616591591e-05 0.0 0.0
195.2 6.57348841499e-05 0.0 0.0
195.3 6.56084179082e-05 0.0 0.0
195.4 6.54822595244e-05 0.0 0.0
195.5 6.5356408092e-05 0.0 0.0
195.6 6.52308627078e-05 0.0 0.0
195.7 6.51056224716e-05 0.0 0.0
195.8 6.49806864864e-05 0.0 0.0
195.9 6.48560538583e-05 0.0 0.0
196.0 6.47317236964e-05 0.0 0.0
196.1 6.46076951128e-05 0.0 0.0
196.2 6.44839672228e-05 0.0 0.0
196.3 6.43605391448e-05 0.0 0.0
196.4 6.423741e-05 0.0 0.0
196.5 6.41145789129e-05 0.0 0.0
196.6 6.39920450107e-05 0.0 0.0
196.7 6.38698074239e-05 0.0 0.0
196.8 6.37478652857e-05 0.0 0.0
196.9 6.36262177325e-05 0.0 0.0
197.0 6.35048639036e-05 0.0 0.0
197.1 6.33838029412e-05 0.0 0.0
197.2 6.32630339905e-05 0.0 0.0
197.3 6.31425561995e-05 0.0 0.0
197.4 6.30223687193e-05 0.0 0.0
197.5 6.29024707038e-05 0.0 0.0
197.6 6.27828613098e-05 0.0 0.0
197.7 6.2663539697e-05 0.0 0.0
197.8 6.25445050278e-05 0.0 0.0
197.9 6.24257564679e-05 0.0 0.0
198.0 6.23072931853e-05 0.0 0.0
198.1 6.21891143513e-05 0.0 0.0
198.2 6.20712191396e-05 0.0 0.0
198.3 6.19536067272e-05 0.0 0.0
198.4 6.18362762934e-05 0.0 0.0
198.5 6.17192270208e-05 0.0 0.0
198.6 6.16024580942e-05 0.0 0.0
198.7 6.14859687017e-05 0.0 0.0
198.8 6.13697580339e-05 0.0 0.0
198.9 6.12538252842e-05 0.0 0.0
199.0 6.11381696487e-05 0.0 0.0
199.1 6.10227903263e-05 0.0 0.0
199.2 6.09076865185e-05 0.0 0.0
199.3 6.07928574297e-05 0.0 0.0
199.4 6.06783022667e-05 0.0 0.0
199.5 6.05640202394e-05 0.0 0.0
199.6 6.04500105599e-05 0.0 0.0
199.7 6.03362724434e-05 0.0 0.0
199.8 6.02228051074e-05 0.0 0.0
199.9 6.01096077723e-05 0.0 0.0
