# r frac rho dNdR
0.0 0.0 inf nan
0.1 0.0 15135612.4844 0.0
0.2 0.0 1494719.89288 0.0
0.3 0.0 385846.894561 0.0
0.4 0.0 147611.308129 0.0
0.5 0.0 70055.1690683 0.0
0.6 0.0 38104.3733446 0.0
0.7 0.0 22770.4989143 0.0
0.8 0.0 14577.3789401 0.0
0.9 0.0 9836.26042196 0.0
1.0 0.0 6918.30970919 0.0
1.1 0.0 5032.09036632 0.0
1.2 0.0 3763.00363811 0.0
1.3 0.0 2880.24348735 0.0
1.4 0.0 2248.70435425 0.0
1.5 0.0 1785.89201202 0.0
1.6 0.0 1439.59144767 0.0
1.7 0.0 1175.71105713 0.0
1.8 0.0 971.381510949 0.0
1.9 0.0 810.89191969 0.0
2.0 0.0 683.218809816 0.0
2.1 0.0 580.48039369 0.0
2.2 0.0 496.944909303 0.0
2.3 0.0150810314735 428.379843363 429.462858131
2.4 0.0622682900329 371.61604135 1674.91873223
2.5 0.117217361258 324.250288401 2985.1227407
2.6 0.145823762775 284.438917904 3523.49677343
2.7 0.178324317708 250.752359168 4096.31165427
2.8 0.210546101265 222.071167253 4606.43880324
2.9 0.205814819134 197.510726754 4296.088196
3.0 0.290198870508 176.366058503 5788.46085223
3.1 0.266589536511 158.070906033 5088.95128923
3.2 0.318729786427 142.167089483 5830.84564413
3.3 0.341940017102 128.281326111 6002.76184873
3.4 0.337577599344 116.107538243 5693.79380542
3.5 0.385189571986 105.393234192 6249.32636406
3.6 0.390629867335 95.9289404037 6102.81154478
3.7 0.40028500574 87.5399393963 6028.21698024
3.8 0.42473292401 80.0797645014 6171.85582052
3.9 0.420605036202 73.4250435072 5902.79579333
4.0 0.462723497934 67.4713855996 6277.27319273
4.1 0.457078478634 62.1300808206 5998.88130788
4.2 0.470713789008 57.3254364677 5981.53620163
4.3 0.462971018623 52.9926159041 5700.53923528
4.4 0.467676732361 49.0758760087 5583.78954429
4.5 0.472191498435 45.5271227096 5470.45259731
4.6 0.466512063438 42.3047216783 5247.79967291
4.7 0.471037706035 39.3725147615 5148.18811536
4.8 0.477511180537 36.6990031022 5073.76269103
4.9 0.46461379225 34.2566659486 4802.18862449
5.0 0.481864318597 32.0213904026 4847.46661559
5.1 0.471230344809 29.9719922641 4616.35370496
5.2 0.45919525429 28.0898119808 4382.9122383
5.3 0.491850250202 26.358372763 4576.28533682
5.4 0.466214175845 24.7630903487 4230.46104697
5.5 0.474449145919 23.2910258335 4200.62129097
5.6 0.480951780316 21.930674538 4156.6115927
5.7 0.473365372239 20.6717851266 3995.15876471
5.8 0.487067185211 19.5052042089 4016.1065261
5.9 0.478289989593 18.4227424674 3854.42375987
6.0 0.473635134112 17.4170590285 3731.90946417
6.1 0.480168277231 16.4815613377 3700.50801935
6.2 0.47352951436 15.6103182462 3570.68922639
6.3 0.485539154108 14.7979843888 3583.58561928
6.4 0.474586572406 14.0397342348 3429.60532915
6.5 0.483399379257 13.3312044473 3421.46462801
6.6 0.477626991153 12.668443396 3312.14889264
6.7 0.481201036313 12.0478668447 3270.36466954
6.8 0.479646859002 11.4662189789 3195.7259247
6.9 0.479802030729 10.9205380638 3134.83122654
7.0 0.479822545063 10.4081261253 3075.09927143
7.1 0.481569644846 9.92652213338 3028.18762707
7.2 0.479882750532 9.47347824028 2961.55265249
7.3 0.481628584029 9.04693869066 2917.89382737
7.4 0.480786277655 8.64502107014 2860.1672095
7.5 0.482214275289 8.26599960651 2817.5253617
7.6 0.481704270457 7.90829027505 2765.0319048
7.7 0.482735405166 7.57043749245 2722.83575331
7.8 0.48265098728 7.25110221201 2675.69307911
7.9 0.482871180797 6.94905125688 2631.60587857
8.0 0.483423616978 6.66314774904 2590.58081458
8.1 0.483170140607 6.39234250933 2546.47857313
8.2 0.484042486423 6.13566631971 2509.47448854
8.3 0.48367664512 5.89222295194 2467.17717044
8.4 0.484147658641 5.66118287876 2430.26401668
8.5 0.484194464775 5.44177759359 2392.25969841
8.6 0.484320538059 5.23329447349 2355.67203035
8.7 0.48459078263 5.035072128 2320.75457199
8.8 0.484659806104 4.84649618285 2285.80978539
8.9 0.484837828124 4.66699545352 2252.28711456
9.0 0.485158385126 4.49603846885 2220.2835598
9.1 0.485052471804 4.33313030902 2187.17292124
9.2 0.485553201322 4.17780972659 2157.6003168
9.3 0.485569047996 4.02964652247 2126.63867822
9.4 0.485430074355 3.88823915169 2095.77772107
9.5 0.485616087837 3.7532125369 2067.06102759
9.6 0.48555953527 3.62421606937 2038.02214559
9.7 0.485855566777 3.50092177986 2011.14286804
9.8 0.486013771097 3.38302266326 1984.33730772
9.9 0.486217047281 3.27023114269 1958.34356315
10.0 0.486405114888 3.16227766017 1932.89381871
10.1 0.486566742727 3.05890938238 1907.92651844
10.2 0.48681493563 2.95988901094 1883.86391728
10.3 0.486674497561 2.86499368796 1858.8595291
10.4 0.486741038608 2.77401398841 1835.1989574
10.5 0.486931811038 2.68675299152 1812.52644209
10.6 0.487044761378 2.60302542454 1790.0653292
10.7 0.486959139417 2.52265687247 1767.37262206
10.8 0.487045433326 2.44548304811 1745.78801343
10.9 0.487191852474 2.37134911744 1724.87796252
11.0 0.487362648748 2.30010907552 1704.49569195
11.1 0.487527761145 2.23162516885 1684.52097526
11.2 0.487652802644 2.16576736025 1664.82442234
11.3 0.487777357422 2.10241283286 1645.53220472
11.4 0.487936231342 2.04144553 1626.7485592
11.5 0.488050141217 1.98275572814 1608.19682629
11.6 0.488125472767 1.92623964017 1589.89202284
11.7 0.488199816299 1.87179904675 1571.94888844
11.8 0.488265094552 1.81934095338 1554.33151425
11.9 0.488297701726 1.76877727132 1536.95664147
12.0 0.488268589694 1.72002452046 1519.7277068
12.1 0.488239224829 1.67300355245 1502.83096619
12.2 0.488053744579 1.6276392926 1485.78284677
12.3 0.487946155589 1.58386049908 1469.29471122
12.4 0.487789774572 1.54159953823 1452.97284578
12.5 0.487602729913 1.50079217461 1436.86701453
12.6 0.487343242568 1.46137737493 1420.85016531
12.7 0.487070896054 1.4232971247 1405.09296023
12.8 0.48662239037 1.38649625664 1389.12264925
12.9 0.485970234108 1.35092229022 1372.86970494
13.0 0.485397316164 1.31652528128 1357.13528662
13.1 0.484816313434 1.28325768123 1341.66333858
13.2 0.484237168996 1.25107420498 1326.47453826
13.3 0.483660051107 1.21993170716 1311.56217282
13.4 0.483078792751 1.18978906589 1296.90273615
13.5 0.482528625866 1.16060707381 1282.58364325
13.6 0.481968865782 1.13234833552 1268.48901728
13.7 0.48142101943 1.10497717145 1254.66953305
13.8 0.4808968659 1.07845952727 1241.14875206
13.9 0.480325864362 1.05276288888 1227.73886685
14.0 0.479812363551 1.02785620226 1214.70195555
14.1 0.47926200498 1.00370979816 1201.7918468
14.2 0.478748551606 0.980295321062 1189.18919796
14.3 0.478209302605 0.957585662314 1176.73208186
14.4 0.477729355352 0.935554897107 1164.62485144
14.5 0.47722200647 0.914178225018 1152.6493333
14.6 0.476719855865 0.89343191394 1140.88081832
14.7 0.476221433985 0.873293247163 1129.31104031
14.8 0.475752868393 0.853740473417 1117.99685227
14.9 0.475265729072 0.834752759686 1106.81940133
15.0 0.474795164293 0.816310146624 1095.85694414
15.1 0.474310927549 0.798393506416 1085.03534372
15.2 0.473868336797 0.780984502937 1074.47705786
15.3 0.47338976955 0.76406555406 1064.00143788
15.4 0.472947205326 0.74761979599 1053.76740679
15.5 0.472250658535 0.731631049509 1043.128859
15.6 0.471747843237 0.716083788004 1033.07731599
15.7 0.471294654804 0.700963107188 1023.28555614
15.8 0.470853432887 0.686254696399 1013.66653407
15.9 0.470132201032 0.671944811404 1003.59321385
16.0 0.469706497116 0.658020248599 994.295914145
16.1 0.469277239174 0.644468320544 985.128040144
16.2 0.468861449226 0.631276832744 976.122379962
16.3 0.46843533692 0.618434061613 967.226358448
16.4 0.467744436697 0.605928733547 957.916686143
16.5 0.467340593041 0.593750005048 949.324926014
16.6 0.466828291857 0.581887443843 940.637295958
16.7 0.466321945847 0.570331010931 932.085275259
16.8 0.465960104979 0.55907104353 923.940833077
16.9 0.465037117946 0.548098238839 914.806619053
17.0 0.464385374349 0.537403638613 906.331016532
17.1 0.463925984582 0.526978614468 898.346280946
17.2 0.463556547221 0.5168148539 890.644652169
17.3 0.463191867928 0.506904346979 883.057557831
17.4 0.462631841043 0.497239373667 875.204196704
17.5 0.462176606082 0.487812491739 867.654528613
17.6 0.461833489114 0.47861652528 860.415669658
17.7 0.461474161474 0.469644553708 853.243672746
17.8 0.46113563891 0.46088990132 846.205315261
17.9 0.460785778335 0.452346127312 839.23940867
18.0 0.460450452322 0.444007016265 832.391450878
18.1 0.460102916304 0.435866569063 825.61116931
18.2 0.459777288441 0.427918994227 818.958168055
18.3 0.459396473267 0.420158699638 812.293654527
18.4 0.459060283031 0.412580284639 805.793391467
18.5 0.458737031375 0.405178532482 799.398902666
18.6 0.458405132477 0.39794840312 793.070855437
18.7 0.458104458842 0.39088502631 786.876599322
18.8 0.457774265478 0.38398369503 780.709960902
18.9 0.457458373764 0.377239859178 774.644832591
19.0 0.457154501072 0.370649119544 768.675499729
19.1 0.456840936543 0.364207222052 762.763960545
19.2 0.456545997215 0.35791005224 756.956211317
19.3 0.45615213719 0.351753629988 751.056802425
19.4 0.455665543396 0.345734104462 745.07799151
19.5 0.455362149456 0.339847749277 739.469750858
19.6 0.455071881625 0.334090957868 733.950431556
19.7 0.454782765544 0.328460239048 728.499267223
19.8 0.454491906639 0.322952212758 723.110492018
19.9 0.454198569966 0.317563605991 717.781902373
20.0 0.453756534692 0.312291248889 712.282972343
20.1 0.453377064988 0.307132070996 706.946736128
20.2 0.453092200961 0.302083097666 701.819798711
20.3 0.452812307022 0.297141446621 696.760296478
20.4 0.452544232457 0.292304324646 691.777566044
20.5 0.452272900323 0.287569024419 686.847396361
20.6 0.452015790982 0.282932921465 681.995321971
20.7 0.451731044571 0.278393471238 677.157259908
20.8 0.451483864869 0.273948206316 672.43022967
20.9 0.450954978384 0.269594733706 667.339799275
21.0 0.450430135456 0.265330732259 662.313256622
21.1 0.450172108065 0.261153950181 657.733492609
21.2 0.449930025922 0.257062202652 653.22799235
21.3 0.44966606953 0.253053369522 648.740951784
21.4 0.44941706644 0.249125393113 644.324979035
21.5 0.449180838167 0.245276276092 639.975795605
21.6 0.448922706593 0.241504079434 635.643207006
21.7 0.448696357698 0.237806920461 631.40259842
21.8 0.448434592532 0.234182970954 627.158437672
21.9 0.448199508389 0.230630455337 622.997244767
22.0 0.447973082787 0.227147648932 618.892744297
22.1 0.44769000291 0.223732876275 614.754354706
22.2 0.447238753137 0.220384509498 610.430614394
22.3 0.447014900419 0.217100966774 606.461655786
22.4 0.446543111034 0.213880710811 602.200224673
22.5 0.446299553099 0.210722247409 598.289996888
22.6 0.44609070795 0.207624124069 594.46697462
22.7 0.445531546165 0.20458492865 590.219665119
22.8 0.445124803272 0.201603288077 586.217749383
22.9 0.444677591127 0.198677867096 582.204505593
23.0 0.444452657034 0.19580736707 578.522255339
23.1 0.444253346314 0.192990524827 574.910868286
23.2 0.444039528672 0.190226111536 571.317592279
23.3 0.443814728348 0.187512931638 567.746728511
23.4 0.44362139948 0.184849821805 564.251994187
23.5 0.443401804796 0.182235649936 560.75917107
23.6 0.443185366066 0.179669314192 557.305323618
23.7 0.442994431609 0.177149742066 553.917833525
23.8 0.442793588668 0.174675889478 550.55164619
23.9 0.442591381642 0.172246739913 547.217061476
24.0 0.442381312733 0.169861303573 543.905653677
24.1 0.442196117795 0.167518616575 540.657152045
24.2 0.441913381724 0.165217740166 537.321757241
24.3 0.441511557286 0.162957759968 533.874937792
24.4 0.441279641453 0.160737785246 530.666153064
24.5 0.4410998699 0.158556948206 527.550744978
24.6 0.440890523988 0.156414403313 524.430069624
24.7 0.440720032167 0.154309326633 521.385246292
24.8 0.440529267864 0.152240915194 518.345555481
24.9 0.44032115209 0.150208386374 515.314410506
25.0 0.440159084031 0.148210977307 512.365550416
25.1 0.439958922668 0.146247944305 509.400312616
25.2 0.439777267254 0.144318562302 506.484216034
25.3 0.439601939877 0.142422124321 503.602602599
25.4 0.439426961123 0.140557940946 500.748184466
25.5 0.439228604191 0.138725339826 497.893707356
25.6 0.439064233435 0.136923665186 495.103927009
25.7 0.438881739307 0.135152277352 492.319445944
25.8 0.438710564033 0.133410552299 489.573103534
25.9 0.438539575721 0.131697881208 486.852015482
26.0 0.438350744618 0.130013670041 484.13594281
26.1 0.438183998774 0.128357339122 481.46874364
26.2 0.437943462638 0.126728322743 478.744923109
26.3 0.437669483509 0.125126068769 476.009288757
26.4 0.437504821053 0.123550038268 473.416559674
26.5 0.437353136588 0.121999705145 470.860910927
26.6 0.437124336092 0.120474555788 468.245332124
26.7 0.436783627337 0.118974088728 465.533699345
26.8 0.436617735822 0.117497814308 463.031581198
26.9 0.436464938832 0.116045254359 460.5652547
27.0 0.43619897477 0.114615941894 458.001668919
27.1 0.435908862465 0.113209420802 455.435325174
27.2 0.435740137923 0.11182524556 453.017625259
27.3 0.435603820345 0.110462980946 450.654380551
27.4 0.435431883354 0.109122201764 448.274810652
27.5 0.435278795673 0.10780249258 445.935005673
27.6 0.435118954598 0.106503447464 443.608333863
27.7 0.434975506768 0.105224669737 441.318137076
27.8 0.434825916772 0.103965771726 439.04118186
27.9 0.434469085442 0.102726374534 436.575250015
28.0 0.434303352096 0.101506107805 434.321454867
28.1 0.43415279377 0.100304609506 432.101720354
28.2 0.433878725726 0.0991215257089 429.778231899
28.3 0.433642119098 0.0979565103809 427.511201513
28.4 0.433488354847 0.0968092251832 425.34440409
28.5 0.433363284015 0.0956793392725 423.223588532
28.6 0.433191788616 0.0945665291096 421.075133852
28.7 0.433059354696 0.093470478273 418.982174898
28.8 0.43284672472 0.0923908772789 416.829133975
28.9 0.432546546996 0.0913274234052 414.609839121
29.0 0.432415975657 0.0902798205213 412.57060075
29.1 0.43226887436 0.0892477789224 410.53219751
29.2 0.432145593589 0.0882310151687 408.532801423
29.3 0.43200809104 0.087229251929 406.536115858
29.4 0.431745236335 0.0862422178287 404.438038801
29.5 0.431423672006 0.0852696473027 402.302131479
29.6 0.431139895686 0.0843112804512 400.218521744
29.7 0.430862774128 0.0833668629006 398.157769937
29.8 0.430673040087 0.082436145668 396.19387402
29.9 0.430529998533 0.0815188850292 394.288299287
30.0 0.43040898915 0.0806148423907 392.41781543
30.1 0.430116697592 0.0797237841649 390.406520519
30.2 0.429909758429 0.078845481649 388.488228298
30.3 0.429809830446 0.0779797109071 386.681225316
30.4 0.429682068924 0.0771262526557 384.863293892
30.5 0.429531284288 0.0762848921518 383.038898493
30.6 0.429216613231 0.0754554190849 381.083088164
30.7 0.429080501654 0.0746376274709 379.30033003
30.8 0.428899195122 0.0738313155498 377.491463589
30.9 0.428639034077 0.0730362856857 375.627361073
31.0 0.428491282224 0.0722523442692 373.875653193
31.1 0.428387421954 0.071479301623 372.175391245
31.2 0.428259999009 0.0707169719098 370.467589618
31.3 0.428132866964 0.0699651730424 368.772918878
31.4 0.428028438745 0.0692237265963 367.110461441
31.5 0.427891040939 0.068492457725 365.432286582
31.6 0.427785619026 0.067771195077 363.793850877
31.7 0.427667343623 0.067059770715 362.156714654
31.8 0.427552532893 0.0663580200377 360.534647457
31.9 0.427437142217 0.0656657817032 358.924088607
32.0 0.427308397161 0.0649828975545 357.314236701
32.1 0.427220250305 0.0643092125468 355.750034385
32.2 0.426930376485 0.0636445746771 354.029989579
32.3 0.426756719085 0.0629888349151 352.418624425
32.4 0.426661333817 0.0623418471362 350.883411681
32.5 0.426542585233 0.0617034680562 349.340194046
32.6 0.426432950067 0.0610735571672 347.815582355
32.7 0.426314063031 0.0604519766761 346.294452696
32.8 0.426219018636 0.0598385914434 344.803557691
32.9 0.426105400451 0.0592332689249 343.308375858
33.0 0.425986447747 0.0586358791134 341.819604501
33.1 0.42589146818 0.0580462944835 340.360609241
33.2 0.425754816698 0.0574643899363 338.878800996
33.3 0.425602268983 0.0568900427461 337.394909442
33.4 0.425469342346 0.0563231325091 335.937023936
33.5 0.425317774543 0.0557635410916 334.474763537
33.6 0.425057509228 0.0552111525819 332.937661897
33.7 0.424950448344 0.0546658532407 331.530958041
33.8 0.424858686006 0.0541275314553 330.145960054
33.9 0.424747620583 0.0535960776929 328.755648279
34.0 0.424644245648 0.0530713844563 327.380915259
34.1 0.424515709324 0.0525533462398 325.99636854
34.2 0.424354676048 0.0520418594873 324.596530897
34.3 0.424248489226 0.0515368225498 323.248149691
34.4 0.424160322219 0.0510381356457 321.922692405
34.5 0.424051198311 0.0505457008208 320.590442856
34.6 0.423964958485 0.0500594219096 319.284513729
34.7 0.423851644451 0.0495792044978 317.967139778
34.8 0.423746789518 0.0491049558852 316.665024178
34.9 0.423669260716 0.0486365850503 315.392053525
35.0 0.423561324951 0.0481740026146 314.105096261
35.1 0.423464544386 0.0477171208087 312.835032969
35.2 0.42336838876 0.0472658534389 311.573937573
35.3 0.423142510863 0.0468201158543 310.226160295
35.4 0.423017710626 0.0463798249151 308.961271274
35.5 0.422919462399 0.0459448989615 307.724122831
35.6 0.422818134307 0.045515257783 306.492938026
35.7 0.422648020442 0.045090822589 305.220214793
35.8 0.422496475686 0.0446715159798 303.96928287
35.9 0.422259100396 0.0442572619179 302.665082754
36.0 0.422140248401 0.0438479857008 301.454155102
36.1 0.421857316261 0.0434436139336 300.134416487
36.2 0.421784833693 0.0430440745025 298.972566125
36.3 0.421683138623 0.0426492965494 297.797619751
36.4 0.421502578864 0.0422592104462 296.574799883
36.5 0.421363566725 0.0418737477707 295.38906028
36.6 0.421223270634 0.0414928412816 294.210091799
36.7 0.421099738039 0.041116424896 293.050393701
36.8 0.420998622003 0.0407444336657 291.913689034
36.9 0.420848211809 0.0403768037547 290.750198272
37.0 0.420631818674 0.0400134724177 289.548737435
37.1 0.420549848017 0.0396543779779 288.447185352
37.2 0.420463206358 0.0392994598068 287.349418364
37.3 0.420361439267 0.0389486583028 286.2482892
37.4 0.420294029798 0.0386019148717 285.177421585
37.5 0.420195855282 0.0382591719067 284.092474495
37.6 0.420121992024 0.0379203727695 283.030714585
37.7 0.420031437718 0.0375854617712 281.964382199
37.8 0.419948026608 0.037254384154 280.909480789
37.9 0.419849716382 0.0369270860735 279.851208578
38.0 0.419579107786 0.0366035145807 278.685067949
38.1 0.41947893519 0.0362836176051 277.639052448
38.2 0.419227697636 0.0359673439375 276.499866348
38.3 0.419130369954 0.0356546432142 275.468939843
38.4 0.419005809088 0.0353454659001 274.426513089
38.5 0.418815994556 0.0350397632737 273.347902339
38.6 0.418732133941 0.0347374874111 272.34484931
38.7 0.418654226697 0.0344385911711 271.351765176
38.8 0.418577360729 0.0341430281806 270.365384439
38.9 0.418498869891 0.03385075282 269.383932067
39.0 0.418411687948 0.0335617202091 268.402834695
39.1 0.418340753834 0.0332758861932 267.438041863
39.2 0.418261897406 0.0329932073295 266.473997775
39.3 0.418148406884 0.0327136408742 265.493744632
39.4 0.418013130634 0.0324371447691 264.505587613
39.5 0.417924407293 0.032163677629 263.552712945
39.6 0.417634270343 0.0318931987296 262.478928076
39.7 0.417382964805 0.0316256679946 261.435948516
39.8 0.417315882698 0.0313610459847 260.514236432
39.9 0.417252270908 0.0310992938851 259.600122355
40.0 0.417164140348 0.0308403734945 258.676183536
40.1 0.417095187454 0.030584247214 257.769532322
40.2 0.41686676238 0.0303308780356 256.769965195
40.3 0.416760849574 0.0300802295322 255.851529092
40.4 0.416675816333 0.0298322658464 254.951240669
40.5 0.41660767333 0.0295869516808 254.066495832
40.6 0.416537041674 0.0293442522872 253.185370224
40.7 0.416462456456 0.0291041334574 252.306949078
40.8 0.416380985045 0.0288665615134 251.429443283
40.9 0.416323969227 0.0286315032973 250.571715746
41.0 0.416247473628 0.0283989261629 249.707224008
41.1 0.416163646408 0.0281687979659 248.84330619
41.2 0.416114405653 0.0279410870554 248.004948008
41.3 0.415904939586 0.0277157622649 247.076177168
41.4 0.415785194111 0.0274927929039 246.205883662
41.5 0.415704903346 0.0272721487493 245.363840985
41.6 0.41553770319 0.0270538000376 244.475439728
41.7 0.415299001536 0.0268377174562 243.55017016
41.8 0.415214262181 0.0266238721361 242.720193186
41.9 0.415141835365 0.0264122356438 241.902064187
42.0 0.415085686105 0.0262027799739 241.097980279
42.1 0.414882707417 0.0259954775415 240.213377223
42.2 0.41474259108 0.025790301175 239.370053195
42.3 0.414677440878 0.0255872241088 238.574587406
42.4 0.414483290836 0.0253862199767 237.709557507
42.5 0.414369866353 0.0251872628045 236.895528352
42.6 0.414318537748 0.0249903270036 236.121409204
42.7 0.414191201009 0.0247953873643 235.308372507
42.8 0.413989546659 0.0246024190492 234.457747756
42.9 0.413927507856 0.0244113975871 233.690674034
43.0 0.413850940344 0.0242222988665 232.919623741
43.1 0.413804215153 0.0240350991298 232.169535362
43.2 0.413720745232 0.023849774967 231.402976863
43.3 0.413686562261 0.0236663033099 230.668077963
43.4 0.413591909503 0.0234846614264 229.903541424
43.5 0.413542338117 0.0233048269148 229.168139303
43.6 0.413482917171 0.0231267776985 228.431262487
43.7 0.413419121531 0.0229504920201 227.695945994
43.8 0.413338007275 0.0227759484362 226.955074359
43.9 0.41330141194 0.0226031258126 226.242554544
44.0 0.413224547342 0.0224320033186 225.511861627
44.1 0.413168154109 0.0222625604221 224.796214733
44.2 0.413108456529 0.0220947768849 224.082586313
44.3 0.413046915525 0.0219286327575 223.371753888
44.4 0.412917696141 0.0217641083748 222.628202389
44.5 0.41275428755 0.0216011843508 221.870234592
44.6 0.412694414422 0.0214398415746 221.171795873
44.7 0.412631428867 0.0212800612056 220.475373398
44.8 0.412571215279 0.0211218246689 219.784089312
44.9 0.412469886891 0.0209651136515 219.074593576
45.0 0.412261813926 0.0208099100977 218.312300123
45.1 0.412203454318 0.0206561962048 217.633088248
45.2 0.412157562234 0.0205039544192 216.963977524
45.3 0.412090718553 0.0203531674325 216.287343438
45.4 0.412037198726 0.0202038181773 215.621194248
45.5 0.411948882626 0.0200558898232 214.940335145
45.6 0.411637361942 0.0199093657736 214.146884821
45.7 0.411377443839 0.0197642296612 213.384382879
45.8 0.411273541987 0.0196204653448 212.706565336
45.9 0.411216766288 0.0194780569058 212.05654389
46.0 0.411165130251 0.0193369886441 211.412492191
46.1 0.411095386685 0.0191972450752 210.762444556
46.2 0.411041834244 0.0190588109264 210.123991343
46.3 0.410990799449 0.0189216711338 209.490067073
46.4 0.410940994114 0.0187858108385 208.859982501
46.5 0.41088692038 0.0186512153842 208.230922864
46.6 0.410738620724 0.0185178703129 207.557425929
46.7 0.410656071286 0.0183857613627 206.920487077
46.8 0.41062183402 0.0182548744646 206.311035725
46.9 0.41036766825 0.0181251957389 205.594452182
47.0 0.410319429819 0.0179967114929 204.984402786
47.1 0.410277753907 0.0178694082178 204.380669635
47.2 0.410210131907 0.0177432725857 203.767055025
47.3 0.409921771135 0.0176182914469 203.047160237
47.4 0.409782500742 0.0174944518272 202.404560965
47.5 0.409726837537 0.0173717409252 201.806355209
47.6 0.409673717898 0.0172501461093 201.212358017
47.7 0.409621195056 0.0171296549158 200.621584619
47.8 0.40957186331 0.0170102550456 200.035279088
47.9 0.40951935244 0.0168919343621 199.450305497
48.0 0.409461710083 0.0167746808887 198.865708511
48.1 0.409410017859 0.016658482806 198.286856074
48.2 0.409366974844 0.0165433284501 197.715007869
48.3 0.409314189939 0.0164292063094 197.141251697
48.4 0.409252991529 0.016316105023 196.5662453
48.5 0.409213712906 0.0162040133782 196.004531891
48.6 0.40914331649 0.0160929203079 195.430671569
48.7 0.409006513375 0.0159828148891 194.82795865
48.8 0.408876665441 0.0158736863402 194.231484134
48.9 0.408645432978 0.015765524019 193.589876336
49.0 0.408590032584 0.0156583174207 193.034477652
49.1 0.408546783059 0.0155520561759 192.48746798
49.2 0.408495196138 0.0154467300485 191.939155634
49.3 0.408444442303 0.0153423289335 191.393852016
49.4 0.408398239162 0.0152388428557 190.853273526
49.5 0.408335308151 0.0151362619669 190.307468306
49.6 0.4083044409 0.0150345765449 189.779160447
49.7 0.408250129572 0.0149337769908 189.242481558
49.8 0.40808741711 0.014833853828 188.658227045
49.9 0.408001898321 0.0147347976999 188.112353351
50.0 0.407959575648 0.0146365993681 187.588922817
50.1 0.40790432797 0.014539249711 187.062022106
50.2 0.407863414233 0.014442739722 186.54414969
50.3 0.407824069519 0.0143470605076 186.029414003
50.4 0.407757305324 0.014252203286 185.504605272
50.5 0.407728561806 0.0141581593853 184.99949915
50.6 0.407665395221 0.0140649202421 184.48115937
50.7 0.407443991906 0.0139724773998 183.893812482
50.8 0.407216637729 0.0138808225072 183.306558291
50.9 0.407162211089 0.0137899473167 182.799708906
51.0 0.407136574477 0.0136998436832 182.308092208
51.1 0.407083118042 0.0136105035621 181.806309098
51.2 0.407034714228 0.0135219190086 181.309085013
51.3 0.406997252979 0.0134340821756 180.819004017
51.4 0.406698467237 0.0133469853125 180.215366839
51.5 0.406541663463 0.0132606207643 179.677309977
51.6 0.406345346487 0.0131749809693 179.124319855
51.7 0.405925653 0.0130900584588 178.47567546
51.8 0.405861528995 0.0130058458549 177.986012351
51.9 0.405805607744 0.01292233587 177.502162606
52.0 0.405789653272 0.0128395213049 177.037942169
52.1 0.405736372447 0.0127573950479 176.559567701
52.2 0.405641655618 0.0126759500734 176.065367118
52.3 0.405452088447 0.012595179441 175.532340128
52.4 0.405430913026 0.0125150762937 175.074461369
52.5 0.405380498643 0.0124356338576 174.606034855
52.6 0.4051510732 0.0123568454398 174.062798048
52.7 0.405111278568 0.012278704428 173.603299071
52.8 0.40506923379 0.0122012042892 173.144885018
52.9 0.405021278682 0.0121243385684 172.685989683
53.0 0.404981126011 0.0120481008875 172.232451135
53.1 0.404758317685 0.0119724849446 171.703436757
53.2 0.404719660589 0.0118974845126 171.254731393
53.3 0.404682402525 0.0118230934385 170.808596261
53.4 0.404642570351 0.0117493056421 170.363341734
53.5 0.404594809993 0.0116761151149 169.91671513
53.6 0.404552644509 0.0116035159196 169.474394245
53.7 0.404506810952 0.0115315021886 169.032478573
53.8 0.404283201377 0.0114600681236 168.518393651
53.9 0.404085218014 0.0113892079941 168.017253926
54.0 0.403896822743 0.0113189161368 167.522313745
54.1 0.403811290613 0.0112491869546 167.072121162
54.2 0.403745787539 0.0111800149157 166.632160099
54.3 0.403588382285 0.011111394553 166.156275443
54.4 0.403542631471 0.0110433204627 165.728332285
54.5 0.403506496393 0.0109757873039 165.306176998
54.6 0.403467777452 0.0109087897973 164.884783654
54.7 0.403435377311 0.0108423227251 164.467778226
54.8 0.403396835654 0.0107763809293 164.0500635
54.9 0.403342852069 0.0107109593117 163.627873879
55.0 0.4033160689 0.0106460528325 163.218501232
55.1 0.403271516714 0.0105816565099 162.803699785
55.2 0.403231419924 0.0105177654191 162.392461579
55.3 0.403135995064 0.0104543746917 161.960744734
55.4 0.402948184807 0.0103914795149 161.493848064
55.5 0.402813063798 0.0103290751308 161.050031289
55.6 0.402610331159 0.0102671568354 160.581147929
55.7 0.402563428174 0.0102057199786 160.176286313
55.8 0.402520030421 0.0101447599625 159.774524704
55.9 0.402363957558 0.0100842722416 159.329837268
56.0 0.402265526202 0.0100242523216 158.909815473
56.1 0.402189424693 0.00996469575893 158.500368722
56.2 0.40201898035 0.00990559816005 158.055553102
56.3 0.401980630355 0.00984695518076 157.664436082
56.4 0.401904985948 0.00978876252562 157.260357522
56.5 0.401600995642 0.00973101594728 156.768832764
56.6 0.40140875329 0.00967371124586 156.322929407
56.7 0.401017646682 0.00961684426836 155.80164873
56.8 0.40082304317 0.00956041090803 155.35877035
56.9 0.400480331017 0.00950440710379 154.860486144
57.0 0.40023553821 0.00944882883964 154.402101078
57.1 0.400192121119 0.00939367214407 154.023154245
57.2 0.40016528258 0.00933893308951 153.652132813
57.3 0.399914458372 0.00928460779175 153.196829124
57.4 0.399377474563 0.00923069240941 152.634073429
57.5 0.399189384839 0.00917718314336 152.206758226
57.6 0.399143685287 0.0091240762362 151.835386422
57.7 0.398945505848 0.00907136797176 151.407661384
57.8 0.398903680534 0.00901905467452 151.040913622
57.9 0.398871719933 0.00896713270914 150.679383448
58.0 0.398622910213 0.00891559847993 150.237589917
58.1 0.398314520143 0.00886444843037 149.775226514
58.2 0.398142767226 0.00881367904259 149.366049664
58.3 0.398022223897 0.00876328683692 148.977719715
58.4 0.397876954625 0.00871326837136 148.581737985
58.5 0.397692907261 0.00866362024117 148.172923252
58.6 0.397650908061 0.00861433907835 147.818583784
58.7 0.397631613341 0.00856542155122 147.474086141
58.8 0.397471970864 0.00851686436393 147.079029443
58.9 0.397342564026 0.00846866425606 146.696738712
59.0 0.397169826477 0.00842081800215 146.30003013
59.1 0.397140476804 0.00837332241126 145.957626528
59.2 0.397128283718 0.00832617432657 145.622873296
59.3 0.397073350619 0.00827937062494 145.273806275
59.4 0.397042286104 0.00823290821649 144.934838373
59.5 0.397011127443 0.00818678404422 144.597175362
59.6 0.39698556844 0.00814099508356 144.262879061
59.7 0.39695302926 0.00809553834203 143.927367106
59.8 0.396917843115 0.00805041085877 143.59221677
59.9 0.39689102407 0.00800560970423 143.261402734
60.0 0.396856717132 0.00796113197975 142.929187203
60.1 0.396825605975 0.00791697481719 142.599420183
60.2 0.396751260135 0.00787313537855 142.255439107
60.3 0.39660168744 0.0078296108556 141.885894813
60.4 0.396578203194 0.00778639846956 141.562820525
60.5 0.396545874191 0.00774349547069 141.237849933
60.6 0.396500899346 0.00770089913797 140.909646167
60.7 0.396498979668 0.00765860677875 140.597983533
60.8 0.396447956917 0.0076166157284 140.270146918
60.9 0.396422437104 0.00757492334997 139.952583226
61.0 0.396387926416 0.00753352703387 139.633075252
61.1 0.396196329203 0.00749242419754 139.259582792
61.2 0.395989561919 0.00745161228513 138.882234921
61.3 0.395829923504 0.00741108876714 138.522860316
61.4 0.395752505806 0.00737085114018 138.193596676
61.5 0.395632094518 0.0073308969266 137.850620125
61.6 0.395520393364 0.0072912236742 137.511997513
61.7 0.395493201025 0.00725182895593 137.203997874
61.8 0.395302418207 0.0072127103696 136.840539735
61.9 0.395131377349 0.00717386553756 136.485310682
62.0 0.394993238465 0.00713529210646 136.142794717
62.1 0.394857233842 0.00709698774689 135.802329131
62.2 0.394815831965 0.00705895015317 135.495636034
62.3 0.394592363342 0.00702117704303 135.127753748
62.4 0.394443062324 0.00698366615733 134.786636424
62.5 0.394360718064 0.00694641525984 134.469654648
62.6 0.39421316664 0.00690942213689 134.131685834
62.7 0.394186076164 0.0068726845972 133.83590468
62.8 0.394162477379 0.00683620047153 133.542413307
62.9 0.394040879097 0.00679996761248 133.216886245
63.0 0.393899476648 0.00676398389423 132.885909006
63.1 0.393732462158 0.00672824721226 132.547562395
63.2 0.393694194282 0.00669275548314 132.253748294
63.3 0.393673755173 0.00665750664427 131.967003487
63.4 0.393643001435 0.00662249865361 131.677870047
63.5 0.393414443678 0.00658772948951 131.323779289
63.6 0.39322924135 0.0065531971504 130.985473528
63.7 0.393091788015 0.00651889965463 130.664314949
63.8 0.392981946131 0.00648483504017 130.353517132
63.9 0.392865126604 0.00645100136444 130.041566869
64.0 0.39283557545 0.00641739670408 129.759603488
64.1 0.392812282789 0.00638401915469 129.480737285
64.2 0.392782468177 0.00635086683067 129.200745995
64.3 0.392721376789 0.00631793786496 128.911511902
64.4 0.392585155188 0.00628523040886 128.598728731
64.5 0.392550491899 0.00625274263179 128.320301784
64.6 0.392500772832 0.00622047272113 128.03797772
64.7 0.392370965237 0.00618841888197 127.730611342
64.8 0.392328013851 0.00615657933694 127.452593084
64.9 0.39230702544 0.00612495232598 127.182704494
65.0 0.392149404926 0.00609353610621 126.869587098
65.1 0.391991093487 0.00606232895164 126.557398453
65.2 0.391871168774 0.00603132915307 126.258724586
65.3 0.391366624016 0.00600053501786 125.837472618
65.4 0.391098896858 0.00596994486974 125.493800618
65.5 0.390962675251 0.00593955704864 125.193511176
65.6 0.390881112191 0.0059093699105 124.911782152
65.7 0.390855790679 0.00587938182711 124.649005935
65.8 0.39084255484 0.00584959118592 124.391014572
65.9 0.390805596906 0.00581999638984 124.126406695
66.0 0.390770905292 0.00579059585713 123.863461137
66.1 0.390767686188 0.00576138802117 123.611407534
66.2 0.39072702593 0.00573237133032 123.34842539
66.3 0.390675775198 0.00570354424777 123.083041214
66.4 0.390531702463 0.00567490525134 122.789415582
66.5 0.390452177724 0.00564645283333 122.517100086
66.6 0.390310391158 0.00561818550039 122.226256486
66.7 0.390161045461 0.00559010177333 121.934093206
66.8 0.389896524848 0.00556220018696 121.607054299
66.9 0.389633506506 0.00553447928998 121.281668536
67.0 0.38922299939 0.00550693764477 120.911643238
67.1 0.389133825893 0.00547957382729 120.642595209
67.2 0.389108493307 0.00545238642691 120.394250839
67.3 0.38904407239 0.00542537404624 120.134703431
67.4 0.38890047588 0.00539853530105 119.851666527
67.5 0.388739659766 0.00537186882007 119.564336637
67.6 0.388508803474 0.00534537324486 119.256526462
67.7 0.388390546354 0.0053190472297 118.984310531
67.8 0.388381759712 0.00529288944141 118.746522293
67.9 0.388343118583 0.00526689855925 118.500444764
68.0 0.388287703905 0.00524107327478 118.250111454
68.1 0.388148887221 0.00521541229171 117.975297039
68.2 0.388134034274 0.00518991432577 117.73905028
68.3 0.388090604145 0.00516457810461 117.494963175
68.4 0.387940398656 0.00513940236764 117.219454359
68.5 0.387933967837 0.00511438586593 116.98826675
68.6 0.387633248129 0.00508952736206 116.669293861
68.7 0.387330210776 0.00506482563002 116.350755742
68.8 0.387192332702 0.00504027945508 116.082861592
68.9 0.38717389627 0.00501588763364 115.851637219
69.0 0.387072439303 0.00499164897319 115.596406036
69.1 0.386534070291 0.0049675622921 115.21182618
69.2 0.386424625366 0.00494362641957 114.95622454
69.3 0.386245345844 0.00491984019549 114.680767018
69.4 0.386079236342 0.00489620247032 114.410166901
69.5 0.38603795509 0.004872712105 114.177421843
69.6 0.38598666663 0.00484936797082 113.942510952
69.7 0.38587120759 0.00482616894933 113.689489286
69.8 0.385569649361 0.00480311393221 113.382606928
69.9 0.385531055606 0.00478020182119 113.153975264
70.0 0.385446577632 0.00475743152792 112.91267188
70.1 0.385341688258 0.00473480197387 112.666217907
70.2 0.385306421654 0.00471231209026 112.440917558
70.3 0.385291603453 0.0046899608179 112.222327861
70.4 0.38526230294 0.00466774710715 112.000256457
70.5 0.385255690939 0.00464566991779 111.785509352
70.6 0.385219479766 0.00462372821889 111.562902591
70.7 0.385048361329 0.00460192098881 111.302041189
70.8 0.38479991257 0.00458024721499 111.019754698
70.9 0.384578945034 0.00455870589395 110.746347722
71.0 0.384463641879 0.00453729603112 110.504242606
71.1 0.384265310657 0.00451601664081 110.239130616
71.2 0.384132116932 0.00449486674608 109.993568547
71.3 0.384066741243 0.00447384537867 109.768213118
71.4 0.383825030741 0.0044529515789 109.493302149
71.5 0.383736988081 0.00443218439558 109.263077959
71.6 0.383533864842 0.00441154288595 109.000911824
71.7 0.383459332956 0.00439102611554 108.776106034
71.8 0.383239764822 0.00437063315814 108.510976992
71.9 0.382774478904 0.00435036309569 108.177296803
72.0 0.382482643298 0.00433021501821 107.893691118
72.1 0.382312606769 0.00431018802368 107.645338662
72.2 0.382115084631 0.00429028121802 107.390088877
72.3 0.381781757732 0.00427049371496 107.097595102
72.4 0.38170736374 0.00425082463599 106.878591933
72.5 0.381547811716 0.00423127311025 106.636504909
72.6 0.381230283228 0.00421183827449 106.351148442
72.7 0.381120575392 0.00419251927298 106.124620187
72.8 0.381046408454 0.00417331525741 105.908712453
72.9 0.380852127443 0.00415422538685 105.660183839
73.0 0.380385828118 0.00413524882767 105.337148975
73.1 0.379841563584 0.00411638475344 104.99365728
73.2 0.379407519093 0.00409763234488 104.68174388
73.3 0.37927404843 0.0040789907898 104.453660815
73.4 0.379257935071 0.004060459283 104.258583438
73.5 0.379234954527 0.00404203702621 104.062244669
73.6 0.379207008978 0.00402372322804 103.865172978
73.7 0.379025560907 0.0040055171039 103.626762318
73.8 0.378951661424 0.0039874178759 103.418481009
73.9 0.378435954653 0.00396942477285 103.090514705
74.0 0.378344483258 0.00395153703013 102.879007386
74.1 0.37828856771 0.00393375388967 102.677830067
74.2 0.378011860436 0.00391607459985 102.417473305
74.3 0.377956925386 0.00389849841547 102.217948624
74.4 0.377802842382 0.00388102459766 101.992291976
74.5 0.377775597749 0.00386365241383 101.801542845
74.6 0.377542492048 0.00384638113761 101.556020212
74.7 0.377345552409 0.00382921004877 101.321005987
74.8 0.377196393791 0.00381213843321 101.09955753
74.9 0.376779045453 0.00379516558282 100.807064861
75.0 0.376410534987 0.0037782907955 100.528578381
75.1 0.376152682854 0.00376151337505 100.280504954
75.2 0.376101505959 0.00374483263114 100.088234827
75.3 0.37608949517 0.00372824787925 99.9069725566
75.4 0.375878609299 0.00371175844058 99.6735374748
75.5 0.375509627495 0.00369536364206 99.3990022329
75.6 0.375322686499 0.00367906281621 99.1734620558
75.7 0.375243374591 0.00366285530118 98.9770301435
75.8 0.375200151147 0.0036467404406 98.7907160183
75.9 0.375052007819 0.00363071758362 98.57740448
76.0 0.375040699229 0.00361478608477 98.4006687681
76.1 0.374781359951 0.00359894530398 98.1595156371
76.2 0.374412783117 0.00358319460648 97.8905729288
76.3 0.374378237163 0.00356753336278 97.7096771175
76.4 0.374366381171 0.00355196094858 97.5352507587
76.5 0.374107923678 0.00353647674478 97.2972235789
76.6 0.374006015509 0.00352108013737 97.1005970192
76.7 0.373925971797 0.00350577051742 96.9102485325
76.8 0.373782320699 0.00349054728102 96.7040327227
76.9 0.373626876322 0.00347540982923 96.4954148867
77.0 0.373616821158 0.00346035756802 96.3249324898
77.1 0.373444832204 0.00344538990826 96.1132917286
77.2 0.372957250369 0.00343050626563 95.8212288049
77.3 0.37294012788 0.00341570606062 95.6507671538
77.4 0.37291459251 0.00340098871844 95.4786686873
77.5 0.372900035471 0.003386353669 95.3098985634
77.6 0.372675530693 0.00337180034685 95.0880707638
77.7 0.372074151763 0.00335732819117 94.7709423811
77.8 0.371705186134 0.00334293664569 94.5139305605
77.9 0.371627215043 0.00332862515865 94.3315958217
78.0 0.371388500913 0.0033143931828 94.1090846367
78.1 0.370956865932 0.00330024017529 93.8384644222
78.2 0.370676607047 0.00328616559768 93.6069282699
78.3 0.370588837501 0.00327216891589 93.4246407836
78.4 0.370268387053 0.00325824960015 93.1843487316
78.5 0.370117341844 0.00324440712494 92.9873686858
78.6 0.369929556644 0.00323064096901 92.7817766223
78.7 0.369763904744 0.00321695061527 92.5823578479
78.8 0.369582260458 0.00320333555081 92.3795516167
78.9 0.369534576763 0.00318979526681 92.210793783
79.0 0.369459878822 0.00317632925855 92.0358113324
79.1 0.369355097281 0.00316293702533 91.8538730091
79.2 0.369323630688 0.00314961807048 91.690684945
79.3 0.36930717554 0.00313637190126 91.5317022076
79.4 0.369139204734 0.00312319802888 91.3357003045
79.5 0.368870364501 0.00311009596844 91.1153770091
79.6 0.368604131013 0.00309706523889 90.8963724317
79.7 0.368385342324 0.00308410536302 90.6897187575
79.8 0.368211519904 0.00307121586737 90.4947451614
79.9 0.367805376617 0.00305839628227 90.2433592465
80.0 0.367619238042 0.00304564614174 90.0466399625
80.1 0.36722979318 0.0030329649835 89.8007989437
80.2 0.36713803089 0.00302035234891 89.6283878485
80.3 0.367027031934 0.00300780778294 89.4518001896
80.4 0.366804918303 0.00299533083415 89.248702074
80.5 0.366470090422 0.00298292105466 89.0188377352
80.6 0.366177370676 0.0029705780001 88.7998863435
80.7 0.365877612656 0.00295830122957 88.5798956129
80.8 0.365778334536 0.00294609030565 88.4090285953
80.9 0.365648760037 0.00293394479433 88.2313552405
81.0 0.365467771275 0.00292186426499 88.0418223923
81.1 0.365311813139 0.00290984829038 87.8588745291
81.2 0.3652090566 0.00289789644658 87.6892435468
81.3 0.364960523116 0.00288600831296 87.4851666322
81.4 0.364876017879 0.00287418347217 87.3209558455
81.5 0.364618270248 0.00286242151011 87.1158332117
81.6 0.364467156737 0.00285072201588 86.9367598848
81.7 0.364299150359 0.00283908458176 86.7541914721
81.8 0.364271823336 0.0028275088032 86.6056083483
81.9 0.363575875308 0.00281599427878 86.2987477796
82.0 0.363044496922 0.00280454061016 86.0318297848
82.1 0.362774974062 0.00279314740208 85.8276760279
82.2 0.36252249011 0.00278181426233 85.628154294
82.3 0.362230971927 0.00277054080171 85.4200194532
82.4 0.361681518648 0.00275932663402 85.1517774702
82.5 0.360910812016 0.00274817137601 84.8323437046
82.6 0.360307066486 0.00273707464739 84.5530699122
82.7 0.360152981415 0.00272603607074 84.3799950409
82.8 0.359751731625 0.00271505527157 84.1496096586
82.9 0.359251223818 0.00270413187823 83.8967329882
83.0 0.359038220373 0.00269326552191 83.7116501262
83.1 0.358927519344 0.00268245583659 83.5509225371
83.2 0.358495904494 0.00267170245907 83.3160756015
83.3 0.358143065636 0.00266100502889 83.1002076326
83.4 0.357807920224 0.00265036318831 82.8890774112
83.5 0.357444474993 0.00263977658235 82.6720249851
83.6 0.356777596916 0.00262924485866 82.3855467479
83.7 0.356390394029 0.0026187676676 82.1644098158
83.8 0.356250546244 0.00260834466216 82.0008620446
83.9 0.356025959432 0.00259797549794 81.8183094915
84.0 0.355737819028 0.00258765983313 81.6217043073
84.1 0.354917797849 0.00257739732852 81.303830628
84.2 0.354571730881 0.00256718764742 81.0953157024
84.3 0.354331840771 0.0025570304557 80.9116568521
84.4 0.354002563074 0.0025469254217 80.7081499084
84.5 0.353536355821 0.00253687221628 80.4740678814
84.6 0.353086500738 0.00252687051273 80.2443921102
84.7 0.353029049662 0.00251691998682 80.1044306135
84.8 0.352828558016 0.00250702031671 79.9324549847
84.9 0.352533607219 0.00249717118296 79.7396057202
85.0 0.352374260788 0.00248737226854 79.5779379515
85.1 0.351836154628 0.00247762325875 79.3313270052
85.2 0.351526703636 0.00246792384123 79.1369172933
85.3 0.351510835631 0.00245827370595 79.0090571738
85.4 0.350682525942 0.00244867254518 78.6992227841
85.5 0.350131875209 0.00243912005345 78.4525239317
85.6 0.349559488498 0.00242961592758 78.2016856661
85.7 0.348975154458 0.00242015986659 77.9489143413
85.8 0.348190550852 0.00241075157176 77.6522205597
85.9 0.347633900015 0.00240139074655 77.4071620149
86.0 0.347165394724 0.00239207709661 77.1824157904
86.1 0.346720919115 0.00238281032974 76.9636553847
86.2 0.346559541464 0.00237359015591 76.8082708497
86.3 0.34622082203 0.00236441628721 76.6140782551
86.4 0.345803444595 0.00235528843782 76.4030620024
86.5 0.345109308219 0.00234620632404 76.1315993069
86.6 0.344589401268 0.00233716966424 75.8993058841
86.7 0.344447858242 0.00232817817882 75.7508938956
86.8 0.344390788496 0.00231923159024 75.6214427872
86.9 0.344152194642 0.002310329623 75.4525474193
87.0 0.343835038851 0.00230147200357 75.266929135
87.1 0.343596666481 0.00229265846043 75.0990560188
87.2 0.342890172431 0.00228388872401 74.8294946345
87.3 0.34202513531 0.00227516252674 74.5261696587
87.4 0.341761790926 0.00226647960293 74.3546358694
87.5 0.341597084582 0.00225783968886 74.2050100853
87.6 0.34109346411 0.00224924252269 73.9822881972
87.7 0.340516362663 0.00224068784448 73.7442893119
87.8 0.340148272665 0.00223217539615 73.5521687125
87.9 0.339674659028 0.00222370492152 73.3378070528
88.0 0.33919023088 0.00221527616619 73.1217234272
88.1 0.338742098278 0.00220688887765 72.9140665177
88.2 0.338237816982 0.00219854280516 72.6949299856
88.3 0.337988059111 0.0021902376998 72.5310356124
88.4 0.337904904239 0.00218197331443 72.4032938305
88.5 0.337609591225 0.00217374940367 72.2305060211
88.6 0.336990273195 0.00216556572389 71.9889836823
88.7 0.336456890491 0.00215742203322 71.7664791485
88.8 0.336063906029 0.0021493180915 71.5745062412
88.9 0.335448798627 0.00214125366027 71.3358343509
89.0 0.334816129876 0.00213322850279 71.0941108842
89.1 0.334514667525 0.00212524238399 70.9232952601
89.2 0.333749824396 0.00211729507047 70.6548542788
89.3 0.332954260821 0.00210938633048 70.3806844546
89.4 0.332876105023 0.00210151593392 70.2587162132
89.5 0.332704205687 0.00209368365231 70.1173166416
89.6 0.331939515037 0.00208588925879 69.8515562267
89.7 0.331080400928 0.00207813252811 69.5667096664
89.8 0.330717955601 0.00207041323658 69.3868780415
89.9 0.330212373051 0.00206273116211 69.1775567553
90.0 0.329652691169 0.00205508608417 68.957502985
90.1 0.329187913096 0.00204747778377 68.7578874589
90.2 0.32854011615 0.00203990604346 68.5206556713
90.3 0.327799858991 0.00203237064733 68.2648343976
90.4 0.327291620266 0.00202487138097 68.0579797551
90.5 0.326444114969 0.00201740803145 67.7812559121
90.6 0.326005202262 0.00200998038737 67.5900253857
90.7 0.325795040013 0.00200258823877 67.4466785684
90.8 0.3251643082 0.00199523137718 67.2167787833
90.9 0.324443817868 0.00198790959555 66.9689922613
91.0 0.323445149171 0.00198062268831 66.664563613
91.1 0.322440726404 0.0019733704513 66.3598093674
91.2 0.321975187147 0.00196615268177 66.1666557863
91.3 0.321251749485 0.00195896917837 65.9211118266
91.4 0.32042286283 0.00195181974119 65.6546450984
91.5 0.319920069283 0.00194470417164 65.4556414422
91.6 0.318953474137 0.00193762227255 65.1624292326
91.7 0.318074047688 0.0019305738481 64.8878209187
91.8 0.317974165355 0.0019235587038 64.772775553
91.9 0.317312381347 0.00191657664653 64.5437355473
92.0 0.316599895559 0.00190962748448 64.3050296243
92.1 0.316027290329 0.00190271102717 64.0953534855
92.2 0.314845447931 0.00189582708542 63.7628687914
92.3 0.314130477343 0.00188897547134 63.5257291947
92.4 0.313655194256 0.00188215599836 63.3376442814
92.5 0.312931784589 0.00187536848114 63.1000377377
92.6 0.312417490676 0.00186861273564 62.9051904733
92.7 0.312196347476 0.00186188857908 62.7698134612
92.8 0.312181010538 0.00185519582991 62.6761134487
92.9 0.312056816158 0.00184853430783 62.5608269079
93.0 0.311484041114 0.00184190383374 62.3560380586
93.1 0.311036202958 0.00183530422981 62.1767808472
93.2 0.310329816421 0.00182873531936 61.9463962128
93.3 0.309879976012 0.00182219692696 61.7677775064
93.4 0.30919181313 0.00181568887833 61.5422026393
93.5 0.308548326854 0.00180921100039 61.3261217947
93.6 0.308042702821 0.00180276312124 61.1379893611
93.7 0.307470180967 0.00179634507011 60.9371046886
93.8 0.306655239101 0.00178995667742 60.6887859124
93.9 0.306045659446 0.0017835977747 60.4817285663
94.0 0.305542606139 0.00177726819464 60.2962522079
94.1 0.304890104122 0.00177096777104 60.0818224054
94.2 0.303580722277 0.00176469633883 59.7387105482
94.3 0.30303926069 0.00175845373404 59.5474397334
94.4 0.302780286732 0.0017522397938 59.4121115209
94.5 0.302023100343 0.00174605435633 59.1795150534
94.6 0.301642965239 0.00173989726094 59.0213233216
94.7 0.300370234086 0.00173376834801 58.6891453414
94.8 0.299548770451 0.00172766745899 58.4459245769
94.9 0.29872010865 0.00172159443638 58.201958366
95.0 0.298364040754 0.00171554912373 58.0506000315
95.1 0.297717732878 0.00170953136565 57.8432484175
95.2 0.297096275027 0.00170354100775 57.6412725069
95.3 0.296577772201 0.00169757789671 57.4597822349
95.4 0.295748178143 0.00169164188018 57.2185858279
95.5 0.295296855562 0.00168573280686 57.0511191925
95.6 0.295049456061 0.00167985052642 56.9234359622
95.7 0.29436169926 0.00167399488955 56.7112433177
95.8 0.293114708982 0.00166816574792 56.3920255669
95.9 0.291777787644 0.00166236295417 56.0563940541
96.0 0.290295891628 0.00165658636192 55.6938577624
96.1 0.289387573026 0.00165083582576 55.4421932272
96.2 0.289117779356 0.00164511120122 55.3133633879
96.3 0.288695937858 0.00163941234479 55.1558157802
96.4 0.287819928789 0.00163373911391 54.9120301126
96.5 0.287247274981 0.00162809136694 54.7266899669
96.6 0.286672118657 0.00162246896319 54.5413609756
96.7 0.285826088451 0.00161687176287 54.305054608
96.8 0.285461633192 0.00161129962711 54.1607452246
96.9 0.284800202577 0.00160575241795 53.9605411814
97.0 0.284037235173 0.00160022999834 53.7416525323
97.1 0.283629901978 0.00159473223211 53.5905372392
97.2 0.283163549877 0.00158925898397 53.4286766208
97.3 0.282755447385 0.00158381011954 53.278211627
97.4 0.28199312911 0.00157838550528 53.0614835725
97.5 0.280996955318 0.00157298500855 52.8013824254
97.6 0.279846819299 0.00156760849754 52.5130790556
97.7 0.278942577813 0.00156225584131 52.2716198506
97.8 0.27786884179 0.00155692690977 51.9990787506
97.9 0.276113980742 0.00155162157366 51.599970608
98.0 0.275054691099 0.00154633970458 51.3317391777
98.1 0.273893840317 0.00154108117492 51.0452881228
98.2 0.272291603258 0.00153584585792 50.6774459895
98.3 0.271591797881 0.00153063362764 50.4783092731
98.4 0.270552680996 0.00152544435894 50.216712073
98.5 0.269781944131 0.00152027792747 50.0055484814
98.6 0.268586802605 0.00151513420971 49.7163763772
98.7 0.267309394918 0.00151001308292 49.4127588346
98.8 0.266277794212 0.00150491442512 49.1553178804
98.9 0.265354317658 0.00149983811516 48.9184842472
99.0 0.265077754142 0.00149478403263 48.8013668022
99.1 0.264328466758 0.0014897520579 48.5976315285
99.2 0.263134734787 0.0014847420721 48.3128217698
99.3 0.262193870333 0.00147975395712 48.0751231504
99.4 0.260932123973 0.00147478759561 47.7792863142
99.5 0.260321368684 0.00146984287095 47.6032665107
99.6 0.259528853986 0.00146491966728 47.3945058504
99.7 0.25884823698 0.00146001786947 47.2066914382
99.8 0.258283275854 0.0014551373631 47.040423685
99.9 0.257634349365 0.00145027803452 46.8593084629
100.0 0.25719876959 0.00144543977075 46.7174092528
100.1 0.256760958141 0.00144062245955 46.5754637506
100.2 0.256210608514 0.0014358259894 46.413489922
100.3 0.255677211829 0.00143105024946 46.2549946899
100.4 0.25500646992 0.00142629512961 46.0720872709
100.5 0.254439203755 0.0014215605204 45.9083167122
100.6 0.253896454068 0.0014168463131 45.7493792152
100.7 0.252911629818 0.00141215239963 45.5112929521
100.8 0.251799841033 0.00140747867262 45.2510022385
100.9 0.250305935297 0.00140282502535 44.9228032501
101.0 0.249309045566 0.00139819135179 44.6845366822
101.1 0.248686387316 0.00139357754655 44.5138675144
101.2 0.247952330245 0.00138898350491 44.3237168042
101.3 0.247006524511 0.00138440912282 44.0962473755
101.4 0.2462459242 0.00137985429687 43.9023790623
101.5 0.245929927361 0.00137531892427 43.7881653047
101.6 0.24509329928 0.00137080290292 43.5816565037
101.7 0.243899929223 0.00136630613131 43.3123214261
101.8 0.24300045744 0.00136182850858 43.0957985697
101.9 0.241906307955 0.0013573699345 42.8453456337
102.0 0.241047438151 0.00135293030947 42.6371486881
102.1 0.240303118533 0.00134850953448 42.4497147761
102.2 0.239185041384 0.00134410751117 42.1968157053
102.3 0.238188008903 0.00133972414175 41.9658871907
102.4 0.236913194328 0.00133535932906 41.6866667545
102.5 0.236048378086 0.00133101297653 41.4802060539
102.6 0.234943245229 0.00132668498821 41.2320913957
102.7 0.233498673001 0.0013223752687 40.9251129183
102.8 0.232485722553 0.00131808372322 40.6944682023
102.9 0.231583475887 0.00131381025756 40.4837589131
103.0 0.231000586636 0.00130955477809 40.3293354494
103.1 0.230284864008 0.00130531719176 40.1521353322
103.2 0.228872795189 0.0013010974061 39.8541217575
103.3 0.227909243831 0.00129689532917 39.6348640968
103.4 0.226968863387 0.00129271086964 39.4201819852
103.5 0.226072869554 0.00128854393671 39.2137379386
103.6 0.225031001327 0.00128439444014 38.9825410107
103.7 0.224025430441 0.00128026229024 38.7582045936
103.8 0.222968512665 0.00127614739789 38.5255588392
103.9 0.221332668199 0.00127204967447 38.1935959894
104.0 0.220300461533 0.00126796903193 37.9665029273
104.1 0.219036181941 0.00126390538275 37.7000344507
104.2 0.218422043503 0.00125985863995 37.5459922829
104.3 0.217905460164 0.00125582871706 37.4090779069
104.4 0.217128054656 0.00125181552814 37.227779863
104.5 0.216407793404 0.00124781898778 37.0567162126
104.6 0.215455212071 0.00124383901109 36.8463447568
104.7 0.214610966024 0.00123987551367 36.6549996766
104.8 0.213995920508 0.00123592841164 36.5032253541
104.9 0.212922272333 0.00123199762166 36.2736954352
105.0 0.212204749589 0.00122808306083 36.1053287197
105.1 0.211149848651 0.00122418464681 35.8800466485
105.2 0.209277799692 0.00122030229772 35.5166449059
105.3 0.208460770097 0.00121643593217 35.3329732361
105.4 0.207424900852 0.00121258546929 35.112708949
105.5 0.206318240763 0.00120875082866 34.8810214385
105.6 0.205383108975 0.00120493193037 34.6788699703
105.7 0.204565921743 0.00120112869498 34.4971063938
105.8 0.203950180255 0.0011973410435 34.3497169561
105.9 0.203787482272 0.00119356889746 34.2788924357
106.0 0.203305973972 0.00118981217882 34.1546740263
106.1 0.202826311364 0.00118607081003 34.0310651283
106.2 0.201450944452 0.00118234471398 33.7576588066
106.3 0.199930299392 0.00117863381404 33.4606139942
106.4 0.199203981253 0.00117493803403 33.297075929
106.5 0.198030385174 0.00117125729821 33.0592671335
106.6 0.196849896899 0.00116759153131 32.8208936134
106.7 0.196248361164 0.00116394065849 32.6795133602
106.8 0.195283440505 0.00116030460537 32.4780393225
106.9 0.194030110636 0.00115668329799 32.2291513818
107.0 0.19284406073 0.00115307666285 31.9920352611
107.1 0.192271154002 0.00114948462688 31.8570902625
107.2 0.191156368844 0.00114590711742 31.6327991494
107.3 0.190204351637 0.00114234406226 31.4359569543
107.4 0.189214527544 0.00113879538961 31.2333526435
107.5 0.187662089845 0.00113526102811 30.9384869267
107.6 0.186377847386 0.0011317409068 30.6885035673
107.7 0.185643632253 0.00112823495517 30.529583447
107.8 0.185184916901 0.00112474310309 30.4162966687
107.9 0.184317506478 0.00112126528087 30.236235177
108.0 0.183571702343 0.00111780141919 30.0765326164
108.1 0.182759369318 0.00111435144919 29.9063274937
108.2 0.181951653939 0.00111091530237 29.7372868588
108.3 0.180735833237 0.00110749291065 29.5020366227
108.4 0.179566898374 0.00110408420634 29.2750002261
108.5 0.17832745216 0.00110068912214 29.0370317547
108.6 0.177261885615 0.00109730759116 28.8279169984
108.7 0.175660434962 0.0010939395469 28.5322636707
108.8 0.17453954097 0.00109058492321 28.3152873756
108.9 0.172780848602 0.00108724365438 27.9954922277
109.0 0.17126740513 0.00108391567504 27.7161609447
109.1 0.170196500142 0.00108060092021 27.5090329433
109.2 0.169031608525 0.00107729932529 27.287230087
109.3 0.167257555472 0.00107401082606 26.9677424654
109.4 0.166386827678 0.00107073535867 26.7944961038
109.5 0.165683955251 0.00106747285963 26.6486613536
109.6 0.164454228126 0.00106422326582 26.41853709
109.7 0.163676442203 0.00106098651449 26.2614776845
109.8 0.16227611395 0.00105776254324 26.0050280951
109.9 0.160760322352 0.00105455129005 25.7307132263
110.0 0.159949583992 0.00105135269325 25.5697675991
110.1 0.159381077648 0.0010481666915 25.4478804325
110.2 0.158191107315 0.00104499322385 25.2271734628
110.3 0.157158031656 0.00104183222967 25.0319831705
110.4 0.15579951489 0.0010386836487 24.7854841555
110.5 0.154094211339 0.00103554742101 24.4844715986
110.6 0.152685680831 0.00103242348702 24.2312770878
110.7 0.151118774964 0.00102931178749 23.9535825363
110.8 0.149566293467 0.00102621226352 23.6788341817
110.9 0.147970142743 0.00102312485654 23.3978355878
111.0 0.146878619324 0.00102004950833 23.1972046486
111.1 0.145374156026 0.00101698616098 22.9319101494
111.2 0.143705200783 0.00101393475692 22.6413300144
111.3 0.142572712878 0.00101089523892 22.4358618556
111.4 0.141534270049 0.00100786755005 22.2456611513
111.5 0.139936953293 0.00100485163372 21.9681738073
111.6 0.139261834123 0.00100184743366 21.8359430989
111.7 0.138387798969 0.000998854893923 21.6728694054
111.8 0.137590571949 0.000995873958866 21.5221930807
111.9 0.136962911665 0.000992904573169 21.3983618913
112.0 0.136497238326 0.000989946681825 21.3000968558
112.1 0.135114546988 0.000987000230136 21.0591313129
112.2 0.133857949362 0.000984065163713 20.8383632019
112.3 0.131920764671 0.000981141428475 20.5122901303
112.4 0.13011354154 0.000978228970645 20.2071704586
112.5 0.128307361833 0.000975327736747 19.9029320066
112.6 0.126862288409 0.000972437673609 19.6553581579
112.7 0.125207442148 0.000969558728355 19.3759033731
112.8 0.123423372985 0.000966690848408 19.0771318535
112.9 0.121611605318 0.000963833981484 18.7747863329
113.0 0.119761671524 0.000960988075594 18.4672657391
113.1 0.118526692847 0.000958153079038 18.2551808695
113.2 0.116750142252 0.000955328940408 17.9602786526
113.3 0.114973512096 0.000952515608581 17.6660551856
113.4 0.113319296922 0.00094971303272 17.3913078287
113.5 0.110881275683 0.000946921162272 16.9970527956
113.6 0.109145295706 0.000944139946966 16.7112109636
113.7 0.107211711305 0.000941369336812 16.3958172733
113.8 0.106063080499 0.000938609282095 16.2010614577
113.9 0.104470414173 0.00093585973338 15.9390117295
114.0 0.102910829089 0.000933120641505 15.682613534
114.1 0.10077709235 0.000930391957581 15.339419489
114.2 0.0987577454998 0.000927673632989 15.0144162509
114.3 0.0971364030349 0.000924965619383 14.7506083761
114.4 0.0955561922535 0.00092226786868 14.4936519107
114.5 0.0944687513566 0.000919580333067 14.3119459352
114.6 0.093245942435 0.000916902964992 14.1101756184
114.7 0.091974271659 0.000914235717168 13.9014864713
114.8 0.0909357709482 0.000911578542567 13.7284810031
114.9 0.089367995349 0.000908931394423 13.4760632843
115.0 0.0882952345529 0.000906294226223 13.2987867652
115.1 0.0871591317837 0.000903666991716 13.1123890311
115.2 0.0850993631805 0.000901049644899 12.7876238283
115.3 0.0827697930969 0.000898442140026 12.4231137513
115.4 0.0812505780704 0.0008958444316 12.1809325882
115.5 0.0800448080676 0.000893256474376 11.9862456151
115.6 0.078644942468 0.000890678223353 11.7629747672
115.7 0.0773634056402 0.000888109633779 11.5578949476
115.8 0.0762708023122 0.000885550661147 11.381479207
115.9 0.0747036584121 0.000883001261192 11.1347361546
116.0 0.0731550371809 0.000880461389891 10.8913168781
116.1 0.0710376759233 0.000877931003462 10.5638793903
116.2 0.06901736859 0.000875410058359 10.2516093722
116.3 0.0677257175505 0.000872898511277 10.0481627646
116.4 0.0667137796466 0.000870396319144 9.88663307907
116.5 0.0653752739071 0.000867903439123 9.67713156471
116.6 0.0635915192256 0.000865419828609 9.40227624779
116.7 0.0620350730263 0.00086294544523 9.16161874084
116.8 0.0609755774137 0.000860480246841 8.99481791687
116.9 0.0601968723707 0.000858024191528 8.86976975546
117.0 0.0591230971874 0.000855577237603 8.70157736782
117.1 0.057030194271 0.000853139343602 8.38394606196
117.2 0.0548864292089 0.000850710468287 8.05956944677
117.3 0.0529655653588 0.000848290570642 7.76862467873
117.4 0.0513346169304 0.000845879609873 7.5208155866
117.5 0.0497885352979 0.000843477545405 7.28598835786
117.6 0.0473892788238 0.00084108433688 6.92698348943
117.7 0.0455044080938 0.000838699944161 6.64389673088
117.8 0.0441508249094 0.000836324327324 6.43893434969
117.9 0.0430568402542 0.000833957446659 6.272252322
118.0 0.0415876228833 0.000831599262672 6.05134719706
118.1 0.0391722034297 0.000829249736079 5.69341711355
118.2 0.0371150365809 0.000826908827806 5.38830708192
118.3 0.035269424482 0.000824576498988 5.11456472784
118.4 0.0336217218163 0.000822252710971 4.87010733902
118.5 0.0324298883348 0.000819937425303 4.69215908104
118.6 0.0311350250509 0.000817630603741 4.49972114016
118.7 0.0297398626363 0.000815332208244 4.29323695386
118.8 0.0284695161867 0.000813042200976 4.10521512508
118.9 0.0275310264934 0.000810760544299 3.96541443497
119.0 0.0264075509635 0.00080848720078 3.79931290123
119.1 0.0249536824709 0.00080622213318 3.58610290859
119.2 0.0241430505185 0.000803965304462 3.4657068514
119.3 0.0231151424308 0.000801716677783 3.31442536042
119.4 0.0221419258353 0.000799476216497 3.17131555611
119.5 0.0209986614167 0.000797243884151 3.00419751101
119.6 0.0196851980988 0.000795019644487 2.81313045795
119.7 0.0186464157 0.000792803461437 2.66169975459
119.8 0.0179743777068 0.000790595299125 2.56289958867
119.9 0.0164537729889 0.000788395121862 2.34346061903
120.0 0.0154103445188 0.00078620289415 2.19239772315
120.1 0.0142525674553 0.000784018580678 2.02542114322
120.2 0.0136489033551 0.00078184214632 1.93747289716
120.3 0.0126057273839 0.000779673556136 1.78740033117
120.4 0.0109983634109 0.000777512775368 1.5577524293
120.5 0.010375264845 0.000775359769443 1.46786600559
120.6 0.00979332644697 0.000773214503967 1.3839955793
120.7 0.00904295227796 0.00077107694473 1.27653392502
120.8 0.00827525570104 0.000768947057698 1.16686763519
120.9 0.0078511352803 0.000766824809017 1.10583690999
121.0 0.00698119238154 0.000764710165009 0.982216157173
121.1 0.00631345883746 0.000762603092174 0.887286891647
121.2 0.00570630754786 0.000760503557187 0.801071956017
121.3 0.00531167561012 0.000758411526894 0.744848478872
121.4 0.00488509572959 0.000756326968317 0.684273785444
121.5 0.00437661110792 0.000754249848648 0.612372401846
121.6 0.00417142877099 0.000752180135253 0.583020339244
121.7 0.00366967284818 0.000750117795664 0.512327700317
121.8 0.00328565880823 0.000748062797584 0.458210419704
121.9 0.00310152985686 0.000746015108884 0.432056819902
122.0 0.00280620769823 0.0007439746976 0.39048782952
122.1 0.0024390665371 0.000741941531935 0.339027183918
122.2 0.00221697703289 0.000739915580258 0.307819155319
122.3 0.00221630844516 0.0007378968111 0.30738920584
122.4 0.00206657096663 0.000735885193155 0.286307739337
122.5 0.00182289853489 0.00073388069528 0.252272552281
122.6 0.00170364059049 0.000731883286491 0.235510683512
122.7 0.00125538264944 0.000729892935967 0.173354161611
122.8 0.00100196085307 0.000727909613043 0.138208516807
122.9 0.00091293563017 0.000725933287213 0.125791268912
123.0 0.000785571567244 0.000723963928128 0.108124166101
123.1 0.000709763307331 0.000722001505597 0.0975837755136
123.2 0.000523382925892 0.000720045989582 0.0718804961701
123.3 0.000471650203087 0.000718097350199 0.0647052273004
123.4 0.000393186513826 0.000716155557719 0.0538823046772
123.5 0.000393205518478 0.000714220582565 0.0538264509081
123.6 0.000275005494869 0.000712292395311 0.0376050772138
123.7 0.000262212985754 0.000710370966682 0.035816955082
123.8 0.000183904583054 0.000708456267553 0.0250932407011
123.9 1.1538336491e-05 0.000706548268949 0.00157266967853
124.0 0.0 0.000704646942039 0.0
124.1 0.0 0.000702752258144 0.0
124.2 0.0 0.000700864188729 0.0
124.3 0.0 0.000698982705404 0.0
124.4 0.0 0.000697107779923 0.0
124.5 0.0 0.000695239384187 0.0
124.6 0.0 0.000693377490237 0.0
124.7 0.0 0.000691522070256 0.0
124.8 0.0 0.000689673096569 0.0
124.9 0.0 0.000687830541642 0.0
125.0 0.0 0.000685994378079 0.0
125.1 0.0 0.000684164578623 0.0
125.2 0.0 0.000682341116156 0.0
125.3 0.0 0.000680523963697 0.0
125.4 0.0 0.000678713094399 0.0
125.5 0.0 0.000676908481554 0.0
125.6 0.0 0.000675110098586 0.0
125.7 0.0 0.000673317919053 0.0
125.8 0.0 0.000671531916649 0.0
125.9 0.0 0.000669752065197 0.0
126.0 0.0 0.000667978338652 0.0
126.1 0.0 0.000666210711103 0.0
126.2 0.0 0.000664449156764 0.0
126.3 0.0 0.000662693649984 0.0
126.4 0.0 0.000660944165235 0.0
126.5 0.0 0.000659200677122 0.0
126.6 0.0 0.000657463160372 0.0
126.7 0.0 0.000655731589842 0.0
126.8 0.0 0.000654005940514 0.0
126.9 0.0 0.000652286187494 0.0
127.0 0.0 0.000650572306012 0.0
127.1 0.0 0.000648864271422 0.0
127.2 0.0 0.0006471620592 0.0
127.3 0.0 0.000645465644947 0.0
127.4 0.0 0.000643775004381 0.0
127.5 0.0 0.000642090113343 0.0
127.6 0.0 0.000640410947794 0.0
127.7 0.0 0.000638737483813 0.0
127.8 0.0 0.000637069697599 0.0
127.9 0.0 0.000635407565469 0.0
128.0 0.0 0.000633751063855 0.0
128.1 0.0 0.000632100169307 0.0
128.2 0.0 0.000630454858492 0.0
128.3 0.0 0.00062881510819 0.0
128.4 0.0 0.000627180895296 0.0
128.5 0.0 0.000625552196822 0.0
128.6 0.0 0.000623928989888 0.0
128.7 0.0 0.000622311251731 0.0
128.8 0.0 0.000620698959697 0.0
128.9 0.0 0.000619092091246 0.0
129.0 0.0 0.000617490623946 0.0
129.1 0.0 0.000615894535477 0.0
129.2 0.0 0.000614303803627 0.0
129.3 0.0 0.000612718406294 0.0
129.4 0.0 0.000611138321484 0.0
129.5 0.0 0.000609563527311 0.0
129.6 0.0 0.000607994001993 0.0
129.7 0.0 0.000606429723859 0.0
129.8 0.0 0.00060487067134 0.0
129.9 0.0 0.000603316822975 0.0
130.0 0.0 0.000601768157404 0.0
130.1 0.0 0.000600224653375 0.0
130.2 0.0 0.000598686289737 0.0
130.3 0.0 0.000597153045443 0.0
130.4 0.0 0.000595624899547 0.0
130.5 0.0 0.000594101831204 0.0
130.6 0.0 0.000592583819674 0.0
130.7 0.0 0.000591070844313 0.0
130.8 0.0 0.00058956288458 0.0
130.9 0.0 0.000588059920032 0.0
131.0 0.0 0.000586561930324 0.0
131.1 0.0 0.000585068895212 0.0
131.2 0.0 0.000583580794547 0.0
131.3 0.0 0.00058209760828 0.0
131.4 0.0 0.000580619316455 0.0
131.5 0.0 0.000579145899215 0.0
131.6 0.0 0.000577677336798 0.0
131.7 0.0 0.000576213609537 0.0
131.8 0.0 0.000574754697859 0.0
131.9 0.0 0.000573300582285 0.0
132.0 0.0 0.00057185124343 0.0
132.1 0.0 0.000570406662001 0.0
132.2 0.0 0.0005689668188 0.0
132.3 0.0 0.000567531694717 0.0
132.4 0.0 0.000566101270737 0.0
132.5 0.0 0.000564675527934 0.0
132.6 0.0 0.000563254447472 0.0
132.7 0.0 0.000561838010607 0.0
132.8 0.0 0.000560426198683 0.0
132.9 0.0 0.000559018993133 0.0
133.0 0.0 0.000557616375477 0.0
133.1 0.0 0.000556218327327 0.0
133.2 0.0 0.000554824830378 0.0
133.3 0.0 0.000553435866414 0.0
133.4 0.0 0.000552051417306 0.0
133.5 0.0 0.000550671465011 0.0
133.6 0.0 0.000549295991569 0.0
133.7 0.0 0.000547924979109 0.0
133.8 0.0 0.000546558409842 0.0
133.9 0.0 0.000545196266064 0.0
134.0 0.0 0.000543838530153 0.0
134.1 0.0 0.000542485184574 0.0
134.2 0.0 0.000541136211871 0.0
134.3 0.0 0.000539791594672 0.0
134.4 0.0 0.000538451315688 0.0
134.5 0.0 0.000537115357708 0.0
134.6 0.0 0.000535783703605 0.0
134.7 0.0 0.000534456336333 0.0
134.8 0.0 0.000533133238923 0.0
134.9 0.0 0.000531814394489 0.0
135.0 0.0 0.000530499786221 0.0
135.1 0.0 0.00052918939739 0.0
135.2 0.0 0.000527883211346 0.0
135.3 0.0 0.000526581211515 0.0
135.4 0.0 0.000525283381402 0.0
135.5 0.0 0.000523989704587 0.0
135.6 0.0 0.00052270016473 0.0
135.7 0.0 0.000521414745564 0.0
135.8 0.0 0.0005201334309 0.0
135.9 0.0 0.000518856204625 0.0
136.0 0.0 0.000517583050698 0.0
136.1 0.0 0.000516313953155 0.0
136.2 0.0 0.000515048896106 0.0
136.3 0.0 0.000513787863735 0.0
136.4 0.0 0.000512530840298 0.0
136.5 0.0 0.000511277810127 0.0
136.6 0.0 0.000510028757623 0.0
136.7 0.0 0.000508783667262 0.0
136.8 0.0 0.000507542523591 0.0
136.9 0.0 0.000506305311227 0.0
137.0 0.0 0.000505072014862 0.0
137.1 0.0 0.000503842619255 0.0
137.2 0.0 0.000502617109236 0.0
137.3 0.0 0.000501395469707 0.0
137.4 0.0 0.000500177685638 0.0
137.5 0.0 0.000498963742068 0.0
137.6 0.0 0.000497753624106 0.0
137.7 0.0 0.000496547316928 0.0
137.8 0.0 0.000495344805781 0.0
137.9 0.0 0.000494146075975 0.0
138.0 0.0 0.000492951112893 0.0
138.1 0.0 0.00049175990198 0.0
138.2 0.0 0.000490572428752 0.0
138.3 0.0 0.000489388678788 0.0
138.4 0.0 0.000488208637735 0.0
138.5 0.0 0.000487032291305 0.0
138.6 0.0 0.000485859625275 0.0
138.7 0.0 0.000484690625488 0.0
138.8 0.0 0.00048352527785 0.0
138.9 0.0 0.000482363568332 0.0
139.0 0.0 0.000481205482971 0.0
139.1 0.0 0.000480051007863 0.0
139.2 0.0 0.000478900129172 0.0
139.3 0.0 0.000477752833122 0.0
139.4 0.0 0.000476609106 0.0
139.5 0.0 0.000475468934157 0.0
139.6 0.0 0.000474332304004 0.0
139.7 0.0 0.000473199202015 0.0
139.8 0.0 0.000472069614723 0.0
139.9 0.0 0.000470943528725 0.0
140.0 0.0 0.000469820930677 0.0
140.1 0.0 0.000468701807295 0.0
140.2 0.0 0.000467586145357 0.0
140.3 0.0 0.000466473931697 0.0
140.4 0.0 0.000465365153212 0.0
140.5 0.0 0.000464259796857 0.0
140.6 0.0 0.000463157849646 0.0
140.7 0.0 0.000462059298649 0.0
140.8 0.0 0.000460964130998 0.0
140.9 0.0 0.00045987233388 0.0
141.0 0.0 0.000458783894541 0.0
141.1 0.0 0.000457698800285 0.0
141.2 0.0 0.000456617038469 0.0
141.3 0.0 0.000455538596512 0.0
141.4 0.0 0.000454463461886 0.0
141.5 0.0 0.00045339162212 0.0
141.6 0.0 0.000452323064799 0.0
141.7 0.0 0.000451257777563 0.0
141.8 0.0 0.000450195748107 0.0
141.9 0.0 0.000449136964182 0.0
142.0 0.0 0.000448081413592 0.0
142.1 0.0 0.000447029084198 0.0
142.2 0.0 0.000445979963913 0.0
142.3 0.0 0.000444934040703 0.0
142.4 0.0 0.000443891302591 0.0
142.5 0.0 0.000442851737649 0.0
142.6 0.0 0.000441815334005 0.0
142.7 0.0 0.000440782079839 0.0
142.8 0.0 0.000439751963382 0.0
142.9 0.0 0.00043872497292 0.0
143.0 0.0 0.000437701096788 0.0
143.1 0.0 0.000436680323375 0.0
143.2 0.0 0.000435662641119 0.0
143.3 0.0 0.000434648038512 0.0
143.4 0.0 0.000433636504093 0.0
143.5 0.0 0.000432628026456 0.0
143.6 0.0 0.000431622594241 0.0
143.7 0.0 0.000430620196142 0.0
143.8 0.0 0.0004296208209 0.0
143.9 0.0 0.000428624457307 0.0
144.0 0.0 0.000427631094204 0.0
144.1 0.0 0.000426640720481 0.0
144.2 0.0 0.000425653325076 0.0
144.3 0.0 0.000424668896976 0.0
144.4 0.0 0.000423687425218 0.0
144.5 0.0 0.000422708898885 0.0
144.6 0.0 0.000421733307109 0.0
144.7 0.0 0.000420760639068 0.0
144.8 0.0 0.000419790883989 0.0
144.9 0.0 0.000418824031146 0.0
145.0 0.0 0.000417860069859 0.0
145.1 0.0 0.000416898989495 0.0
145.2 0.0 0.000415940779467 0.0
145.3 0.0 0.000414985429235 0.0
145.4 0.0 0.000414032928304 0.0
145.5 0.0 0.000413083266226 0.0
145.6 0.0 0.000412136432598 0.0
145.7 0.0 0.00041119241706 0.0
145.8 0.0 0.000410251209301 0.0
145.9 0.0 0.000409312799051 0.0
146.0 0.0 0.000408377176087 0.0
146.1 0.0 0.000407444330229 0.0
146.2 0.0 0.000406514251343 0.0
146.3 0.0 0.000405586929336 0.0
146.4 0.0 0.000404662354161 0.0
146.5 0.0 0.000403740515813 0.0
146.6 0.0 0.000402821404332 0.0
146.7 0.0 0.000401905009799 0.0
146.8 0.0 0.000400991322339 0.0
146.9 0.0 0.000400080332119 0.0
147.0 0.0 0.000399172029349 0.0
147.1 0.0 0.00039826640428 0.0
147.2 0.0 0.000397363447207 0.0
147.3 0.0 0.000396463148466 0.0
147.4 0.0 0.000395565498432 0.0
147.5 0.0 0.000394670487525 0.0
147.6 0.0 0.000393778106203 0.0
147.7 0.0 0.000392888344968 0.0
147.8 0.0 0.000392001194361 0.0
147.9 0.0 0.000391116644962 0.0
148.0 0.0 0.000390234687395 0.0
148.1 0.0 0.000389355312321 0.0
148.2 0.0 0.000388478510443 0.0
148.3 0.0 0.000387604272501 0.0
148.4 0.0 0.000386732589278 0.0
148.5 0.0 0.000385863451593 0.0
148.6 0.0 0.000384996850307 0.0
148.7 0.0 0.000384132776318 0.0
148.8 0.0 0.000383271220564 0.0
148.9 0.0 0.00038241217402 0.0
149.0 0.0 0.000381555627701 0.0
149.1 0.0 0.000380701572659 0.0
149.2 0.0 0.000379849999985 0.0
149.3 0.0 0.000379000900808 0.0
149.4 0.0 0.000378154266292 0.0
149.5 0.0 0.000377310087641 0.0
149.6 0.0 0.000376468356097 0.0
149.7 0.0 0.000375629062936 0.0
149.8 0.0 0.000374792199474 0.0
149.9 0.0 0.00037395775706 0.0
150.0 0.0 0.000373125727084 0.0
150.1 0.0 0.00037229610097 0.0
150.2 0.0 0.000371468870177 0.0
150.3 0.0 0.000370644026202 0.0
150.4 0.0 0.000369821560577 0.0
150.5 0.0 0.00036900146487 0.0
150.6 0.0 0.000368183730684 0.0
150.7 0.0 0.000367368349658 0.0
150.8 0.0 0.000366555313465 0.0
150.9 0.0 0.000365744613814 0.0
151.0 0.0 0.000364936242448 0.0
151.1 0.0 0.000364130191145 0.0
151.2 0.0 0.000363326451719 0.0
151.3 0.0 0.000362525016014 0.0
151.4 0.0 0.000361725875913 0.0
151.5 0.0 0.000360929023331 0.0
151.6 0.0 0.000360134450215 0.0
151.7 0.0 0.000359342148548 0.0
151.8 0.0 0.000358552110346 0.0
151.9 0.0 0.000357764327657 0.0
152.0 0.0 0.000356978792565 0.0
152.1 0.0 0.000356195497183 0.0
152.2 0.0 0.00035541443366 0.0
152.3 0.0 0.000354635594177 0.0
152.4 0.0 0.000353858970946 0.0
152.5 0.0 0.000353084556213 0.0
152.6 0.0 0.000352312342255 0.0
152.7 0.0 0.000351542321383 0.0
152.8 0.0 0.000350774485938 0.0
152.9 0.0 0.000350008828293 0.0
153.0 0.0 0.000349245340852 0.0
153.1 0.0 0.000348484016053 0.0
153.2 0.0 0.000347724846363 0.0
153.3 0.0 0.00034696782428 0.0
153.4 0.0 0.000346212942334 0.0
153.5 0.0 0.000345460193086 0.0
153.6 0.0 0.000344709569127 0.0
153.7 0.0 0.000343961063079 0.0
153.8 0.0 0.000343214667593 0.0
153.9 0.0 0.000342470375352 0.0
154.0 0.0 0.000341728179069 0.0
154.1 0.0 0.000340988071486 0.0
154.2 0.0 0.000340250045375 0.0
154.3 0.0 0.000339514093538 0.0
154.4 0.0 0.000338780208807 0.0
154.5 0.0 0.000338048384043 0.0
154.6 0.0 0.000337318612134 0.0
154.7 0.0 0.000336590886002 0.0
154.8 0.0 0.000335865198594 0.0
154.9 0.0 0.000335141542886 0.0
155.0 0.0 0.000334419911886 0.0
155.1 0.0 0.000333700298626 0.0
155.2 0.0 0.000332982696171 0.0
155.3 0.0 0.00033226709761 0.0
155.4 0.0 0.000331553496063 0.0
155.5 0.0 0.000330841884678 0.0
155.6 0.0 0.000330132256629 0.0
155.7 0.0 0.00032942460512 0.0
155.8 0.0 0.000328718923381 0.0
155.9 0.0 0.000328015204669 0.0
156.0 0.0 0.000327313442271 0.0
156.1 0.0 0.0003266136295 0.0
156.2 0.0 0.000325915759694 0.0
156.3 0.0 0.000325219826221 0.0
156.4 0.0 0.000324525822474 0.0
156.5 0.0 0.000323833741875 0.0
156.6 0.0 0.000323143577869 0.0
156.7 0.0 0.000322455323931 0.0
156.8 0.0 0.00032176897356 0.0
156.9 0.0 0.000321084520283 0.0
157.0 0.0 0.000320401957651 0.0
157.1 0.0 0.000319721279244 0.0
157.2 0.0 0.000319042478665 0.0
157.3 0.0 0.000318365549544 0.0
157.4 0.0 0.000317690485536 0.0
157.5 0.0 0.000317017280324 0.0
157.6 0.0 0.000316345927613 0.0
157.7 0.0 0.000315676421134 0.0
157.8 0.0 0.000315008754646 0.0
157.9 0.0 0.000314342921929 0.0
158.0 0.0 0.000313678916792 0.0
158.1 0.0 0.000313016733065 0.0
158.2 0.0 0.000312356364605 0.0
158.3 0.0 0.000311697805292 0.0
158.4 0.0 0.000311041049034 0.0
158.5 0.0 0.000310386089758 0.0
158.6 0.0 0.00030973292142 0.0
158.7 0.0 0.000309081537998 0.0
158.8 0.0 0.000308431933493 0.0
158.9 0.0 0.000307784101932 0.0
159.0 0.0 0.000307138037366 0.0
159.1 0.0 0.000306493733867 0.0
159.2 0.0 0.000305851185533 0.0
159.3 0.0 0.000305210386484 0.0
159.4 0.0 0.000304571330865 0.0
159.5 0.0 0.000303934012844 0.0
159.6 0.0 0.000303298426609 0.0
159.7 0.0 0.000302664566376 0.0
159.8 0.0 0.000302032426381 0.0
159.9 0.0 0.000301402000882 0.0
160.0 0.0 0.000300773284162 0.0
160.1 0.0 0.000300146270526 0.0
160.2 0.0 0.0002995209543 0.0
160.3 0.0 0.000298897329835 0.0
160.4 0.0 0.000298275391503 0.0
160.5 0.0 0.000297655133697 0.0
160.6 0.0 0.000297036550833 0.0
160.7 0.0 0.000296419637351 0.0
160.8 0.0 0.00029580438771 0.0
160.9 0.0 0.000295190796392 0.0
161.0 0.0 0.000294578857901 0.0
161.1 0.0 0.000293968566763 0.0
161.2 0.0 0.000293359917524 0.0
161.3 0.0 0.000292752904752 0.0
161.4 0.0 0.000292147523037 0.0
161.5 0.0 0.00029154376699 0.0
161.6 0.0 0.000290941631243 0.0
161.7 0.0 0.000290341110448 0.0
161.8 0.0 0.000289742199281 0.0
161.9 0.0 0.000289144892434 0.0
162.0 0.0 0.000288549184625 0.0
162.1 0.0 0.000287955070588 0.0
162.2 0.0 0.000287362545082 0.0
162.3 0.0 0.000286771602882 0.0
162.4 0.0 0.000286182238787 0.0
162.5 0.0 0.000285594447614 0.0
162.6 0.0 0.000285008224202 0.0
162.7 0.0 0.000284423563408 0.0
162.8 0.0 0.000283840460111 0.0
162.9 0.0 0.000283258909209 0.0
163.0 0.0 0.000282678905619 0.0
163.1 0.0 0.000282100444279 0.0
163.2 0.0 0.000281523520147 0.0
163.3 0.0 0.0002809481282 0.0
163.4 0.0 0.000280374263433 0.0
163.5 0.0 0.000279801920863 0.0
163.6 0.0 0.000279231095523 0.0
163.7 0.0 0.00027866178247 0.0
163.8 0.0 0.000278093976776 0.0
163.9 0.0 0.000277527673533 0.0
164.0 0.0 0.000276962867853 0.0
164.1 0.0 0.000276399554866 0.0
164.2 0.0 0.000275837729721 0.0
164.3 0.0 0.000275277387585 0.0
164.4 0.0 0.000274718523646 0.0
164.5 0.0 0.000274161133108 0.0
164.6 0.0 0.000273605211194 0.0
164.7 0.0 0.000273050753147 0.0
164.8 0.0 0.000272497754225 0.0
164.9 0.0 0.000271946209708 0.0
165.0 0.0 0.000271396114891 0.0
165.1 0.0 0.00027084746509 0.0
165.2 0.0 0.000270300255636 0.0
165.3 0.0 0.00026975448188 0.0
165.4 0.0 0.000269210139189 0.0
165.5 0.0 0.000268667222951 0.0
165.6 0.0 0.000268125728567 0.0
165.7 0.0 0.000267585651459 0.0
165.8 0.0 0.000267046987066 0.0
165.9 0.0 0.000266509730844 0.0
166.0 0.0 0.000265973878266 0.0
166.1 0.0 0.000265439424822 0.0
166.2 0.0 0.00026490636602 0.0
166.3 0.0 0.000264374697385 0.0
166.4 0.0 0.000263844414459 0.0
166.5 0.0 0.000263315512801 0.0
166.6 0.0 0.000262787987987 0.0
166.7 0.0 0.000262261835609 0.0
166.8 0.0 0.000261737051276 0.0
166.9 0.0 0.000261213630615 0.0
167.0 0.0 0.000260691569268 0.0
167.1 0.0 0.000260170862894 0.0
167.2 0.0 0.000259651507168 0.0
167.3 0.0 0.000259133497783 0.0
167.4 0.0 0.000258616830447 0.0
167.5 0.0 0.000258101500885 0.0
167.6 0.0 0.000257587504836 0.0
167.7 0.0 0.000257074838057 0.0
167.8 0.0 0.000256563496322 0.0
167.9 0.0 0.000256053475419 0.0
168.0 0.0 0.000255544771153 0.0
168.1 0.0 0.000255037379344 0.0
168.2 0.0 0.000254531295827 0.0
168.3 0.0 0.000254026516456 0.0
168.4 0.0 0.000253523037096 0.0
168.5 0.0 0.000253020853632 0.0
168.6 0.0 0.000252519961962 0.0
168.7 0.0 0.000252020357999 0.0
168.8 0.0 0.000251522037672 0.0
168.9 0.0 0.000251024996927 0.0
169.0 0.0 0.000250529231722 0.0
169.1 0.0 0.000250034738033 0.0
169.2 0.0 0.000249541511849 0.0
169.3 0.0 0.000249049549174 0.0
169.4 0.0 0.00024855884603 0.0
169.5 0.0 0.000248069398451 0.0
169.6 0.0 0.000247581202485 0.0
169.7 0.0 0.000247094254197 0.0
169.8 0.0 0.000246608549667 0.0
169.9 0.0 0.000246124084987 0.0
170.0 0.0 0.000245640856266 0.0
170.1 0.0 0.000245158859627 0.0
170.2 0.0 0.000244678091205 0.0
170.3 0.0 0.000244198547154 0.0
170.4 0.0 0.000243720223638 0.0
170.5 0.0 0.000243243116837 0.0
170.6 0.0 0.000242767222946 0.0
170.7 0.0 0.000242292538173 0.0
170.8 0.0 0.00024181905874 0.0
170.9 0.0 0.000241346780883 0.0
171.0 0.0 0.000240875700853 0.0
171.1 0.0 0.000240405814914 0.0
171.2 0.0 0.000239937119344 0.0
171.3 0.0 0.000239469610434 0.0
171.4 0.0 0.00023900328449 0.0
171.5 0.0 0.000238538137832 0.0
171.6 0.0 0.000238074166792 0.0
171.7 0.0 0.000237611367715 0.0
171.8 0.0 0.000237149736963 0.0
171.9 0.0 0.000236689270907 0.0
172.0 0.0 0.000236229965935 0.0
172.1 0.0 0.000235771818447 0.0
172.2 0.0 0.000235314824854 0.0
172.3 0.0 0.000234858981584 0.0
172.4 0.0 0.000234404285075 0.0
172.5 0.0 0.000233950731781 0.0
172.6 0.0 0.000233498318167 0.0
172.7 0.0 0.000233047040711 0.0
172.8 0.0 0.000232596895904 0.0
172.9 0.0 0.000232147880251 0.0
173.0 0.0 0.000231699990269 0.0
173.1 0.0 0.000231253222487 0.0
173.2 0.0 0.000230807573447 0.0
173.3 0.0 0.000230363039706 0.0
173.4 0.0 0.00022991961783 0.0
173.5 0.0 0.0002294773044 0.0
173.6 0.0 0.000229036096009 0.0
173.7 0.0 0.000228595989261 0.0
173.8 0.0 0.000228156980774 0.0
173.9 0.0 0.000227719067178 0.0
174.0 0.0 0.000227282245115 0.0
174.1 0.0 0.000226846511238 0.0
174.2 0.0 0.000226411862216 0.0
174.3 0.0 0.000225978294726 0.0
174.4 0.0 0.000225545805459 0.0
174.5 0.0 0.000225114391117 0.0
174.6 0.0 0.000224684048416 0.0
174.7 0.0 0.000224254774081 0.0
174.8 0.0 0.000223826564851 0.0
174.9 0.0 0.000223399417477 0.0
175.0 0.0 0.00022297332872 0.0
175.1 0.0 0.000222548295355 0.0
175.2 0.0 0.000222124314165 0.0
175.3 0.0 0.00022170138195 0.0
175.4 0.0 0.000221279495516 0.0
175.5 0.0 0.000220858651684 0.0
175.6 0.0 0.000220438847286 0.0
175.7 0.0 0.000220020079164 0.0
175.8 0.0 0.000219602344174 0.0
175.9 0.0 0.00021918563918 0.0
176.0 0.0 0.00021876996106 0.0
176.1 0.0 0.000218355306702 0.0
176.2 0.0 0.000217941673004 0.0
176.3 0.0 0.000217529056879 0.0
176.4 0.0 0.000217117455247 0.0
176.5 0.0 0.000216706865042 0.0
176.6 0.0 0.000216297283206 0.0
176.7 0.0 0.000215888706694 0.0
176.8 0.0 0.000215481132473 0.0
176.9 0.0 0.000215074557518 0.0
177.0 0.0 0.000214668978817 0.0
177.1 0.0 0.000214264393368 0.0
177.2 0.0 0.000213860798179 0.0
177.3 0.0 0.00021345819027 0.0
177.4 0.0 0.000213056566671 0.0
177.5 0.0 0.000212655924423 0.0
177.6 0.0 0.000212256260577 0.0
177.7 0.0 0.000211857572195 0.0
177.8 0.0 0.000211459856349 0.0
177.9 0.0 0.000211063110122 0.0
178.0 0.0 0.000210667330606 0.0
178.1 0.0 0.000210272514906 0.0
178.2 0.0 0.000209878660135 0.0
178.3 0.0 0.000209485763416 0.0
178.4 0.0 0.000209093821885 0.0
178.5 0.0 0.000208702832684 0.0
178.6 0.0 0.00020831279297 0.0
178.7 0.0 0.000207923699906 0.0
178.8 0.0 0.000207535550667 0.0
178.9 0.0 0.000207148342438 0.0
179.0 0.0 0.000206762072412 0.0
179.1 0.0 0.000206376737796 0.0
179.2 0.0 0.000205992335802 0.0
179.3 0.0 0.000205608863656 0.0
179.4 0.0 0.000205226318591 0.0
179.5 0.0 0.000204844697852 0.0
179.6 0.0 0.000204463998691 0.0
179.7 0.0 0.000204084218371 0.0
179.8 0.0 0.000203705354167 0.0
179.9 0.0 0.000203327403359 0.0
180.0 0.0 0.000202950363241 0.0
180.1 0.0 0.000202574231113 0.0
180.2 0.0 0.000202199004287 0.0
180.3 0.0 0.000201824680084 0.0
180.4 0.0 0.000201451255832 0.0
180.5 0.0 0.000201078728872 0.0
180.6 0.0 0.000200707096552 0.0
180.7 0.0 0.000200336356229 0.0
180.8 0.0 0.000199966505272 0.0
180.9 0.0 0.000199597541056 0.0
181.0 0.0 0.000199229460967 0.0
181.1 0.0 0.000198862262399 0.0
181.2 0.0 0.000198495942757 0.0
181.3 0.0 0.000198130499454 0.0
181.4 0.0 0.00019776592991 0.0
181.5 0.0 0.000197402231558 0.0
181.6 0.0 0.000197039401837 0.0
181.7 0.0 0.000196677438196 0.0
181.8 0.0 0.000196316338092 0.0
181.9 0.0 0.000195956098993 0.0
182.0 0.0 0.000195596718373 0.0
182.1 0.0 0.000195238193717 0.0
182.2 0.0 0.000194880522517 0.0
182.3 0.0 0.000194523702276 0.0
182.4 0.0 0.000194167730503 0.0
182.5 0.0 0.000193812604718 0.0
182.6 0.0 0.000193458322448 0.0
182.7 0.0 0.000193104881229 0.0
182.8 0.0 0.000192752278606 0.0
182.9 0.0 0.000192400512132 0.0
183.0 0.0 0.000192049579369 0.0
183.1 0.0 0.000191699477886 0.0
183.2 0.0 0.000191350205263 0.0
183.3 0.0 0.000191001759086 0.0
183.4 0.0 0.00019065413695 0.0
183.5 0.0 0.000190307336459 0.0
183.6 0.0 0.000189961355225 0.0
183.7 0.0 0.000189616190867 0.0
183.8 0.0 0.000189271841014 0.0
183.9 0.0 0.000188928303302 0.0
184.0 0.0 0.000188585575377 0.0
184.1 0.0 0.000188243654889 0.0
184.2 0.0 0.000187902539501 0.0
184.3 0.0 0.00018756222688 0.0
184.4 0.0 0.000187222714704 0.0
184.5 0.0 0.000186884000657 0.0
184.6 0.0 0.000186546082432 0.0
184.7 0.0 0.00018620895773 0.0
184.8 0.0 0.000185872624259 0.0
184.9 0.0 0.000185537079735 0.0
185.0 0.0 0.000185202321883 0.0
185.1 0.0 0.000184868348435 0.0
185.2 0.0 0.000184535157129 0.0
185.3 0.0 0.000184202745714 0.0
185.4 0.0 0.000183871111945 0.0
185.5 0.0 0.000183540253585 0.0
185.6 0.0 0.000183210168403 0.0
185.7 0.0 0.000182880854179 0.0
185.8 0.0 0.000182552308697 0.0
185.9 0.0 0.000182224529751 0.0
186.0 0.0 0.000181897515142 0.0
186.1 0.0 0.000181571262677 0.0
186.2 0.0 0.000181245770173 0.0
186.3 0.0 0.000180921035452 0.0
186.4 0.0 0.000180597056345 0.0
186.5 0.0 0.000180273830689 0.0
186.6 0.0 0.000179951356331 0.0
186.7 0.0 0.000179629631121 0.0
186.8 0.0 0.000179308652921 0.0
186.9 0.0 0.000178988419597 0.0
187.0 0.0 0.000178668929023 0.0
187.1 0.0 0.000178350179082 0.0
187.2 0.0 0.00017803216766 0.0
187.3 0.0 0.000177714892655 0.0
187.4 0.0 0.000177398351969 0.0
187.5 0.0 0.000177082543512 0.0
187.6 0.0 0.0001767674652 0.0
187.7 0.0 0.00017645311496 0.0
187.8 0.0 0.00017613949072 0.0
187.9 0.0 0.000175826590419 0.0
188.0 0.0 0.000175514412003 0.0
188.1 0.0 0.000175202953423 0.0
188.2 0.0 0.000174892212637 0.0
188.3 0.0 0.000174582187613 0.0
188.4 0.0 0.000174272876321 0.0
188.5 0.0 0.000173964276742 0.0
188.6 0.0 0.000173656386861 0.0
188.7 0.0 0.000173349204672 0.0
188.8 0.0 0.000173042728174 0.0
188.9 0.0 0.000172736955373 0.0
189.0 0.0 0.000172431884282 0.0
189.1 0.0 0.000172127512922 0.0
189.2 0.0 0.000171823839318 0.0
189.3 0.0 0.000171520861503 0.0
189.4 0.0 0.000171218577516 0.0
189.5 0.0 0.000170916985405 0.0
189.6 0.0 0.00017061608322 0.0
189.7 0.0 0.000170315869023 0.0
189.8 0.0 0.000170016340877 0.0
189.9 0.0 0.000169717496855 0.0
190.0 0.0 0.000169419335035 0.0
190.1 0.0 0.000169121853502 0.0
190.2 0.0 0.000168825050348 0.0
190.3 0.0 0.00016852892367 0.0
190.4 0.0 0.000168233471572 0.0
190.5 0.0 0.000167938692164 0.0
190.6 0.0 0.000167644583563 0.0
190.7 0.0 0.000167351143891 0.0
190.8 0.0 0.000167058371278 0.0
190.9 0.0 0.000166766263858 0.0
191.0 0.0 0.000166474819772 0.0
191.1 0.0 0.00016618403717 0.0
191.2 0.0 0.000165893914203 0.0
191.3 0.0 0.000165604449033 0.0
191.4 0.0 0.000165315639824 0.0
191.5 0.0 0.00016502748475 0.0
191.6 0.0 0.000164739981987 0.0
191.7 0.0 0.00016445312972 0.0
191.8 0.0 0.000164166926138 0.0
191.9 0.0 0.000163881369439 0.0
192.0 0.0 0.000163596457823 0.0
192.1 0.0 0.0001633121895 0.0
192.2 0.0 0.000163028562682 0.0
192.3 0.0 0.000162745575588 0.0
192.4 0.0 0.000162463226446 0.0
192.5 0.0 0.000162181513486 0.0
192.6 0.0 0.000161900434945 0.0
192.7 0.0 0.000161619989067 0.0
192.8 0.0 0.000161340174099 0.0
192.9 0.0 0.000161060988298 0.0
193.0 0.0 0.000160782429922 0.0
193.1 0.0 0.000160504497238 0.0
193.2 0.0 0.000160227188517 0.0
193.3 0.0 0.000159950502037 0.0
193.4 0.0 0.000159674436082 0.0
193.5 0.0 0.000159398988938 0.0
193.6 0.0 0.000159124158901 0.0
193.7 0.0 0.00015884994427 0.0
193.8 0.0 0.000158576343351 0.0
193.9 0.0 0.000158303354454 0.0
194.0 0.0 0.000158030975897 0.0
194.1 0.0 0.000157759205999 0.0
194.2 0.0 0.000157488043091 0.0
194.3 0.0 0.000157217485502 0.0
194.4 0.0 0.000156947531573 0.0
194.5 0.0 0.000156678179647 0.0
194.6 0.0 0.000156409428073 0.0
194.7 0.0 0.000156141275205 0.0
194.8 0.0 0.000155873719403 0.0
194.9 0.0 0.000155606759031 0.0
195.0 0.0 0.000155340392462 0.0
195.1 0.0 0.00015507461807 0.0
195.2 0.0 0.000154809434235 0.0
195.3 0.0 0.000154544839346 0.0
195.4 0.0 0.000154280831792 0.0
195.5 0.0 0.000154017409971 0.0
195.6 0.0 0.000153754572284 0.0
195.7 0.0 0.000153492317138 0.0
195.8 0.0 0.000153230642947 0.0
195.9 0.0 0.000152969548126 0.0
196.0 0.0 0.000152709031099 0.0
196.1 0.0 0.000152449090293 0.0
196.2 0.0 0.00015218972414 0.0
196.3 0.0 0.000151930931079 0.0
196.4 0.0 0.000151672709552 0.0
196.5 0.0 0.000151415058006 0.0
196.6 0.0 0.000151157974896 0.0
196.7 0.0 0.000150901458677 0.0
196.8 0.0 0.000150645507814 0.0
196.9 0.0 0.000150390120773 0.0
197.0 0.0 0.000150135296027 0.0
197.1 0.0 0.000149881032054 0.0
197.2 0.0 0.000149627327336 0.0
197.3 0.0 0.000149374180361 0.0
197.4 0.0 0.00014912158962 0.0
197.5 0.0 0.00014886955361 0.0
197.6 0.0 0.000148618070833 0.0
197.7 0.0 0.000148367139797 0.0
197.8 0.0 0.000148116759011 0.0
197.9 0.0 0.000147866926992 0.0
198.0 0.0 0.000147617642262 0.0
198.1 0.0 0.000147368903345 0.0
198.2 0.0 0.000147120708772 0.0
198.3 0.0 0.000146873057078 0.0
198.4 0.0 0.000146625946803 0.0
198.5 0.0 0.00014637937649 0.0
198.6 0.0 0.00014613334469 0.0
198.7 0.0 0.000145887849955 0.0
198.8 0.0 0.000145642890844 0.0
198.9 0.0 0.00014539846592 0.0
199.0 0.0 0.00014515457375 0.0
199.1 0.0 0.000144911212906 0.0
199.2 0.0 0.000144668381964 0.0
199.3 0.0 0.000144426079506 0.0
199.4 0.0 0.000144184304117 0.0
199.5 0.0 0.000143943054387 0.0
199.6 0.0 0.000143702328911 0.0
199.7 0.0 0.000143462126287 0.0
199.8 0.0 0.000143222445119 0.0
199.9 0.0 0.000142983284015 0.0
