# a rho dNda dNdaerr
0.0 inf nan nan
0.1 154881661.891 0.0 0.0
0.2 11432131.6302 0.0 0.0
0.3 2488995.33283 0.0 0.0
0.4 843828.972487 0.0 0.0
0.5 364647.116526 0.0 0.0
0.6 183717.8264 0.0 0.0
0.7 102903.78981 0.0 0.0
0.8 62284.7390005 0.0 0.0
0.9 39998.9107245 0.0 0.0
1.0 26915.3480393 0.0 0.0
1.1 18808.9046053 0.0 0.0
1.2 13560.587797 0.0 0.0
1.3 10036.285228 0.0 0.0
1.4 7595.53878743 0.0 0.0
1.5 5859.98987924 0.0 0.0
1.6 4597.36372992 0.0 0.0
1.7 3660.26100967 0.0 0.0
1.8 2952.40125192 0.0 0.0
1.9 2409.27547849 0.0 0.0
2.0 1986.67678214 0.0 0.0
2.1 1653.6951466 0.0 0.0
2.2 1388.32364427 0.0 0.0
2.3 1174.63608032 1177.60575371 1.33067489586
2.4 1000.93466706 4511.33438025 5.9493815955
2.5 858.510413479 7903.64434537 12.0878655484
2.6 740.79870014 9176.66910331 16.1822283443
2.7 642.794640087 10500.7473678 21.2359001198
2.8 560.642222973 11629.4434914 26.8375326948
2.9 491.341591139 10687.2514956 28.0137186012
3.0 432.537815214 14196.2021022 42.0845151529
3.1 382.366672073 12309.9526512 41.1054428167
3.2 339.340801685 13917.7347062 52.1510401952
3.3 302.264807896 14144.0980699 59.2626217669
3.4 270.171336958 13248.9234381 61.8655757882
3.5 242.272518099 14365.6283655 74.5232228376
3.6 217.922763257 13863.8199263 79.6637941246
3.7 196.590042927 13540.0625008 85.9395207393
3.8 177.833541216 13718.8256273 95.924908093
3.9 161.2861509 12988.4582151 99.7980659839
4.0 146.640668771 13692.942063 115.338563761
4.1 133.638840454 12948.7202408 119.297748645
4.2 122.062614524 12776.3083118 128.469580972
4.3 111.727120761 12053.95063 132.013973198
4.4 102.475002224 11719.4373329 139.521127338
4.5 94.1718166098 11371.114818 146.88061077
4.6 86.7022869192 10806.8731616 151.185793361
4.7 79.9672302748 10504.3241557 158.885161444
4.8 73.881031023 10259.2409171 167.502356056
4.9 68.3695527796 9626.25616432 169.382752133
5.0 63.3684061299 9632.2055635 182.384051165
5.1 58.821505779 9096.81074025 185.084009246
5.2 54.6798642789 8566.58497934 187.025086715
5.3 50.9005799125 8869.99995741 207.512864009
5.4 47.4459845468 8136.47048115 203.716122518
5.5 44.2829237857 8015.74214754 214.516301737
5.6 41.3821469386 7870.96444873 224.879821994
5.7 38.7177884602 7496.01856948 228.379111925
5.8 36.2669258369 7479.63087811 242.730182528
5.9 34.0092015742 7127.11534457 246.097153082
6.0 31.9264990974 6843.60562846 251.173613565
6.1 30.0026641383 6736.32169737 262.524669308
6.2 28.2232646058 6455.76248173 266.888202357
6.3 26.5753831122 6435.68463419 281.968730407
6.4 25.0474372821 6118.55060412 283.845400907
6.5 23.6290237612 6064.4084571 297.621245171
6.6 22.3107824959 5833.12655135 302.583947724
6.7 21.084278389 5723.27699293 313.542414962
6.8 19.9418978923 5557.96467863 321.309181335
6.9 18.8767584618 5418.73042668 330.308496728
7.0 17.8826291213 5283.45440092 339.331243674
7.1 16.9538606346 5171.94948191 349.721296714
7.2 16.0853240103 5029.98662496 357.835803712
7.3 15.2723562462 4931.72909273 368.859687829
7.4 14.5107123755 4806.53558417 377.696799275
7.5 13.7965230114 4708.16356113 388.439984296
7.6 13.1262566958 4594.73652905 397.75344804
7.7 12.4966864536 4499.76358653 408.461407298
7.8 11.9048600377 4397.8818461 418.35692785
7.9 11.348073415 4302.27143387 428.631563411
8.0 10.8238471054 4212.8277306 439.329486957
8.1 10.3299050359 4119.49465496 449.411894087
8.2 9.86415561614 4038.7014796 460.665870422
8.3 9.42467477687 3950.42318874 470.865745096
8.4 9.00969074922 3871.73889134 481.992043721
8.5 8.61757038638 3792.24704961 492.818863062
8.6 8.24680685634 3715.90760111 503.841903915
8.7 7.89600855413 3643.04836076 515.133535299
8.8 7.56388910037 3570.9734655 526.330724969
8.9 7.24925830901 3501.90745001 537.762344194
9.0 6.95101402061 3435.94315763 549.47290236
9.1 6.66813470983 3369.00000353 560.817123542
9.2 6.39967278629 3308.19312812 572.981590282
9.3 6.14474851701 3245.91272628 584.695756504
9.4 5.90254450684 3185.7340779 596.573049207
9.5 5.67230068054 3127.00803359 608.507148041
9.6 5.45330971606 3069.45837708 620.449336551
9.7 5.24491288442 3015.79094342 632.969273016
9.8 5.04649625612 2962.77625914 645.430539347
9.9 4.85748723861 2911.50193794 658.071132219
10.0 4.67735141287 2861.53945525 670.810324717
10.1 4.50558964054 2812.76719524 683.628838905
10.2 4.3417354162 2765.80420343 696.690768285
10.3 4.18535244179 2719.40490867 709.697054607
10.4 4.03603240258 2674.78120205 722.968348013
10.5 3.89339292631 2631.09990539 736.299481421
10.6 3.7570757087 2588.13265769 749.629767247
10.7 3.62674479057 2546.93471653 763.274803658
10.8 3.50208497276 2506.46227691 776.943441784
10.9 3.38280035693 2466.82309668 790.671698014
11.0 3.26861300109 2428.29226251 804.55623194
11.1 3.15926167986 2390.68393122 818.548798712
11.2 3.05450074055 2353.80207169 832.590330994
11.3 2.95409904678 2317.81272865 846.745882335
11.4 2.85783900239 2282.84911254 861.076660066
11.5 2.76551564869 2248.50784023 875.442379626
11.6 2.67693582913 2214.81086434 889.854797257
11.7 2.59191741577 2181.90039354 904.377187143
11.8 2.51028859251 2149.70636775 918.990092671
11.9 2.43188719045 2118.12712861 933.657289891
12.0 2.3565600712 2086.99924264 948.3097475
12.1 2.28416255437 2056.61120498 963.08161393
12.2 2.21455788567 2025.55322352 977.30437865
12.3 2.14761674244 1995.86607452 991.943533675
12.4 2.08321677382 1966.97585097 1006.74561151
12.5 2.02124217263 1938.60760178 1021.58206218
12.6 1.96158327689 1910.57721175 1036.35768497
12.7 1.90413619831 1883.11288268 1051.19639184
12.8 1.84880247611 1856.02869646 1065.99919438
12.9 1.79548875399 1829.20563106 1080.69508932
13.0 1.74410647867 1802.37144655 1095.11232677
13.1 1.6945716184 1776.07827557 1109.5756192
13.2 1.6468043999 1750.35570708 1124.11226203
13.3 1.60072906247 1725.1915352 1138.72478989
13.4 1.55627362806 1699.70285481 1152.82509545
13.5 1.51336968602 1675.06990794 1167.19795071
13.6 1.47195219161 1651.28980386 1181.86953138
13.7 1.43195927732 1628.27076442 1196.80193853
13.8 1.39333207594 1605.80027356 1211.8604473
13.9 1.35601455475 1582.98094724 1226.36405467
14.0 1.31995335996 1560.99226586 1241.21072857
14.1 1.28509767072 1539.88080598 1256.47104437
14.2 1.25139906202 1519.21267017 1271.8188686
14.3 1.21881137598 1498.87049221 1287.16412197
14.4 1.18729060081 1479.11342362 1302.73873011
14.5 1.15679475704 1459.65373489 1318.30436779
14.6 1.12728379059 1440.5826637 1333.94846178
14.7 1.098719472 1421.88983548 1349.67087054
14.8 1.07106530172 1403.64022424 1365.54442089
14.9 1.04428642081 1385.68096018 1381.43165653
15.0 1.01834952686 1368.10427181 1397.43130923
15.1 0.993222794743 1350.81974426 1413.46063726
15.2 0.96887580186 1333.88382852 1429.58581947
15.3 0.94527945766 1317.22711977 1445.74119994
15.4 0.922405937114 1300.99010996 1462.09035342
15.5 0.900228617928 1285.00044327 1478.45238373
15.6 0.878722021239 1269.37642158 1494.97083136
15.7 0.857861755597 1253.96861989 1511.48000652
15.8 0.837624464028 1238.91600614 1528.15388364
15.9 0.817987773979 1224.1254309 1544.88971419
16.0 0.798930249991 1209.58710575 1561.68229124
16.1 0.780431348917 1195.29673576 1578.53299282
16.2 0.762471377544 1181.28542454 1595.49096126
16.3 0.745031452471 1167.38795456 1612.33845345
16.4 0.728093462116 1153.29318134 1628.63173384
16.5 0.711640030722 1140.03109741 1645.82409273
16.6 0.69565448424 1127.0092666 1663.105679
16.7 0.680120817999 1114.1996958 1680.44315427
16.8 0.665023666036 1101.68925112 1697.97700636
16.9 0.650348272011 1089.25681638 1715.37479364
17.0 0.636080461604 1077.16389866 1733.05112316
17.1 0.622206616317 1065.2105439 1750.69841011
17.2 0.608713648598 1053.48319416 1768.46257752
17.3 0.595588978215 1041.95624826 1786.31003376
17.4 0.582820509813 1030.65526734 1804.29355747
17.5 0.570396611578 1019.45808565 1822.20608042
17.6 0.558306094963 1008.52509573 1840.3384236
17.7 0.546538195405 997.726949163 1858.46616934
17.8 0.535082553985 987.147673036 1876.75133943
17.9 0.523929199976 976.710184403 1895.0567442
18.0 0.513068534239 966.461379681 1913.47898807
18.1 0.502491313413 956.35292068 1931.9301282
18.2 0.492188634858 946.441125468 1950.53048221
18.3 0.482151922318 936.653678413 1969.13956679
18.4 0.47237291226 927.047987024 1987.8834258
18.5 0.462843640853 917.589139596 2006.69624868
18.6 0.453556431557 908.256955313 2025.53951427
18.7 0.444503883292 899.127686348 2044.59080148
18.8 0.435678859146 890.077474821 2063.57759206
18.9 0.427074475615 881.188689007 2082.69302723
19.0 0.418684092321 872.451630084 2101.92361686
19.1 0.410501302213 863.829592936 2121.18819296
19.2 0.402519922198 855.364772406 2140.59654622
19.3 0.394733984206 846.983581027 2159.9715118
19.4 0.387137726646 838.773983806 2179.54194396
19.5 0.37972558625 830.389702869 2198.40444949
19.6 0.372492190276 822.197300238 2217.50999202
19.7 0.365432349053 814.339966536 2237.26872061
19.8 0.358541048862 806.55871149 2256.99515575
19.9 0.351813445116 798.580867527 2275.91253866
20.0 0.345244855846 790.877802423 2295.34658324
20.1 0.338830755466 783.16214116 2314.47968676
20.2 0.332566768806 775.812969125 2334.43887284
20.3 0.326448665401 768.616127912 2354.61610777
20.4 0.320472354025 761.540846269 2374.92943406
20.5 0.314633877454 754.556123072 2395.28979002
20.6 0.308929407453 747.689997193 2415.79223231
20.7 0.303355239973 740.637048113 2435.44197312
20.8 0.297907790546 733.776089441 2455.46338123
20.9 0.292583589881 727.169483699 2476.09135365
21.0 0.287379279627 720.661033902 2496.81911377
21.1 0.282291608326 713.926980925 2516.51259279
21.2 0.277317427526 707.195434978 2535.93795503
21.3 0.272453688046 700.494550174 2555.18718872
21.4 0.267697436409 694.354423516 2576.22152089
21.5 0.2630458114 688.313972482 2597.39616596
21.6 0.258496040783 682.320214865 2618.51674108
21.7 0.254045438129 676.283809145 2639.23355411
21.8 0.249691399789 670.225639257 2659.61093197
21.9 0.245431401974 664.50039091 2681.06521265
22.0 0.241262997959 658.855559048 2702.61725991
22.1 0.237183815394 653.27056368 2724.18779483
22.2 0.233191553716 647.745292889 2745.77889741
22.3 0.229283981673 642.314678259 2767.54377874
22.4 0.225458934932 636.94884801 2789.36189019
22.5 0.221714313789 631.636327792 2811.18638443
22.6 0.218048080961 626.429372962 2833.25554553
22.7 0.214458259467 621.239931793 2855.17823908
22.8 0.210942930586 616.166600291 2877.40933362
22.9 0.207500231896 611.122803546 2899.55459415
23.0 0.204128355386 606.141067934 2921.76817686
23.1 0.200825545639 601.25635788 2944.22617096
23.2 0.197590098082 596.409257597 2966.6462371
23.3 0.194420357306 591.608539493 2989.07235184
23.4 0.191314715441 586.904230574 3011.76306125
23.5 0.188271610597 582.222320193 3034.34662687
23.6 0.185289525364 577.602044483 3057.02712739
23.7 0.182366985359 573.065555557 3079.92968565
23.8 0.179502557834 568.574111754 3102.85467636
23.9 0.176694850333 564.131146089 3125.82354791
24.0 0.173942509394 559.730188395 3148.80334509
24.1 0.171244219303 555.193206263 3170.77925176
24.2 0.168598700889 550.803221566 3193.34800881
24.3 0.166004710364 546.59442011 3216.74005582
24.4 0.163461038205 542.40135113 3240.00613316
24.5 0.160966508073 538.287555712 3263.52711987
24.6 0.158519975774 534.184751916 3286.89572007
24.7 0.156120328254 530.174893524 3310.61819943
24.8 0.153766482628 526.188203977 3334.26957322
24.9 0.151457385249 522.223887176 3357.84282031
25.0 0.149192010803 518.082040293 3380.03166501
25.1 0.146969361439 514.212703042 3403.75592369
25.2 0.144788465924 510.411923223 3427.71554447
25.3 0.142648378839 506.661223992 3451.79630745
25.4 0.140548179785 502.953143615 3475.95318236
25.5 0.138486972635 499.259127827 3499.99052528
25.6 0.136463884795 495.642553914 3524.3551038
25.7 0.1344780665 492.047052898 3548.6557626
25.8 0.132528690134 488.502423354 3573.10892026
25.9 0.130614949563 484.918304894 3597.05204818
26.0 0.128736059504 481.1305467 3619.23000721
26.1 0.126891254905 477.568792146 3642.84741511
26.2 0.12507979035 474.208360845 3667.77675949
26.3 0.123300939481 470.820786104 3692.28312255
26.4 0.121553994443 467.508766381 3717.16649028
26.5 0.119838265344 464.246236873 3742.2337781
26.6 0.118153079732 460.995270357 3767.18380726
26.7 0.116497782096 457.781728472 3792.22706426
26.8 0.11487173337 454.605777344 3817.36997209
26.9 0.113274310469 451.476381826 3842.69408898
27.0 0.111704905826 448.368653754 3867.99324161
27.1 0.110162926954 445.243891004 3892.92910975
27.2 0.108647796017 442.16363804 3918.03351393
27.3 0.107158949412 439.177746034 3943.76232858
27.4 0.105695837374 436.055583718 3968.0432311
27.5 0.104257923582 433.016714978 3992.84397147
27.6 0.102844684788 430.007974004 4017.69048998
27.7 0.101455610448 427.005270273 4042.35822392
27.8 0.100090202372 424.157291429 4068.26792159
27.9 0.0987479743792 421.223897942 4093.13680754
28.0 0.0974284519714 418.322629939 4118.08221653
28.1 0.0961311720078 415.266603308 4141.24521239
28.2 0.0948556823961 412.409150672 4166.12749274
28.3 0.0936015417901 409.709799165 4192.38455353
28.4 0.0923683192981 407.029068602 4218.62576259
28.5 0.0911555941993 404.400997792 4245.20884381
28.6 0.089962955669 401.754790954 4271.39529281
28.7 0.088790002513 399.171977423 4298.04868552
28.8 0.0876363429086 396.614419694 4324.77213694
28.9 0.0865015941546 394.056321552 4351.28438451
29.0 0.0853853824281 391.549225284 4378.15468282
29.1 0.0842873425492 389.04980499 4404.90708436
29.2 0.0832071177522 386.596703221 4431.98107185
29.3 0.0821443594638 384.154416988 4458.9776235
29.4 0.0810987270878 381.724602681 4485.91418299
29.5 0.0800698877965 379.333653927 4513.10348939
29.6 0.0790575163277 376.952044948 4540.2003186
29.7 0.0780612947883 374.611576789 4567.58991584
29.8 0.0770809124628 372.292947401 4595.04583479
29.9 0.0761160656284 369.948726682 4621.97881442
30.0 0.0751664573745 367.517337386 4647.59189957
30.1 0.0742317974283 365.267074904 4675.27225034
30.2 0.0733118019848 363.00149325 4702.55208549
30.3 0.0724061935416 360.811725925 4730.61260419
30.4 0.0715147007396 358.615881439 4758.39649612
30.5 0.0706370582065 356.427368151 4786.07456689
30.6 0.069773006406 354.29182338 4814.26406183
30.7 0.0689222914913 352.149885819 4842.16801776
30.8 0.0680846651619 350.030211214 4870.17571718
30.9 0.0672598845252 347.959458812 4898.66710025
31.0 0.0664477119614 345.800269312 4925.70360906
31.1 0.0656479149931 343.692476436 4953.24987821
31.2 0.0648602661575 341.654052747 4981.5873861
31.3 0.0640845428827 339.631066019 5009.94956147
31.4 0.0633205273676 337.646541025 5038.68173749
31.5 0.0625680064645 335.652595539 5067.07485517
31.6 0.0618267715657 333.701125326 5095.9103742
31.7 0.0610966184925 331.7572279 5124.66540791
31.8 0.060377347388 329.834088371 5153.54394313
31.9 0.0596687626121 327.925053623 5182.4459069
32.0 0.0589706726396 326.023877108 5211.27305025
32.1 0.0582828899617 324.170197738 5240.6644503
32.2 0.0576052309888 322.297075301 5269.54574234
32.3 0.0569375159576 320.454002511 5298.71860533
32.4 0.0562795688393 318.642658815 5328.22191306
32.5 0.0556312172509 316.828081876 5357.47642214
32.6 0.0549922923689 315.037609442 5386.94189995
32.7 0.054362628845 313.149017898 5414.51294246
32.8 0.0537420647246 311.352431358 5443.45095299
32.9 0.0531304413667 309.604806823 5473.04229507
33.0 0.0525276033664 307.867551248 5502.61995932
33.1 0.0519333984794 306.054908851 5530.63460902
33.2 0.0513476775487 304.302407174 5559.51148427
33.3 0.0507702944322 302.635740164 5589.75512645
33.4 0.0502011059339 300.947691965 5619.40963143
33.5 0.0496399717352 299.299767232 5649.6172809
33.6 0.0490867543291 297.660125497 5679.78945982
33.7 0.0485413189555 296.031480767 5709.97803606
33.8 0.0480035335387 294.319777412 5738.35045822
33.9 0.0474732686257 292.687113214 5768.04321719
34.0 0.0469503973271 291.101122664 5798.45577603
34.1 0.0464347952588 289.53115545 5828.99522096
34.2 0.0459263404852 287.97164557 5859.55308452
34.3 0.0454249134644 286.423352492 5890.14626606
34.4 0.0449303969941 284.898561069 5921.03191931
34.5 0.0444426761593 283.242615511 5948.97181317
34.6 0.0439616382813 281.738390625 5979.87723388
34.7 0.0434871728676 280.235343289 6010.6148655
34.8 0.0430191715637 278.750180503 6041.54219223
34.9 0.0425575281056 277.293523863 6072.89855781
35.0 0.0421021382736 275.830562954 6103.92778369
35.1 0.0416528998472 274.385026429 6135.15077725
35.2 0.0412097125614 272.952411538 6166.4725713
35.3 0.0407724780638 271.449461668 6195.99652148
35.4 0.0403410998728 269.994008833 6226.38496048
35.5 0.0399154833368 268.593066412 6257.82939545
35.6 0.0394955355947 267.202316628 6289.32028406
35.7 0.0390811655369 265.827128497 6320.98739787
35.8 0.0386722837675 264.466372551 6352.80968571
35.9 0.0382688025676 263.115173104 6384.67421298
36.0 0.0378706358592 261.673038298 6414.11961701
36.1 0.0374776991697 260.214332989 6442.9143406
36.2 0.0370899095983 258.861859866 6474.11155148
36.3 0.0367071857819 257.433018504 6503.17285685
36.4 0.0363294478629 256.132589378 6535.25988513
36.5 0.0359566174569 254.848722054 6567.58281993
36.6 0.035588617622 253.570019343 6599.8527149
36.7 0.0352253728281 252.279893202 6631.63250696
36.8 0.0348668089273 250.919094209 6661.33527495
36.9 0.0345128531252 249.672818924 6693.865377
37.0 0.0341634339523 248.437013303 6726.49088314
37.1 0.0338184812364 247.211624988 6759.21376061
37.2 0.0334779260758 245.943227592 6790.56232959
37.3 0.0331417008131 244.657649771 6821.21689351
37.4 0.032809739009 243.467360516 6854.32453732
37.5 0.0324819754177 242.192264799 6884.83870526
37.6 0.032158345962 240.980422546 6916.93410984
37.7 0.0318387877094 239.805498079 6949.89490467
37.8 0.031523238849 238.610772285 6982.08738193
37.9 0.0312116386682 237.436849421 7014.68951688
38.0 0.0309039275305 236.290413988 7047.91339668
38.1 0.0306000468538 235.152487893 7081.20617831
38.2 0.0302999390888 234.032267562 7114.84999184
38.3 0.0300035476984 232.902835994 7148.02933841
38.4 0.0297108171372 231.795200709 7181.69214033
38.5 0.0294216928316 230.693388189 7215.35320831
38.6 0.0291361211603 229.596346109 7248.97977746
38.7 0.0288540494352 228.510390922 7282.77271241
38.8 0.0285754258832 227.432917994 7316.65348369
38.9 0.0283001996275 226.324104611 7349.3319488
39.0 0.0280283206699 225.244899749 7382.77256167
39.1 0.0277597398739 224.19336688 7416.93355704
39.2 0.0274944089472 223.140595375 7450.87042446
39.3 0.0272322804253 222.000748251 7481.68460159
39.4 0.026973307655 220.971237527 7516.00452919
39.5 0.0267174447792 219.940334604 7550.09364965
39.6 0.0264646467205 218.930337953 7584.71859433
39.7 0.0262148691664 217.912720911 7618.89736154
39.8 0.0259680685546 216.914993211 7653.58876094
39.9 0.0257242020583 215.925249048 7688.38354468
40.0 0.0254832275719 214.930802448 7722.82917651
40.1 0.0252451036971 213.952997626 7757.69048552
40.2 0.0250097897295 212.973015764 7792.29083226
40.3 0.024777245645 212.015238116 7827.52374034
40.4 0.0245474320872 211.048807053 7862.25738306
40.5 0.024320310354 210.097616261 7897.37679401
40.6 0.0240958423858 209.141084308 7932.11235562
40.7 0.0238739907528 208.164449789 7965.88932912
40.8 0.0236547186434 207.226425203 8000.94946209
40.9 0.0234379898524 206.263117103 8034.83910724
41.0 0.0232237687694 205.286787341 8068.00944802
41.1 0.0230120203678 204.366785711 8103.19197079
41.2 0.0228027101939 203.470325819 8139.129804
41.3 0.0225958043558 202.562793757 8174.44668621
41.4 0.0223912695134 201.675135145 8210.38636967
41.5 0.0221890728677 200.781829831 8245.91775713
41.6 0.0219891821511 199.89644114 8281.59241194
41.7 0.0217915656173 199.025487749 8317.68705583
41.8 0.0215961920315 198.112145688 8351.81766894
41.9 0.0214030306615 197.231571782 8387.1293141
42.0 0.0212120512679 196.315147581 8420.71046536
42.1 0.0210232240953 195.452555557 8456.39695419
42.2 0.0208365198635 194.611646751 8492.84160792
42.3 0.0206519097586 193.770675287 8529.10746261
42.4 0.0204693654246 192.93465245 8565.4127679
42.5 0.0202888589551 192.103169712 8601.74070598
42.6 0.0201103628851 191.286810279 8638.5702646
42.7 0.019933850183 190.456350595 8674.58375797
42.8 0.0197592942426 189.586076734 8708.57950237
42.9 0.019586668876 188.779629388 8745.3078052
43.0 0.0194159483052 187.973041873 8781.85097905
43.1 0.0192471071557 187.18421841 8819.04829816
43.2 0.0190801204483 186.384724111 8855.5658356
43.3 0.018914963593 185.611372583 8893.15058372
43.4 0.0187516123813 184.816730866 8929.53825316
43.5 0.0185900429797 183.994228047 8964.3788447
43.6 0.0184302319233 183.194452035 9000.11944382
43.7 0.0182721561088 182.428239174 9037.32046009
43.8 0.0181157927885 181.633933701 9072.9393932
43.9 0.0179611195637 180.832527117 9107.99450744
44.0 0.017808114379 180.075506605 9145.08741027
44.1 0.0176567555159 179.332907145 9182.73536365
44.2 0.0175070215869 178.593378102 9220.36661962
44.3 0.01735889153 177.857433509 9258.00790613
44.4 0.0172123446029 177.125166419 9295.66475864
44.5 0.0170673603773 176.400401097 9333.54032482
44.6 0.0169239187337 175.679357127 9371.43874136
44.7 0.0167819998558 174.90557221 9406.32444808
44.8 0.0166415842255 174.169159937 9443.00996404
44.9 0.0165026526177 173.465326417 9481.27832394
45.0 0.0163651860949 172.758182065 9519.19120632
45.1 0.0162291660031 172.060075369 9557.4262578
45.2 0.0160945739659 171.330422602 9593.71923514
45.3 0.0159613918807 170.635709203 9631.77647046
45.4 0.0158296019134 169.952160099 9670.28858599
45.5 0.0156991864941 169.268694854 9708.63145752
45.6 0.0155701283126 168.552245956 9744.88958611
45.7 0.0154424103141 167.857849248 9782.22078149
45.8 0.0153160156946 167.189101151 9820.86289468
45.9 0.0151909278969 166.524988811 9859.60375731
46.0 0.0150671306063 165.843229549 9897.11634016
46.1 0.0149446077467 165.130269477 9932.55660596
46.2 0.0148233434767 164.452459113 9969.89864579
46.3 0.0147033221851 163.760423257 10006.1716697
46.4 0.0145845284879 163.119159417 10045.353959
46.5 0.0144669472237 162.480996534 10084.5562566
46.6 0.0143505634507 161.842369717 10123.5563921
46.7 0.0142353624425 161.20679435 10162.5716003
46.8 0.0141213296849 160.588293149 10202.4935477
46.9 0.0140084508724 159.958080212 10241.5007756
47.0 0.0138967119044 159.340678996 10281.1545529
47.1 0.0137860988823 158.72938152 10321.034195
47.2 0.0136765981059 158.111143034 10360.2905067
47.3 0.0135681960702 157.500980522 10399.9009421
47.4 0.0134608794622 156.900338174 10439.9702218
47.5 0.013354635158 156.297364869 10479.7146847
47.6 0.0132494502194 155.699963129 10519.6610813
47.7 0.0131453118909 155.102381825 10559.4228876
47.8 0.0130422075972 154.478650389 10597.2146513
47.9 0.0129401249397 153.757013932 10628.0319129
48.0 0.0128390516941 153.170089484 10667.917729
48.1 0.0127389758071 152.589779144 10708.0914536
48.2 0.0126398853943 152.017343961 10748.6491976
48.3 0.012541768737 151.444103851 10788.9816466
48.4 0.0124446142798 150.871015772 10829.1526859
48.5 0.0123484106277 150.300991464 10869.369597
48.6 0.0122531465439 149.672452472 10905.147204
48.7 0.0121588109472 149.123864627 10946.5503588
48.8 0.0120653929094 148.563484042 10986.9217034
48.9 0.0119728816528 148.007664086 11027.4567489
49.0 0.0118812665482 147.460764501 11068.4868045
49.1 0.0117905371121 146.916327401 11109.5349552
49.2 0.011700683005 146.372081279 11150.428859
49.3 0.0116116940283 145.831999316 11191.4703092
49.4 0.011523560123 145.29604495 11232.6600984
49.5 0.0114362713667 144.7571487 11273.4512798
49.6 0.0113498179723 144.232393669 11315.1755635
49.7 0.0112641902851 143.7030429 11356.373183
49.8 0.0111793787811 143.174068674 11397.4286204
49.9 0.0110953740653 142.592622509 11434.1013413
50.0 0.0110121668689 142.076221567 11475.7879443
50.1 0.0109297480482 141.557747189 11517.1384434
50.2 0.0108481085821 141.047651861 11559.0023952
50.3 0.0107672395705 140.540615426 11600.9521834
50.4 0.0106871322323 140.027548029 11642.2341978
50.5 0.0106077779035 139.45220808 11678.1244164
50.6 0.0105291680358 138.904434975 11716.0843129
50.7 0.0104512941944 138.41171605 11758.4951808
50.8 0.0103741480565 137.913946054 11800.3111921
50.9 0.0102977214094 137.374258246 11838.3427663
51.0 0.0102220061491 136.874241928 11879.5903829
51.1 0.0101469942785 136.384619704 11921.5648218
51.2 0.0100726779058 135.89970809 11963.7817619
51.3 0.00999904924287 135.42164337 12006.4361352
51.4 0.00992610060376 134.937112082 12048.3488345
51.5 0.00985382440315 134.465706748 12091.2661335
51.6 0.0097822131548 133.956708157 12130.6167939
51.7 0.00971125947012 133.463858552 12171.226597
51.8 0.00964095605667 132.993298181 12213.6869498
51.9 0.00957129571675 132.52412528 12256.1045028
52.0 0.00950227134598 132.070724327 12299.8183352
52.1 0.00943387593191 131.606719482 12342.3824406
52.2 0.00936610255267 131.147741555 12385.2489932
52.3 0.00929894437562 130.688920123 12427.961523
52.4 0.00923239465604 130.242716257 12471.7103716
52.5 0.0091664467358 129.790776346 12514.747786
52.6 0.00910109404216 129.339725354 12557.7023716
52.7 0.00903633008643 128.896224887 12601.2239846
52.8 0.0089721484628 128.453855373 12644.6927898
52.9 0.00890854284709 128.010815709 12687.9294311
53.0 0.00884550699558 127.577271565 12731.9439049
53.1 0.00878303474385 127.126246096 12774.041844
53.2 0.00872112000557 126.652819625 12813.6863135
53.3 0.00865975677143 126.22319957 12857.5716594
53.4 0.00859893910798 125.794446212 12901.3818818
53.5 0.00853866115657 125.357953284 12944.2270322
53.6 0.00847891713222 124.908951504 12985.5918802
53.7 0.0084197013226 124.489710527 13029.870943
53.8 0.00836100808699 124.064627108 13073.372485
53.9 0.00830283185521 123.652413438 13118.0661005
54.0 0.00824516712663 123.236762657 13162.2346626
54.1 0.00818800846919 122.820224611 13206.1419048
54.2 0.00813135051842 122.359971557 13245.1468432
54.3 0.00807518797642 121.901324693 13284.0899145
54.4 0.00801951561101 121.493331554 13328.3517959
54.5 0.00796432825471 121.089878466 13372.9477134
54.6 0.00790962080387 120.687601581 13417.510681
54.7 0.00785538821775 120.254833173 13458.4961546
54.8 0.00780162551762 119.841275695 13501.4325363
54.9 0.00774832778594 119.441002829 13545.6874766
55.0 0.00769549016542 119.050816888 13590.9227071
55.1 0.00764310785822 118.60588434 13629.7076281
55.2 0.00759117612514 118.215223419 13674.5253132
55.3 0.00753969028472 117.829048625 13719.6994541
55.4 0.00748864571253 117.441711253 13764.575324
55.5 0.00743803784028 117.061801696 13810.160718
55.6 0.00738786215513 116.675034623 13854.7735515
55.7 0.00733811419883 116.274556428 13897.5757504
55.8 0.00728878956705 115.880084243 13940.9042515
55.9 0.00723988390856 115.504637751 13986.3465552
56.0 0.00719139292454 115.130063254 14031.7320012
56.1 0.00714331236783 114.75972573 14077.4725118
56.2 0.00709563804224 114.389781349 14123.100689
56.3 0.00704836580185 114.021041004 14168.7153396
56.4 0.00700149155029 113.651100854 14214.0158122
56.5 0.00695501124011 113.277975532 14258.7463843
56.6 0.00690892087204 112.877667961 14299.8563112
56.7 0.00686321649442 112.518740269 14346.0177899
56.8 0.00681789420248 112.146756792 14390.3440462
56.9 0.00677295013773 111.751947582 14431.5383453
57.0 0.00672838048735 111.398586971 14477.8945189
57.1 0.00668418148352 111.043530896 14523.869422
57.2 0.00664034940285 110.694478069 14570.4693411
57.3 0.0065968805658 110.344154872 14616.7429824
57.4 0.00655377133601 109.995690954 14663.1015243
57.5 0.00651101811982 109.648574099 14709.4781197
57.6 0.0064686173656 109.304874166 14756.1527911
57.7 0.00642656556326 108.961176008 14802.6674862
57.8 0.00638485924366 108.618199362 14849.1177935
57.9 0.00634349497805 108.280380266 14896.1130158
58.0 0.00630246937756 107.942494505 14942.9404884
58.1 0.00626177909266 107.606902763 14989.9261039
58.2 0.00622142081263 107.271780131 15036.8172617
58.3 0.00618139126504 106.935755832 15083.4190616
58.4 0.00614168721526 106.607583456 15130.9687402
58.5 0.00610230546594 106.278268442 15178.1997454
58.6 0.00606324285654 105.90190243 15218.5090894
58.7 0.00602449626281 105.578721916 15266.261873
58.8 0.00598606259637 105.21483857 15307.9377273
58.9 0.00594793880417 104.842045668 15348.0783075
59.0 0.00591012186807 104.521328139 15395.6390977
59.1 0.00587260880437 104.202440682 15443.3120495
59.2 0.00583539666337 103.888745153 15491.6007557
59.3 0.0057984825289 103.566272807 15538.4209907
59.4 0.00576186351791 103.250863707 15586.136973
59.5 0.00572553678005 102.937025649 15633.9313576
59.6 0.00568949949718 102.626754704 15682.1108216
59.7 0.00565374888303 102.315022923 15729.9096418
59.8 0.00561828218275 102.004706802 15777.7659634
59.9 0.0055830966725 101.697931703 15826.0118201
60.0 0.00554818965906 101.390935661 15874.0655648
60.1 0.00551355847944 101.085212298 15922.159161
60.2 0.00547920050047 100.78090144 15970.3157201
60.3 0.00544511311846 100.478558424 16018.6251504
60.4 0.00541129375876 100.179190359 16067.2519771
60.5 0.00537773987545 99.8795703904 16115.6814988
60.6 0.00534444895092 99.5781946337 16163.666229
60.7 0.00531141849556 99.2883379485 16213.3661069
60.8 0.00527864604736 98.9881182446 16261.217593
60.9 0.00524612917159 98.6957418151 16310.1962962
61.0 0.00521386546042 98.3796949695 16355.0837648
61.1 0.00518185253263 98.0286050802 16393.905071
61.2 0.00515008803321 97.7344037397 16442.0184099
61.3 0.00511856963309 97.4502042501 16491.6563399
61.4 0.00508729502876 97.1623770742 16540.5260841
61.5 0.005056261942 96.8767806992 16589.6173419
61.6 0.00502546811951 96.5924507455 16638.7681541
61.7 0.00499491133264 96.3099191966 16688.0719654
61.8 0.00496458937705 95.9523906949 16724.1465458
61.9 0.00493450007244 95.6660318412 16772.3847389
62.0 0.0049046412622 95.3543833378 16815.9921043
62.1 0.00487501081317 95.0363161941 16858.2349586
62.2 0.00484560661531 94.706723686 16898.1791152
62.3 0.00481642658143 94.4370262768 16948.6032153
62.4 0.0047874686469 94.1624169283 16997.9934615
62.5 0.00475873076936 93.8896275465 17047.5541732
62.6 0.00473021092847 93.6193652488 17097.4176957
62.7 0.00470190712563 93.3494337842 17147.1860983
62.8 0.00467381738369 93.0636988834 17193.8770418
62.9 0.0046459397467 92.769783598 17238.8538
63.0 0.00461827227968 92.5095757846 17289.9160248
63.1 0.0045908130683 92.2433203737 17339.6968889
63.2 0.00456356021868 91.9720341139 17388.366521
63.3 0.00453651185713 91.6771738737 17432.3799963
63.4 0.00450966612986 91.4152907331 17482.4723855
63.5 0.00448302120282 91.1541724602 17532.5536089
63.6 0.00445657526137 90.8965637054 17583.1546169
63.7 0.0044303265101 90.6281438792 17631.4985126
63.8 0.00440427317259 90.3446306237 17676.708914
63.9 0.00437841349117 90.0882461255 17727.0409158
64.0 0.00435274572668 89.83400168 17777.6377084
64.1 0.00432726815829 89.5818227973 17828.4892011
64.2 0.00430197908323 89.3239619359 17878.0492658
64.3 0.00427687681658 89.0454289249 17923.2788641
64.4 0.00425195969111 88.7780753435 17970.5522713
64.5 0.00422722605699 88.5088245077 18017.2430442
64.6 0.00420267428163 88.252979002 18066.4745809
64.7 0.00417830274946 87.9802159858 18112.0480905
64.8 0.00415410986173 87.7312664914 18162.3345119
64.9 0.00413009403631 87.451887891 18206.1215858
65.0 0.00410625370748 87.2100113195 18257.5217832
65.1 0.00408258732576 86.9658253418 18308.28277
65.2 0.00405909335768 86.7268303065 18359.9818098
65.3 0.00403577028562 86.4883095306 18411.6307599
65.4 0.00401261660763 86.246329131 18462.3868147
65.5 0.00398963083719 86.0000257493 18512.0493876
65.6 0.00396681150312 85.7414410768 18558.87794
65.7 0.00394415714929 85.5057201922 18610.4751245
65.8 0.00392166633454 85.2740622908 18662.8061998
65.9 0.00389933763243 85.0380304438 18714.0268378
66.0 0.00387716963114 84.769714544 18757.9427794
66.1 0.00385516093321 84.5430794844 18810.89074
66.2 0.00383331015546 84.309368963 18862.112916
66.3 0.00381161592876 84.0800278662 18914.1554939
66.4 0.0037900768979 83.8422685083 18964.1398155
66.5 0.00376869172142 83.5912637921 19010.9344198
66.6 0.00374745907144 83.3647657995 19063.120202
66.7 0.00372637763352 83.1359437495 19114.6173456
66.8 0.00370544610647 82.9170830784 19168.2548347
66.9 0.00368466320226 82.6832279 19218.2673365
67.0 0.0036640276458 82.3994838577 19256.4410792
67.1 0.00364353817483 82.1534457326 19303.1653939
67.2 0.00362319353975 81.8792963885 19343.0325742
67.3 0.00360299250351 81.6306675733 19388.6705531
67.4 0.00358293384141 81.3888794981 19435.7137397
67.5 0.00356301634102 81.152850462 19483.9261246
67.6 0.00354323880199 80.9376356551 19536.9614664
67.7 0.00352360003594 80.715697131 19588.2153251
67.8 0.00350409886631 80.4744726492 19634.5941227
67.9 0.00348473412824 80.2412606569 19682.7158959
68.0 0.0034655046684 79.9987456905 19728.3394017
68.1 0.00344640934493 79.749944649 19772.1732189
68.2 0.00342744702722 79.4996417319 19815.3821113
68.3 0.00340861659586 79.252516659 19859.1298953
68.4 0.00338991694246 79.0368528615 19910.551431
68.5 0.00337134696955 78.8323520261 19964.6296724
68.6 0.00335290559047 78.6220627329 20017.0914744
68.7 0.00333459172921 78.3938346111 20064.8013262
68.8 0.00331640432032 78.170140634 20113.4663883
68.9 0.00329834230879 77.9068140463 20151.6782313
69.0 0.0032804046499 77.6839684524 20200.1038688
69.1 0.00326259030917 77.4684055547 20250.228563
69.2 0.00324489826216 77.2546169477 20300.6323639
69.3 0.00322732749445 77.0336243033 20348.9485074
69.4 0.00320987700143 76.8329586711 20402.4552988
69.5 0.0031925457883 76.607902282 20449.2983436
69.6 0.00317533286985 76.3873212037 20497.118881
69.7 0.00315823727043 76.1718789729 20546.112095
69.8 0.00314125802383 75.9625672334 20596.566
69.9 0.00312439417316 75.7473170511 20645.2146587
70.0 0.00310764477073 75.529937572 20693.0740079
70.1 0.00309100887799 75.3178233149 20742.1688669
70.2 0.00307448556543 75.0993115173 20789.2907243
70.3 0.00305807391241 74.9085421198 20843.9092983
70.4 0.00304177300717 74.7151325057 20897.6438637
70.5 0.00302558194662 74.5120964277 20948.5166982
70.6 0.00300949983635 74.3030493743 20997.5054307
70.7 0.00299352579046 74.0907634276 21045.3688528
70.8 0.00297765893148 73.8918689435 21096.8384228
70.9 0.00296189839032 73.7079788088 21152.4333858
71.0 0.00294624330613 73.520786433 21206.9371747
71.1 0.00293069282624 73.3319158626 21260.8039178
71.2 0.00291524610603 73.1511309475 21316.8692692
71.3 0.00289990230892 72.9620189674 21370.3599102
71.4 0.0028846606062 72.7789708796 21425.4730271
71.5 0.00286952017698 72.5988795616 21481.3143221
71.6 0.00285448020813 72.3852488992 21527.0412522
71.7 0.00283953989416 72.2053141512 21582.5967748
71.8 0.00282469843713 72.0217452128 21636.9167193
71.9 0.00280995504662 71.845429322 21693.2697388
72.0 0.00279530893959 71.6620349868 21747.3377158
72.1 0.00278075934034 71.4858405493 21803.4410017
72.2 0.00276630548042 71.3059879275 21858.2821945
72.3 0.00275194659855 71.130133868 21914.2012265
72.4 0.00273768194054 70.9520641246 21969.2904048
72.5 0.00272351075923 70.7765392995 22025.0187775
72.6 0.00270943231439 70.5996004972 22080.1579941
72.7 0.00269544587266 70.425946793 22136.1763343
72.8 0.00268155070749 70.2531358693 22192.3156746
72.9 0.00266774609905 70.0778544558 22247.5260798
73.0 0.00265403133415 69.8963905708 22300.6094368
73.1 0.00264040570621 69.6961950665 22347.5103767
73.2 0.00262686851512 69.5049691435 22397.0633866
73.3 0.00261341906727 69.3338646126 22452.9203656
73.4 0.00260005667538 69.1645869089 22509.222023
73.5 0.0025867806585 68.9668746427 22556.077935
73.6 0.00257359034192 68.7731225437 22603.9953531
73.7 0.0025604850571 68.5988500346 22658.1170683
73.8 0.00254746414162 68.4329155539 22714.8376294
73.9 0.00253452693911 68.2590734489 22768.7768238
74.0 0.00252167279918 68.0598108786 22814.0232911
74.1 0.00250890107736 67.8474501263 22854.600038
74.2 0.00249621113505 67.6858927103 22912.0705222
74.3 0.00248360233944 67.5052657334 22962.9164237
74.4 0.00247107406347 67.3309188524 23015.7057873
74.5 0.00245862568573 67.1673402067 23072.0094473
74.6 0.00244625659047 66.9809852016 23120.3005245
74.7 0.00243396616749 66.8159645489 23175.762241
74.8 0.00242175381207 66.6559850907 23232.8212681
74.9 0.00240961892496 66.4793443403 23283.9000197
75.0 0.00239756091232 66.3072876483 23336.3886612
75.1 0.00238557918559 66.1376137669 23389.5298888
75.2 0.00237367316155 65.9412241463 23432.9932034
75.3 0.00236184226217 65.7819584292 23489.4345618
75.4 0.0023500859146 65.5794798781 23530.2181407
75.5 0.00233840355113 65.391643692 23575.9764155
75.6 0.00232679460908 65.2224528595 23628.2330215
75.7 0.00231525853081 65.0643330428 23684.3257082
75.8 0.00230379476365 64.9124108131 23742.5278086
75.9 0.00229240275982 64.7574000464 23799.4571054
76.0 0.00228108197643 64.5820919825 23848.7405441
76.1 0.00226983187539 64.3830643405 23888.99873
76.2 0.00225865192336 64.2260532213 23944.6107158
76.3 0.00224754159174 64.0750159682 24002.2964772
76.4 0.0022365003566 63.905650186 24052.9389743
76.5 0.00222552769862 63.7457602584 24106.9526396
76.6 0.00221462310304 63.5977458798 24165.2980948
76.7 0.00220378605967 63.4479487035 24222.8230644
76.8 0.00219301606276 63.2990993344 24280.5633743
76.9 0.00218231261102 63.1514736859 24338.6285731
77.0 0.00217167520756 63.0049537097 24396.9776983
77.1 0.00216110335982 62.8573462008 24454.7616188
77.2 0.00215059657955 62.6984720756 24507.9935679
77.3 0.00214015438277 62.5487974226 24564.6469769
77.4 0.00212977628972 62.4019845136 24622.2699613
77.5 0.00211946182481 62.2508130955 24678.0141258
77.6 0.00210921051658 62.0948868091 24731.6953382
77.7 0.00209902189769 61.9520803184 24790.4375771
77.8 0.00208889550481 61.8065633423 24847.9482027
77.9 0.00207883087868 61.6399553497 24896.7860262
78.0 0.00206882756396 61.4699307421 24944.001937
78.1 0.00205888510928 61.2741079484 24980.4495856
78.2 0.00204900306714 61.1116335173 25030.2049803
78.3 0.00203918099393 60.9635883319 25085.6707609
78.4 0.00202941844981 60.8138437658 25140.2598125
78.5 0.00201971499877 60.6539453299 25190.4490545
78.6 0.00201007020851 60.5096041218 25246.9054574
78.7 0.00200048365046 60.3526745558 25297.919092
78.8 0.00199095489969 60.2093668033 25354.4520636
78.9 0.00198148353494 60.0741574465 25414.2448696
79.0 0.00197206913852 59.9359368833 25472.6213422
79.1 0.00196271129633 59.802726416 25532.9867046
79.2 0.00195340959776 59.6649060238 25591.2423777
79.3 0.00194416363573 59.5289596079 25650.1531426
79.4 0.00193497300661 59.3960891855 25710.2485119
79.5 0.00192583731019 59.2267390241 25754.3443657
79.6 0.00191675614966 59.0782850745 25807.2848855
79.7 0.00190772913155 58.9097272053 25851.2006355
79.8 0.00189875586575 58.7666398143 25906.0592661
79.9 0.00188983596542 58.6155656982 25957.1955928
80.0 0.00188096904699 58.4500003724 26001.6657433
80.1 0.00187215473014 58.2925369922 26049.4759233
80.2 0.0018633926377 58.1451635392 26101.5653389
80.3 0.00185468239574 58.0002581756 26154.5562565
80.4 0.0018460236334 57.8639055502 26211.217859
80.5 0.00183741598298 57.7330838479 26270.2255745
80.6 0.00182885907983 57.5830981452 26320.3238906
80.7 0.00182035256236 57.4437497213 26375.0755537
80.8 0.00181189607199 57.2922909274 26424.0527825
80.9 0.00180348925316 57.1598407753 26481.5952723
81.0 0.00179513175323 57.0332398699 26541.6954532
81.1 0.00178682322254 56.9087217531 26602.6273974
81.2 0.00177856331428 56.7805208119 26661.6951177
81.3 0.00177035168458 56.6468106264 26718.0121741
81.4 0.00176218799238 56.5109563268 26773.1361552
81.5 0.00175407189946 56.3852226959 26832.888114
81.6 0.00174600307038 56.2597109874 26892.5988154
81.7 0.0017379811725 56.1373830477 26953.6899602
81.8 0.0017300058759 56.0108415725 27012.6126109
81.9 0.00172207685339 55.8516973748 27055.5856743
82.0 0.00171419378046 55.7252964758 27114.1923032
82.1 0.0017063563353 55.5709673292 27158.9901137
82.2 0.00169856419869 55.4347424822 27212.3928537
82.3 0.00169081705408 55.3120281124 27272.2509676
82.4 0.00168311458748 55.1948845065 27334.718602
82.5 0.00167545648748 55.0563211249 27386.4047
82.6 0.00166784244521 54.878061346 27418.0353864
82.7 0.00166027215432 54.7410487715 27469.9654619
82.8 0.00165274531096 54.5871269143 27513.1527422
82.9 0.00164526161376 54.4585071853 27568.8517625
83.0 0.00163782076379 54.3416315367 27630.334888
83.1 0.00163042246456 54.2015298143 27679.8199498
83.2 0.00162306642196 54.0864188139 27741.8807904
83.3 0.00161575234429 53.9671751296 27801.6800445
83.4 0.00160847994219 53.8318309282 27852.9958919
83.5 0.00160124892866 53.7144785363 27913.4341197
83.6 0.001594059019 53.6009191615 27975.7040014
83.7 0.00158690993081 53.4851485991 28036.6822257
83.8 0.00157980138397 53.371056789 28098.3999483
83.9 0.00157273310061 53.2574823124 28160.2528247
84.0 0.00156570480508 53.1411614762 28220.5095236
84.1 0.00155871622396 52.987259143 28260.5702039
84.2 0.00155176708601 52.87242765 28321.2321367
84.3 0.00154485712217 52.7633298573 28384.8296158
84.4 0.00153798606554 52.6490382587 28445.4968303
84.5 0.00153115365131 52.5251613549 28500.8130031
84.6 0.00152435961684 52.4042047356 28557.5241366
84.7 0.00151760370154 52.276182775 28610.1837596
84.8 0.00151088564691 52.1337713233 28654.7145393
84.9 0.00150420519651 51.9613652836 28682.398752
85.0 0.00149756209593 51.8432282295 28739.7335333
85.1 0.00149095609276 51.7157579746 28791.6926392
85.2 0.00148438693663 51.6027610321 28851.5180162
85.3 0.00147785437911 51.492274631 28912.5941504
85.4 0.00147135817376 51.3415753749 28950.8461293
85.5 0.00146489807607 51.1956116083 28991.4363219
85.6 0.00145847384347 51.058130612 29036.5273803
85.7 0.0014520852353 50.9420378007 29093.5486725
85.8 0.00144573201277 50.8234228342 29148.9399321
85.9 0.001439413939 50.6899062266 29195.5507661
86.0 0.00143313077895 50.5773007853 29253.9844474
86.1 0.00142688229942 50.4530454776 29305.479131
86.2 0.00142066826904 50.3172699828 29350.0229319
86.3 0.00141448845825 50.158291287 29380.6853163
86.4 0.00140834263929 50.0372460557 29433.2544032
86.5 0.00140223058617 49.9163289842 29485.6773191
86.6 0.00139615207466 49.7888246929 29533.9695332
86.7 0.00139010688227 49.6812680306 29593.8859507
86.8 0.00138409478826 49.5402331208 29633.6159602
86.9 0.00137811557359 49.4023360967 29674.9007075
87.0 0.00137216902092 49.2824353031 29726.7237636
87.1 0.00136625491459 49.1816748126 29789.9117473
87.2 0.00136037304061 49.0678049607 29844.9922627
87.3 0.00135452318667 48.9088316712 29872.3227729
87.4 0.00134870514206 48.7967399165 29927.9733496
87.5 0.00134291869772 48.6789198793 29979.8990212
87.6 0.0013371636462 48.5575488695 30029.4004435
87.7 0.00133143978163 48.4207943018 30069.1002709
87.8 0.00132574689974 48.3112489017 30125.4371301
87.9 0.00132008479782 48.2086592625 30185.9376003
88.0 0.00131445327472 48.1069014297 30246.8034889
88.1 0.00130885213083 47.9804705433 30291.9373752
88.2 0.00130328116805 47.8461508958 30331.7850493
88.3 0.00129774018984 47.7169625178 30374.5704048
88.4 0.0012922290011 47.621737796 30438.7603579
88.5 0.00128674740826 47.5252085022 30501.985024
88.6 0.00128129521922 47.4279940549 30564.6317171
88.7 0.00127587224332 47.3178070414 30618.7423926
88.8 0.00127047829137 47.2191330971 30680.1215095
88.9 0.00126511317562 47.1248007846 30744.1803855
89.0 0.00125977670972 47.0219646465 30802.5374843
89.1 0.00125446870876 46.8958587261 30845.410791
89.2 0.00124918898919 46.7890058674 30900.6944118
89.3 0.0012439373689 46.6860081919 30958.3308826
89.4 0.00123871366711 46.5743503204 31010.0166011
89.5 0.00123351770443 46.4436493858 31048.7382408
89.6 0.00122834930281 46.3284755184 31097.5435468
89.7 0.00122320828553 46.2177068513 31149.0611898
89.8 0.00121809447722 46.0957504582 31192.7735199
89.9 0.00121300770382 45.9951473512 31250.6960954
90.0 0.00120794779257 45.8798286496 31298.3971091
90.1 0.00120291457199 45.7546699969 31339.092671
90.2 0.00119790787192 45.6491797011 31392.9919813
90.3 0.00119292752344 45.54134898 31445.0597541
90.4 0.00118797335891 45.4423824302 31503.0421954
90.5 0.00118304521192 45.3391550192 31557.8759355
90.6 0.00117814291733 45.2372270352 31613.4092223
90.7 0.0011732663112 45.1390812999 31671.3931814
90.8 0.00116841523081 45.0409451404 31729.2002269
90.9 0.00116358951468 44.9404764459 31785.1721892
91.0 0.00115878900249 44.8443565523 31844.0319555
91.1 0.00115401353514 44.7417043231 31898.0571527
91.2 0.00114926295467 44.6221671865 31939.7801305
91.3 0.00114453710433 44.5290450521 32000.171364
91.4 0.00113983582849 44.4284695575 32055.0193753
91.5 0.00113515897269 44.3373225981 32116.4870378
91.6 0.0011305063836 44.2496935992 32180.355482
91.7 0.00112587790904 44.12806742 32219.2625982
91.8 0.00112127339791 43.9917767872 32247.083031
91.9 0.00111669270024 43.9023213338 32308.9460021
92.0 0.00111213566717 43.7963879858 32358.4796097
92.1 0.00110760215093 43.6915992325 32408.6095801
92.2 0.0011030920048 43.5955109532 32464.9707201
92.3 0.00109860508317 43.504420482 32524.8694888
92.4 0.00109414124149 43.4076079941 32580.3023219
92.5 0.00108970033623 43.293047267 32622.1548892
92.6 0.00108528222495 43.1962597411 32677.1390077
92.7 0.00108088676623 43.0869458057 32722.3997158
92.8 0.00107651381966 42.984404658 32772.5375493
92.9 0.00107216324588 42.881602988 32822.2276578
93.0 0.00106783490653 42.7767809126 32870.1134237
93.1 0.00106352866425 42.6660536784 32913.1779131
93.2 0.00105924438266 42.5663310855 32964.4611162
93.3 0.00105498192641 42.4822682479 33027.6796626
93.4 0.00105074116109 42.4027633529 33094.3092493
93.5 0.00104652195326 42.3149076784 33154.2757416
93.6 0.00104232417047 42.2233640505 33211.1690072
93.7 0.0010381476812 42.1192314473 33257.9252532
93.8 0.00103399235489 42.0136987832 33303.2962574
93.9 0.00102985806192 41.9288081141 33364.8070051
94.0 0.00102574467357 41.850873927 33431.7137712
94.1 0.00102165206209 41.7404750697 33472.4668965
94.2 0.00101758010061 41.6346229155 33516.5580458
94.3 0.00101352866319 41.5300622654 33561.3967487
94.4 0.00100949762478 41.4219003708 33603.0237618
94.5 0.00100548686121 41.339564297 33665.367516
94.6 0.00100149624923 41.2529435955 33724.0533858
94.7 0.000997525666446 41.1646959428 33781.2204461
94.8 0.000993574991331 41.0751883359 33837.1540006
94.9 0.000989644103233 40.9940587738 33899.8105033
95.0 0.000985732882356 40.9052144808 33955.9090265
95.1 0.000981841209751 40.820665865 34015.3826713
95.2 0.000977968967315 40.7093746483 34052.308064
95.3 0.000974116037781 40.587197402 34079.7415912
95.4 0.000970282304712 40.5010577712 34137.1268598
95.5 0.000966467652491 40.4045609884 34185.5546979
95.6 0.000962671966323 40.3242404734 34247.4582534
95.7 0.000958895132217 40.2487527909 34313.3216509
95.8 0.000955137036988 40.1571740733 34365.2843015
95.9 0.000951397568249 40.0677203592 34418.8359321
96.0 0.0009476766144 39.966339175 34461.878397
96.1 0.000943974064628 39.8637253715 34503.5498752
96.2 0.000940289808895 39.743113919 34529.2704979
96.3 0.000936623737936 39.6703884226 34596.3175754
96.4 0.000932975743251 39.5729145036 34641.5782377
96.5 0.000929345717097 39.4847044082 34694.6921715
96.6 0.000925733552487 39.3760048261 34729.5070092
96.7 0.000922139143179 39.2714356001 34767.6132905
96.8 0.000918562383672 39.1918488186 34827.5799774
96.9 0.0009150031692 39.1188938116 34893.2864867
97.0 0.000911461395727 39.0240523177 34939.2646693
97.1 0.000907936959938 38.9242902648 34980.5398069
97.2 0.000904429759238 38.8158063648 35013.631311
97.3 0.000900939691743 38.704603963 35043.8843283
97.4 0.000897466656275 38.6010356364 35080.677334
97.5 0.000894010552356 38.48964571 35109.9869869
97.6 0.000890571280203 38.3820054135 35142.3257811
97.7 0.000887148740723 38.2827797466 35182.0167516
97.8 0.000883742835507 38.2091968333 35245.0354469
97.9 0.000880353466824 38.1041172254 35278.7408262
98.0 0.000876980537617 38.0024629051 35315.2592305
98.1 0.000873623951496 37.8786736414 35330.7828192
98.2 0.000870283612734 37.7679173205 35358.0037351
98.3 0.000866959426261 37.6933788762 35418.8404914
98.4 0.000863651297661 37.623909193 35484.2904036
98.5 0.000860359133162 37.5291917709 35525.7068882
98.6 0.000857082839637 37.4183556567 35551.4975837
98.7 0.000853822324593 37.3344284259 35602.5226204
98.8 0.000850577496173 37.2402481258 35643.4944162
98.9 0.000847348263142 37.1195653434 35658.692978
99.0 0.00084413453489 36.9960188925 35670.6274707
99.1 0.000840936221426 36.9006818787 35709.3345603
99.2 0.000837753233367 36.8105610038 35752.7791486
99.3 0.000834585481941 36.7228128327 35798.2429572
99.4 0.000831432878977 36.6359902323 35844.333543
99.5 0.000828295336904 36.5219510812 35863.4242308
99.6 0.000825172768742 36.4356884956 35909.4190375
99.7 0.000822065088103 36.350403274 35956.1064896
99.8 0.000818972209182 36.253666454 35991.1563038
99.9 0.000815894046752 36.1451581419 36014.1236612
100.0 0.000812830516164 36.0413550929 36041.3550929
100.1 0.000809781533339 35.9745231766 36105.2825116
100.2 0.000806747014763 35.9097757534 36171.1671248
100.3 0.000803726877487 35.8284100807 36220.1232028
100.4 0.000800721039118 35.7412015218 36262.8994457
100.5 0.000797729417815 35.6632474374 36314.8028676
100.6 0.000794751932289 35.5633337731 36344.0344771
100.7 0.000791788501795 35.4200712341 36328.4115095
100.8 0.000788839046127 35.3333627806 36370.284985
100.9 0.000785903485619 35.2429088814 36407.9880946
101.0 0.000782981741134 35.1748151273 36468.5428106
101.1 0.000780073734065 35.0991288968 36521.0313036
101.2 0.00077717938633 35.0192225845 36568.8885634
101.3 0.000774298620367 34.871170483 36545.0711517
101.4 0.00077143135913 34.7737114194 36573.6936076
101.5 0.000768577526084 34.672851946 36598.3325062
101.6 0.000765737045206 34.5552790605 36604.8443443
101.7 0.000762909840975 34.4597050099 36634.191769
101.8 0.000760095838371 34.3781768963 36678.1376545
101.9 0.000757294962872 34.2831532657 36707.3513025
102.0 0.000754507140449 34.1946024654 36743.132816
102.1 0.000751732297562 34.0729054801 36742.8307498
102.2 0.000748970361156 33.9394963724 36729.2571899
102.3 0.000746221258661 33.8370901904 36748.6643749
102.4 0.000743484917981 33.7534122485 36788.0295204
102.5 0.0007407612675 33.6525381313 36808.2742749
102.6 0.000738050236069 33.5726567999 36851.1148034
102.7 0.000735351753009 33.4940626585 36895.0869939
102.8 0.000732665748103 33.4159688448 36939.3342146
102.9 0.000729992151598 33.3291831851 36973.6631892
103.0 0.000727330894196 33.2233629316 36986.4556952
103.1 0.000724681907052 33.121829648 37003.5400562
103.2 0.000722045121772 33.038546895 37040.6192828
103.3 0.000719420470411 32.9658687706 37089.3047637
103.4 0.000716807885465 32.8929401633 37137.4645875
103.5 0.000714207299872 32.8122663384 37176.6024944
103.6 0.000711618647006 32.7337551101 37217.8894165
103.7 0.000709041860674 32.6022024323 37198.3627618
103.8 0.000706476875116 32.5023435053 37214.4040958
103.9 0.000703923624997 32.4065146479 37234.6059734
104.0 0.000701382045407 32.2917767041 37232.5655136
104.1 0.000698852071857 32.2196274924 37279.2067964
104.2 0.000696333640276 32.1303402856 37305.695832
104.3 0.000693826687008 32.0263873472 37314.7031963
104.4 0.000691331148806 31.9467322078 37351.6035611
104.5 0.000688846962836 31.8698503307 37391.4371964
104.6 0.000686374066666 31.8062022785 37446.5516988
104.7 0.000683912398268 31.7467001647 37506.3709622
104.8 0.000681461896013 31.6680687935 37543.3511688
104.9 0.000679022498669 31.6079961521 37602.0901199
105.0 0.000676594145398 31.5087655787 37613.9155144
105.1 0.000674176775753 31.4375088224 37658.7571969
105.2 0.000671770329673 31.3683314907 37705.8342717
105.3 0.000669374747485 31.2888249048 37740.2037362
105.4 0.000666989969895 31.2148386326 37780.9184737
105.5 0.000664615937992 31.1392562151 37819.4025109
105.6 0.000662252593239 31.0170199376 37800.7217611
105.7 0.000659899877472 30.9032818085 37791.7328737
105.8 0.000657557732902 30.797126659 37791.4167112
105.9 0.000655226102106 30.6983753705 37799.6455461
106.0 0.000652904928025 30.6181623432 37830.2675104
106.1 0.000650594153967 30.5205757467 37838.9926024
106.2 0.000648293723598 30.4360558871 37863.4661881
106.3 0.000646003580941 30.3484734532 37883.7185028
106.4 0.000643723670377 30.2614488508 37904.2429238
106.5 0.000641453936636 30.1481953919 37891.3778182
106.6 0.000639194324801 30.0306173281 37872.4074484
106.7 0.000636944780302 29.9578421746 37909.4401683
106.8 0.000634705248913 29.8808109469 37940.7600849
106.9 0.00063247567675 29.7866206074 37949.8709802
107.0 0.000630256010271 29.718311014 37991.5695911
107.1 0.00062804619627 29.6340211456 38012.4940838
107.2 0.000625846181876 29.5420465321 38023.1111172
107.3 0.000623655914551 29.4390373381 38018.9917304
107.4 0.000621475342089 29.3528573101 38036.0951144
107.5 0.000619304412608 29.2856305082 38077.4015474
107.6 0.000617143074556 29.1608235557 38043.3129653
107.7 0.0006149912767 29.0449307969 38020.1082484
107.8 0.00061284896813 28.9202737466 37984.6825633
107.9 0.000610716098256 28.8033075644 37958.6017301
108.0 0.0006085926168 28.6626136358 37900.4199354
108.1 0.000606478473804 28.5770641611 37914.4603541
108.2 0.000604373619615 28.4908539209 37927.1686294
108.3 0.000602278004895 28.3712875548 37894.8631543
108.4 0.00060019158061 28.2431784371 37850.3469064
108.5 0.000598114298033 28.1482301129 37849.5780534
108.6 0.000596046108739 28.0647600079 37863.7477716
108.7 0.000593986964603 27.9692845598 37861.2198617
108.8 0.000591936817802 27.8978241268 37890.7517937
108.9 0.000589895620804 27.7782062313 37854.3158422
109.0 0.000587863326377 27.6647144934 37825.4740955
109.1 0.000585839887578 27.5810895906 37836.8752949
109.2 0.000583825257754 27.4968074545 37846.9119508
109.3 0.000581819390542 27.4318267915 37883.1355367
109.4 0.000579822239865 27.3604024874 37910.1375921
109.5 0.000577833759928 27.260121302 37896.6688369
109.6 0.000575853905221 27.1710142934 37898.1632732
109.7 0.000573882630512 27.1194844077 37951.7220442
109.8 0.000571919890847 27.0594512005 37993.1654551
109.9 0.000569965641549 26.9784754061 38004.8503612
110.0 0.000568019838216 26.8937925748 38010.8427049
110.1 0.000566082436717 26.7957378505 37997.3831559
110.2 0.000564153393192 26.7209047188 38016.3438009
110.3 0.000562232664049 26.6564593774 38049.7295515
110.4 0.000560320205963 26.6007860644 38095.3709493
110.5 0.000558415975873 26.4982872127 38073.5061406
110.6 0.000556519930982 26.4040666182 38062.9049735
110.7 0.000554632028753 26.3090237297 38050.5200196
110.8 0.000552752226909 26.2482404834 38087.2421064
110.9 0.000550880483429 26.1611058672 38085.3201613
111.0 0.00054901675655 26.091664288 38108.7053536
111.1 0.000547161004761 26.002427062 38102.7148648
111.2 0.000545313186804 25.9294773551 38120.1096113
111.3 0.000543473261669 25.8076738987 38065.0416167
111.4 0.000541641188597 25.7060219325 38038.9146156
111.5 0.000539816927076 25.6354551774 38058.2488666
111.6 0.000538000436837 25.5293103671 38024.2021019
111.7 0.000536191677856 25.415087129 37977.3468735
111.8 0.000534390610351 25.331618849 37975.7790314
111.9 0.000532597194778 25.2524956697 37980.2237912
112.0 0.000530811391834 25.1811174244 37995.8723992
112.1 0.00052903316245 25.0808836435 37967.4305409
112.2 0.000527262467794 25.0014304605 37969.8540885
112.3 0.000525499269268 24.92533282 37976.8973974
112.4 0.000523743528503 24.8322351649 37957.4931395
112.5 0.000521995207364 24.7221209063 37911.3615999
112.6 0.000520254267941 24.6620520116 37941.4187849
112.7 0.000518520672554 24.5509168946 37892.349246
112.8 0.000516794383747 24.4482254588 37855.5337223
112.9 0.000515075364289 24.3571695795 37836.0533329
113.0 0.00051336357717 24.2771081814 37833.080408
113.1 0.000511658985603 24.1725641195 37791.3126277
113.2 0.000509961553017 24.0832733978 37772.7013893
113.3 0.000508271243064 23.9948361034 37754.8162246
113.4 0.000506588019607 23.9378560642 37785.9755593
113.5 0.000504911846728 23.8827667329 37819.8336417
113.6 0.000503242688721 23.8191456285 37839.8601423
113.7 0.000501580510091 23.7603770367 37867.254169
113.8 0.000499925275556 23.6498662779 37811.6039876
113.9 0.000498276950041 23.5057257763 37701.1661425
114.0 0.000496635498679 23.4311908499 37701.5297149
114.1 0.000495000886811 23.3436657508 37680.4382527
114.2 0.000493373079981 23.2349192775 37624.3603452
114.3 0.000491752043937 23.1636414596 37628.3045495
114.4 0.000490137744631 23.1031585853 37649.3799346
114.5 0.000488530148213 23.0191388185 37631.6264104
114.6 0.000486929221033 22.9492593472 37636.465891
114.7 0.000485334929641 22.8635076434 37614.7401669
114.8 0.000483747240782 22.7885687663 37610.2399232
114.9 0.000482166121397 22.708655171 37596.9937134
115.0 0.000480591538621 22.6065952759 37546.4014812
115.1 0.000479023459782 22.5411533749 37556.0197544
115.2 0.000477461852398 22.47495462 37563.95595
115.3 0.00047590668418 22.3421548639 37459.7990462
115.4 0.000474357923025 22.2511413254 37424.7905204
115.5 0.000472815537021 22.1683811124 37403.0124529
115.6 0.000471279494439 22.1021861654 37408.6615985
115.7 0.000469749763736 22.0331937691 37409.124713
115.8 0.000468226313555 21.9171632011 37329.004836
115.9 0.00046670911272 21.7855813862 37221.3419568
116.0 0.000465198130236 21.6933080487 37179.9057272
116.1 0.00046369333529 21.5951405689 37127.6099589
116.2 0.000462194697245 21.4771579599 37040.3478152
116.3 0.000460702185646 21.3817196062 36991.0785722
116.4 0.000459215770211 21.2502871136 36878.5740923
116.5 0.000457735420836 21.1279892164 36780.8088489
116.6 0.00045626110759 21.0119416137 36692.8903755
116.7 0.000454792800715 20.9129331368 36633.8157137
116.8 0.000453330470626 20.8420305663 36623.3061769
116.9 0.000451874087908 20.7456943176 36567.4477831
117.0 0.000450423623317 20.6435485355 36500.5182524
117.1 0.000448979047776 20.5571995072 36460.7400898
117.2 0.000447540332377 20.5079284665 36486.2327583
117.3 0.000446107448377 20.4386437597 36475.7187239
117.4 0.0004446803672 20.3141719981 36365.8980648
117.5 0.000443259060432 20.1992280941 36272.0606659
117.6 0.000441843499823 20.1351780812 36268.8723443
117.7 0.000440433657287 20.0328158356 36195.9982577
117.8 0.000439029504897 19.9489664215 36155.7857039
117.9 0.000437631014886 19.8686031987 36121.223217
118.0 0.000436238159647 19.7791290005 36069.3943042
118.1 0.000434850911728 19.664582651 35970.9462072
118.2 0.000433469243838 19.6009472009 35964.8703191
118.3 0.000432093128839 19.557029299 35994.6130686
118.4 0.000430722539748 19.4738043188 35951.5385981
118.5 0.000429357449737 19.4133960979 35950.0192643
118.6 0.000427997832129 19.3414211401 35926.5738497
118.7 0.0004266436604 19.2786513828 35919.7048826
118.8 0.000425294908176 19.1996229649 35881.9783493
118.9 0.000423951549234 19.1061004454 35816.4212147
119.0 0.000422613557499 19.0370031757 35795.96314
119.1 0.000421280907043 18.9676993673 35774.5641839
119.2 0.000419953572086 18.9064646565 35767.8746027
119.3 0.000418631526994 18.8443918492 35759.1294049
119.4 0.000417314746276 18.7722580559 35730.7573767
119.5 0.000416003204589 18.6686570725 35641.7134557
119.6 0.000414696876729 18.5800887904 35580.493481
119.7 0.000413395737636 18.4815906951 35499.408258
119.8 0.000412099762392 18.3786180787 35408.7913259
119.9 0.000410808926217 18.2792209301 35324.1171646
120.0 0.000409523204473 18.1803388447 35239.5128805
120.1 0.000408242572659 18.0700636153 35131.8320863
120.2 0.000406967006411 17.9796135236 35061.7484723
120.3 0.000405696481504 17.8852256663 34983.1289944
120.4 0.000404430973848 17.8251864022 34971.0142047
120.5 0.000403170459486 17.7466304185 34921.9820928
120.6 0.000401914914597 17.6480156701 34832.6573832
120.7 0.000400664315494 17.579348484 34801.6765165
120.8 0.000399418638621 17.4857026905 34720.5072399
120.9 0.000398177860554 17.3937686313 34641.8567112
121.0 0.000396941957999 17.293719724 34546.1226374
121.1 0.000395710907793 17.2129854312 34488.113633
121.2 0.000394484686901 17.1493352604 34463.6920213
121.3 0.000393263272418 17.077078694 34421.3807192
121.4 0.000392046641565 17.0006339835 34369.9539415
121.5 0.000390834771689 16.9140337921 34297.2329187
121.6 0.000389627640264 16.8333086639 34235.6331408
121.7 0.000388425224888 16.7523655951 34172.8296177
121.8 0.000387227503285 16.6557259202 34077.146566
121.9 0.0003860344533 16.5632679085 33989.0853605
122.0 0.000384846052903 16.4850860243 33929.4955765
122.1 0.000383662280183 16.408400967 33872.2557915
122.2 0.000382483113353 16.288391833 33724.590549
122.3 0.000381308530744 16.1566419641 33551.2836029
122.4 0.000380138510809 16.0492794418 33427.3605314
122.5 0.000378973032116 15.9967785705 33416.9289489
122.6 0.000377812073356 15.9360607735 33388.84408
122.7 0.000376655613332 15.8349704652 33275.3797411
122.8 0.000375503630968 15.7581189355 33211.9553605
122.9 0.000374356105302 15.6587801068 33100.2489624
123.0 0.000373213015485 15.5838714155 33039.3055731
123.1 0.000372074340787 15.4913123815 32940.1023076
123.2 0.000370940060587 15.4343099502 32915.7751431
123.3 0.000369810154379 15.3145414258 32756.6865532
123.4 0.000368684601771 15.2303192787 32672.5504628
123.5 0.000367563382479 15.1637683375 32625.5766894
123.6 0.000366446476332 15.0930146384 32568.8963538
123.7 0.000365333863268 15.018054725 32502.4195648
123.8 0.000364225523336 14.9554970807 32462.1135538
123.9 0.000363121436691 14.889571341 32413.8812765
124.0 0.0003620215836 14.8132492431 32342.310882
124.1 0.000360925944434 14.7646148624 32330.5944316
124.2 0.000359834499671 14.6795040482 32238.3477726
124.3 0.000358747229898 14.606613718 32172.1245369
124.4 0.000357664115804 14.5125393222 32058.3665445
124.5 0.000356585138183 14.4314494963 31972.3603831
124.6 0.000355510277937 14.352567381 31890.4089177
124.7 0.000354439516065 14.2431722471 31739.6367807
124.8 0.000353372833676 14.1712936403 31671.4860924
124.9 0.000352310211974 14.0978079686 31598.992941
125.0 0.000351251632271 14.0244702407 31526.0683253
125.1 0.000350197075975 13.9528796661 31456.3177375
125.2 0.000349146524596 13.8821329567 31387.7303802
125.3 0.000348099959745 13.7741200455 31233.9025799
125.4 0.000347057363131 13.7196066347 31200.5117265
125.5 0.00034601871656 13.6782502332 31196.6003446
125.6 0.000344984001937 13.6382626946 31195.4634773
125.7 0.000343953201266 13.5796882924 31151.3490635
125.8 0.000342926296644 13.4834130668 31019.9123717
125.9 0.000341903270266 13.4063717214 30931.7618142
126.0 0.000340884104424 13.3114176837 30801.3243216
126.1 0.000339868781502 13.2456860744 30737.6189369
126.2 0.000338857283979 13.166051564 30640.8641941
126.3 0.000337849594428 13.0879393753 30546.7800034
126.4 0.000336845695516 13.0049467647 30440.4071661
126.5 0.000335845570001 12.9068404313 30297.6223861
126.6 0.000334849200735 12.7917350244 30113.6782746
126.7 0.000333856570658 12.7133654218 30015.0894647
126.8 0.000332867662804 12.6516394936 29955.0258455
126.9 0.000331882460296 12.5936898116 29903.2698815
127.0 0.000330900946348 12.5217746783 29817.648561
127.1 0.00032992310426 12.4633651261 29763.4771524
127.2 0.000328948917424 12.3903299045 29673.6578039
127.3 0.000327978369318 12.2678626718 29464.2920806
127.4 0.00032701144351 12.1641947498 29298.7025209
127.5 0.000326048123652 12.0782237727 29174.6088592
127.6 0.000325088393485 11.9648290814 28983.0740934
127.7 0.000324132236834 11.88011811 28859.8264696
127.8 0.000323179637611 11.8152228499 28783.8522515
127.9 0.000322230579812 11.7320637233 28662.5278464
128.0 0.000321285047518 11.6590028568 28564.9585722
128.1 0.000320343024893 11.5970374525 28493.8019063
128.2 0.000319404496186 11.5313736477 28412.8354455
128.3 0.000318469445728 11.4873227516 28384.5220607
128.4 0.000317537857932 11.4143995818 28284.2135711
128.5 0.000316609717293 11.3515314617 28208.0334918
128.6 0.000315685008389 11.2578956895 28054.4614629
128.7 0.000314763715876 11.1750667272 27926.74055
128.8 0.000313845824493 11.0515069277 27695.9383008
128.9 0.000312931319058 10.9781810057 27589.7952214
129.0 0.000312020184469 10.8899650082 27445.2463043
129.1 0.000311112405702 10.7931499684 27277.870983
129.2 0.000310207967811 10.7274126528 27188.0407131
129.3 0.000309306855931 10.6135696337 26975.1655633
129.4 0.000308409055271 10.4993846564 26759.9482944
129.5 0.00030751455112 10.4082016875 26602.04101
129.6 0.000306623328842 10.3357906447 26491.0919157
129.7 0.000305735373878 10.2725018271 26402.6999565
129.8 0.000304850671743 10.2264668815 26358.0179782
129.9 0.000303969208031 10.1512917797 26237.5046961
130.0 0.000303090968407 10.0644749394 26085.879974
130.1 0.000302215938611 9.99704920541 25983.5458116
130.2 0.00030134410446 9.88738522937 25770.2913227
130.3 0.000300475451842 9.80234199464 25619.9383061
130.4 0.000299609966717 9.71419120317 25460.3461662
130.5 0.000298747635121 9.61827117849 25279.1912068
130.6 0.000297888443158 9.50655775303 25055.150928
130.7 0.000297032377009 9.42389531248 24906.3929623
130.8 0.000296179422921 9.33039304155 24727.832451
130.9 0.000295329567216 9.29516386574 24702.9015406
131.0 0.000294482796284 9.24252450534 24631.1911147
131.1 0.000293639096586 9.17730947617 24525.2333368
131.2 0.000292798454653 9.10358287098 24395.637485
131.3 0.000291960857086 9.02845003473 24261.3048346
131.4 0.000291126290552 8.9417433507 24094.8027972
131.5 0.00029029474179 8.87603864845 23983.8924128
131.6 0.000289466197604 8.78034926479 23790.8889435
131.7 0.000288640644868 8.70763223734 23659.0031262
131.8 0.000287818070521 8.60358636434 23440.8017485
131.9 0.000286998461572 8.52457865201 23289.5732083
132.0 0.000286181805093 8.44285505084 23129.8439928
132.1 0.000285368088225 8.34345412108 22920.4484271
132.2 0.000284557298172 8.23275541524 22678.5558414
132.3 0.000283749422205 8.1811360183 22598.3040527
132.4 0.000282944447661 8.12895120606 22515.8269758
132.5 0.000282142361939 8.01296762236 22255.4831044
132.6 0.000281343152503 7.89411798185 21985.5130779
132.7 0.000280546806882 7.77457242911 21711.9066894
132.8 0.000279753312667 7.71468107282 21603.6428666
132.9 0.000278962657513 7.61074567942 21370.9038622
133.0 0.000278174829137 7.50126689352 21121.0777153
133.1 0.000277389815318 7.38471364323 20849.7091361
133.2 0.000276607603899 7.30253641085 20673.9788296
133.3 0.000275828182782 7.19601745801 20427.9906627
133.4 0.000275051539931 7.11298964343 20247.3335663
133.5 0.000274277663373 7.01304308367 20017.2079748
133.6 0.000273506541192 6.9105446248 19778.3345555
133.7 0.000272738161535 6.79966324644 19513.9151897
133.8 0.000271972512607 6.66616439544 19182.787304
133.9 0.000271209582674 6.59916187786 19041.5490728
134.0 0.000270449360061 6.49674219177 18796.8922191
134.1 0.000269691833149 6.40227129553 18573.7902559
134.2 0.000268936990382 6.31853667001 18380.5347702
134.3 0.000268184820259 6.18058428643 18027.9132418
134.4 0.000267435311337 6.06205456015 17730.0183983
134.5 0.000266688452231 5.96110695 17481.9070122
134.6 0.000265944231614 5.88488674519 17305.0029093
134.7 0.000265202638215 5.811147753 17134.2969918
134.8 0.000264463660818 5.74395335723 16981.8583234
134.9 0.000263727288266 5.66378572206 16789.980496
135.0 0.000262993509456 5.56178962366 16532.02819
135.1 0.000262262313341 5.45850320629 16268.6863643
135.2 0.000261533688928 5.38005345249 16077.9983985
135.3 0.00026080762528 5.29945355271 15879.6926252
135.4 0.000260084111516 5.23047101982 15715.0783917
135.5 0.000259363136807 5.1726606373 15583.0917677
135.6 0.000258644690377 5.1052930907 15421.384042
135.7 0.000257928761508 5.03792329727 15258.6600724
135.8 0.00025721533953 4.96008488753 15063.1317274
135.9 0.00025650441383 4.87499655788 14844.3416511
136.0 0.000255795973846 4.78972550764 14623.6863165
136.1 0.000255090009068 4.67169189368 14301.4208555
136.2 0.00025438650904 4.57970009171 14057.2360966
136.3 0.000253685463356 4.49192207422 13824.5871362
136.4 0.000252986861662 4.41664460084 13629.1451901
136.5 0.000252290693655 4.35227563319 13466.2885554
136.6 0.000251596949084 4.2110504047 13064.0092255
136.7 0.000250905617747 4.0642964698 12642.2707745
136.8 0.000250216689494 4.00247659647 12483.0679535
136.9 0.000249530154224 3.90302314977 12205.2208967
137.0 0.000248846001886 3.82718426359 11999.8282744
137.1 0.000248164222479 3.74524016408 11774.0434187
137.2 0.000247484806051 3.64827114629 11499.5946647
137.3 0.000246807742698 3.55142088114 11223.9621645
137.4 0.000246133022566 3.4323740039 10876.4318718
137.5 0.00024546063585 3.33768622914 10604.3560533
137.6 0.00024479057279 3.2460562516 10340.4861341
137.7 0.000244122823677 3.16816930734 10119.0230555
137.8 0.000243457378848 3.04462832194 9750.09714412
137.9 0.000242794228688 2.97907293685 9565.31821267
138.0 0.000242133363629 2.92602021339 9419.72893556
138.1 0.000241474774149 2.85203317933 9205.7171497
138.2 0.000240818450774 2.73931756721 8865.16001287
138.3 0.000240164384075 2.59918437095 8433.76704133
138.4 0.000239512564669 2.50915169873 8163.0212282
138.5 0.00023886298322 2.40103392575 7831.78891981
138.6 0.000238215630436 2.29629292913 7509.79037407
138.7 0.000237570497071 2.19880696799 7209.82391762
138.8 0.000236927573924 2.12269643379 6978.49308175
138.9 0.000236286851839 2.02206477693 6665.0623448
139.0 0.000235648321704 1.9238701676 6357.984799
139.1 0.00023501197445 1.8147436819 6013.02175248
139.2 0.000234377801055 1.75064842847 5815.79864991
139.3 0.000233745792539 1.67403215936 5575.78924027
139.4 0.000233115939965 1.61208979877 5383.47993295
139.5 0.000232488234439 1.57228451675 5264.23794528
139.6 0.000231862667113 1.52574971297 5121.73807937
139.7 0.000231239229178 1.46080467754 4916.48937573
139.8 0.000230617911869 1.42545960079 4810.00962725
139.9 0.000229998706465 1.34581606866 4553.06670436
140.0 0.000229381604285 1.27647419679 4329.69007136
140.1 0.00022876659669 1.21087175567 4117.8315827
140.2 0.000228153675083 1.16497368604 3972.01980504
140.3 0.000227542830908 1.11428442896 3809.03889661
140.4 0.000226934055652 1.0486793238 3594.05986439
140.5 0.000226327340841 0.993313782156 3413.11969072
140.6 0.000225722678042 0.941123903886 3242.15309471
140.7 0.000225120058862 0.890922375769 3077.14130716
140.8 0.00022451947495 0.805417754871 2789.00206641
140.9 0.000223920917993 0.750791102909 2606.54977361
141.0 0.00022332437972 0.725631651761 2525.6990283
141.1 0.000222729851897 0.689764008682 2407.04156305
141.2 0.000222137326332 0.658913851977 2305.30603206
141.3 0.00022154679487 0.595443285064 2088.60565482
141.4 0.000220958249396 0.559364170372 1967.09801836
141.5 0.000220371681833 0.509911743479 1797.79799092
141.6 0.000219787084145 0.484979854398 1714.28611864
141.7 0.000219204448331 0.461352680387 1634.95424995
141.8 0.00021862376643 0.425832948569 1512.94792359
141.9 0.000218045030517 0.38588928084 1374.54451926
142.0 0.000217468232708 0.350991003228 1253.43747405
142.1 0.000216893365154 0.317717397491 1137.5159615
142.2 0.000216320420043 0.284632389161 1021.66814634
142.3 0.000215749389602 0.278402826833 1001.86090097
142.4 0.000215180266093 0.264767766313 955.22652316
142.5 0.000214613041816 0.236106358756 853.99561576
142.6 0.000214047709106 0.214517248232 777.886250031
142.7 0.000213484260336 0.194592917826 707.434201892
142.8 0.000212922687915 0.174700263911 636.732406811
142.9 0.000212362984285 0.161468371962 590.003322016
143.0 0.000211805141927 0.138488939232 507.323412147
143.1 0.000211249153357 0.124330653631 456.614908768
143.2 0.000210695011125 0.121409223389 447.017820063
143.3 0.000210142707817 0.121293662063 447.725447791
143.4 0.000209592236052 0.120280362812 445.110817214
143.5 0.000209043588488 0.11382396439 422.285440873
143.6 0.000208496757813 0.0982607507965 365.469126353
143.7 0.000207951736751 0.0802437252594 299.212098906
143.8 0.000207408518063 0.0591897761236 221.264353778
143.9 0.000206867094538 0.054396804174 203.86096118
144.0 0.000206327459005 0.0496018824016 186.360559087
144.1 0.000205789604322 0.0445467167927 167.789952572
144.2 0.000205253523384 0.0423830374707 160.042738247
144.3 0.000204719209116 0.0378043809204 143.112942887
144.4 0.000204186654478 0.0307824558648 116.824028164
144.5 0.000203655852463 0.0229029630296 87.1388766609
144.6 0.000203126796096 0.0211677193817 80.7392987197
144.7 0.000202599478435 0.0211286494371 80.7927713238
144.8 0.000202073892569 0.0191503165633 73.4117939551
144.9 0.000201550031623 0.0140641806341 54.0496237276
145.0 0.000201027888748 0.0140476035124 54.121283702
145.1 0.000200507457134 0.0140170769003 54.138991704
145.2 0.000199988729996 0.00519886728197 20.1301748974
145.3 0.000199471700585 0.0 0.0
145.4 0.000198956362181 0.0 0.0
145.5 0.000198442708097 0.0 0.0
145.6 0.000197930731675 0.0 0.0
145.7 0.00019742042629 0.0 0.0
145.8 0.000196911785346 0.0 0.0
145.9 0.000196404802278 0.0 0.0
146.0 0.000195899470552 0.0 0.0
146.1 0.000195395783664 0.0 0.0
146.2 0.000194893735139 0.0 0.0
146.3 0.000194393318533 0.0 0.0
146.4 0.000193894527431 0.0 0.0
146.5 0.000193397355449 0.0 0.0
146.6 0.00019290179623 0.0 0.0
146.7 0.000192407843449 0.0 0.0
146.8 0.000191915490808 0.0 0.0
146.9 0.000191424732038 0.0 0.0
147.0 0.000190935560901 0.0 0.0
147.1 0.000190447971185 0.0 0.0
147.2 0.000189961956708 0.0 0.0
147.3 0.000189477511316 0.0 0.0
147.4 0.000188994628883 0.0 0.0
147.5 0.000188513303312 0.0 0.0
147.6 0.000188033528532 0.0 0.0
147.7 0.000187555298501 0.0 0.0
147.8 0.000187078607205 0.0 0.0
147.9 0.000186603448657 0.0 0.0
148.0 0.000186129816897 0.0 0.0
148.1 0.000185657705993 0.0 0.0
148.2 0.000185187110039 0.0 0.0
148.3 0.000184718023156 0.0 0.0
148.4 0.000184250439492 0.0 0.0
148.5 0.000183784353223 0.0 0.0
148.6 0.000183319758549 0.0 0.0
148.7 0.000182856649699 0.0 0.0
148.8 0.000182395020925 0.0 0.0
148.9 0.000181934866508 0.0 0.0
149.0 0.000181476180753 0.0 0.0
149.1 0.000181018957992 0.0 0.0
149.2 0.000180563192583 0.0 0.0
149.3 0.000180108878907 0.0 0.0
149.4 0.000179656011373 0.0 0.0
149.5 0.000179204584415 0.0 0.0
149.6 0.00017875459249 0.0 0.0
149.7 0.000178306030083 0.0 0.0
149.8 0.000177858891702 0.0 0.0
149.9 0.000177413171879 0.0 0.0
150.0 0.000176968865173 0.0 0.0
150.1 0.000176525966167 0.0 0.0
150.2 0.000176084469465 0.0 0.0
150.3 0.0001756443697 0.0 0.0
150.4 0.000175205661526 0.0 0.0
150.5 0.000174768339623 0.0 0.0
150.6 0.000174332398692 0.0 0.0
150.7 0.000173897833461 0.0 0.0
150.8 0.00017346463868 0.0 0.0
150.9 0.000173032809122 0.0 0.0
151.0 0.000172602339584 0.0 0.0
151.1 0.000172173224886 0.0 0.0
151.2 0.000171745459873 0.0 0.0
151.3 0.00017131903941 0.0 0.0
151.4 0.000170893958387 0.0 0.0
151.5 0.000170470211716 0.0 0.0
151.6 0.000170047794332 0.0 0.0
151.7 0.000169626701191 0.0 0.0
151.8 0.000169206927274 0.0 0.0
151.9 0.000168788467584 0.0 0.0
152.0 0.000168371317143 0.0 0.0
152.1 0.000167955470999 0.0 0.0
152.2 0.000167540924219 0.0 0.0
152.3 0.000167127671895 0.0 0.0
152.4 0.000166715709138 0.0 0.0
152.5 0.000166305031082 0.0 0.0
152.6 0.000165895632882 0.0 0.0
152.7 0.000165487509714 0.0 0.0
152.8 0.000165080656777 0.0 0.0
152.9 0.00016467506929 0.0 0.0
153.0 0.000164270742492 0.0 0.0
153.1 0.000163867671646 0.0 0.0
153.2 0.000163465852033 0.0 0.0
153.3 0.000163065278956 0.0 0.0
153.4 0.000162665947739 0.0 0.0
153.5 0.000162267853726 0.0 0.0
153.6 0.000161870992282 0.0 0.0
153.7 0.000161475358792 0.0 0.0
153.8 0.00016108094866 0.0 0.0
153.9 0.000160687757313 0.0 0.0
154.0 0.000160295780196 0.0 0.0
154.1 0.000159905012774 0.0 0.0
154.2 0.000159515450533 0.0 0.0
154.3 0.000159127088978 0.0 0.0
154.4 0.000158739923634 0.0 0.0
154.5 0.000158353950045 0.0 0.0
154.6 0.000157969163774 0.0 0.0
154.7 0.000157585560405 0.0 0.0
154.8 0.000157203135541 0.0 0.0
154.9 0.000156821884802 0.0 0.0
155.0 0.00015644180383 0.0 0.0
155.1 0.000156062888284 0.0 0.0
155.2 0.000155685133843 0.0 0.0
155.3 0.000155308536205 0.0 0.0
155.4 0.000154933091084 0.0 0.0
155.5 0.000154558794216 0.0 0.0
155.6 0.000154185641355 0.0 0.0
155.7 0.000153813628271 0.0 0.0
155.8 0.000153442750754 0.0 0.0
155.9 0.000153073004614 0.0 0.0
156.0 0.000152704385675 0.0 0.0
156.1 0.000152336889783 0.0 0.0
156.2 0.000151970512799 0.0 0.0
156.3 0.000151605250604 0.0 0.0
156.4 0.000151241099096 0.0 0.0
156.5 0.000150878054191 0.0 0.0
156.6 0.000150516111822 0.0 0.0
156.7 0.00015015526794 0.0 0.0
156.8 0.000149795518512 0.0 0.0
156.9 0.000149436859526 0.0 0.0
157.0 0.000149079286983 0.0 0.0
157.1 0.000148722796904 0.0 0.0
157.2 0.000148367385326 0.0 0.0
157.3 0.000148013048303 0.0 0.0
157.4 0.000147659781906 0.0 0.0
157.5 0.000147307582224 0.0 0.0
157.6 0.000146956445361 0.0 0.0
157.7 0.000146606367438 0.0 0.0
157.8 0.000146257344594 0.0 0.0
157.9 0.000145909372984 0.0 0.0
158.0 0.000145562448777 0.0 0.0
158.1 0.000145216568162 0.0 0.0
158.2 0.000144871727342 0.0 0.0
158.3 0.000144527922537 0.0 0.0
158.4 0.000144185149983 0.0 0.0
158.5 0.000143843405932 0.0 0.0
158.6 0.000143502686651 0.0 0.0
158.7 0.000143162988426 0.0 0.0
158.8 0.000142824307555 0.0 0.0
158.9 0.000142486640353 0.0 0.0
159.0 0.000142149983153 0.0 0.0
159.1 0.0001418143323 0.0 0.0
159.2 0.000141479684156 0.0 0.0
159.3 0.000141146035099 0.0 0.0
159.4 0.000140813381522 0.0 0.0
159.5 0.000140481719833 0.0 0.0
159.6 0.000140151046456 0.0 0.0
159.7 0.000139821357828 0.0 0.0
159.8 0.000139492650404 0.0 0.0
159.9 0.000139164920652 0.0 0.0
160.0 0.000138838165055 0.0 0.0
160.1 0.000138512380111 0.0 0.0
160.2 0.000138187562334 0.0 0.0
160.3 0.000137863708252 0.0 0.0
160.4 0.000137540814406 0.0 0.0
160.5 0.000137218877353 0.0 0.0
160.6 0.000136897893665 0.0 0.0
160.7 0.000136577859928 0.0 0.0
160.8 0.000136258772742 0.0 0.0
160.9 0.000135940628721 0.0 0.0
161.0 0.000135623424493 0.0 0.0
161.1 0.000135307156702 0.0 0.0
161.2 0.000134991822004 0.0 0.0
161.3 0.00013467741707 0.0 0.0
161.4 0.000134363938585 0.0 0.0
161.5 0.000134051383247 0.0 0.0
161.6 0.000133739747769 0.0 0.0
161.7 0.000133429028876 0.0 0.0
161.8 0.000133119223309 0.0 0.0
161.9 0.000132810327821 0.0 0.0
162.0 0.000132502339179 0.0 0.0
162.1 0.000132195254164 0.0 0.0
162.2 0.000131889069568 0.0 0.0
162.3 0.000131583782199 0.0 0.0
162.4 0.000131279388879 0.0 0.0
162.5 0.000130975886439 0.0 0.0
162.6 0.000130673271728 0.0 0.0
162.7 0.000130371541604 0.0 0.0
162.8 0.000130070692941 0.0 0.0
162.9 0.000129770722625 0.0 0.0
163.0 0.000129471627555 0.0 0.0
163.1 0.000129173404641 0.0 0.0
163.2 0.00012887605081 0.0 0.0
163.3 0.000128579562996 0.0 0.0
163.4 0.000128283938151 0.0 0.0
163.5 0.000127989173237 0.0 0.0
163.6 0.000127695265229 0.0 0.0
163.7 0.000127402211114 0.0 0.0
163.8 0.000127110007892 0.0 0.0
163.9 0.000126818652575 0.0 0.0
164.0 0.000126528142187 0.0 0.0
164.1 0.000126238473766 0.0 0.0
164.2 0.000125949644361 0.0 0.0
164.3 0.000125661651031 0.0 0.0
164.4 0.000125374490852 0.0 0.0
164.5 0.000125088160906 0.0 0.0
164.6 0.000124802658293 0.0 0.0
164.7 0.000124517980121 0.0 0.0
164.8 0.00012423412351 0.0 0.0
164.9 0.000123951085594 0.0 0.0
165.0 0.000123668863516 0.0 0.0
165.1 0.000123387454433 0.0 0.0
165.2 0.000123106855513 0.0 0.0
165.3 0.000122827063935 0.0 0.0
165.4 0.000122548076889 0.0 0.0
165.5 0.000122269891578 0.0 0.0
165.6 0.000121992505216 0.0 0.0
165.7 0.000121715915028 0.0 0.0
165.8 0.000121440118249 0.0 0.0
165.9 0.000121165112128 0.0 0.0
166.0 0.000120890893924 0.0 0.0
166.1 0.000120617460905 0.0 0.0
166.2 0.000120344810354 0.0 0.0
166.3 0.000120072939563 0.0 0.0
166.4 0.000119801845834 0.0 0.0
166.5 0.000119531526482 0.0 0.0
166.6 0.000119261978831 0.0 0.0
166.7 0.000118993200217 0.0 0.0
166.8 0.000118725187986 0.0 0.0
166.9 0.000118457939497 0.0 0.0
167.0 0.000118191452117 0.0 0.0
167.1 0.000117925723224 0.0 0.0
167.2 0.000117660750208 0.0 0.0
167.3 0.000117396530468 0.0 0.0
167.4 0.000117133061415 0.0 0.0
167.5 0.000116870340469 0.0 0.0
167.6 0.000116608365062 0.0 0.0
167.7 0.000116347132634 0.0 0.0
167.8 0.000116086640638 0.0 0.0
167.9 0.000115826886535 0.0 0.0
168.0 0.000115567867798 0.0 0.0
168.1 0.000115309581908 0.0 0.0
168.2 0.000115052026359 0.0 0.0
168.3 0.000114795198653 0.0 0.0
168.4 0.000114539096302 0.0 0.0
168.5 0.000114283716828 0.0 0.0
168.6 0.000114029057765 0.0 0.0
168.7 0.000113775116655 0.0 0.0
168.8 0.000113521891049 0.0 0.0
168.9 0.000113269378509 0.0 0.0
169.0 0.000113017576608 0.0 0.0
169.1 0.000112766482926 0.0 0.0
169.2 0.000112516095054 0.0 0.0
169.3 0.000112266410594 0.0 0.0
169.4 0.000112017427155 0.0 0.0
169.5 0.000111769142357 0.0 0.0
169.6 0.000111521553829 0.0 0.0
169.7 0.00011127465921 0.0 0.0
169.8 0.000111028456148 0.0 0.0
169.9 0.0001107829423 0.0 0.0
170.0 0.000110538115333 0.0 0.0
170.1 0.000110293972922 0.0 0.0
170.2 0.000110050512754 0.0 0.0
170.3 0.000109807732522 0.0 0.0
170.4 0.00010956562993 0.0 0.0
170.5 0.00010932420269 0.0 0.0
170.6 0.000109083448524 0.0 0.0
170.7 0.000108843365163 0.0 0.0
170.8 0.000108603950346 0.0 0.0
170.9 0.000108365201822 0.0 0.0
171.0 0.000108127117349 0.0 0.0
171.1 0.000107889694692 0.0 0.0
171.2 0.000107652931627 0.0 0.0
171.3 0.000107416825937 0.0 0.0
171.4 0.000107181375416 0.0 0.0
171.5 0.000106946577864 0.0 0.0
171.6 0.000106712431092 0.0 0.0
171.7 0.000106478932919 0.0 0.0
171.8 0.00010624608117 0.0 0.0
171.9 0.000106013873683 0.0 0.0
172.0 0.0001057823083 0.0 0.0
172.1 0.000105551382876 0.0 0.0
172.2 0.000105321095271 0.0 0.0
172.3 0.000105091443354 0.0 0.0
172.4 0.000104862425004 0.0 0.0
172.5 0.000104634038106 0.0 0.0
172.6 0.000104406280554 0.0 0.0
172.7 0.000104179150253 0.0 0.0
172.8 0.000103952645111 0.0 0.0
172.9 0.000103726763049 0.0 0.0
173.0 0.000103501501994 0.0 0.0
173.1 0.00010327685988 0.0 0.0
173.2 0.000103052834651 0.0 0.0
173.3 0.000102829424258 0.0 0.0
173.4 0.00010260662666 0.0 0.0
173.5 0.000102384439826 0.0 0.0
173.6 0.000102162861729 0.0 0.0
173.7 0.000101941890353 0.0 0.0
173.8 0.000101721523688 0.0 0.0
173.9 0.000101501759734 0.0 0.0
174.0 0.000101282596497 0.0 0.0
174.1 0.00010106403199 0.0 0.0
174.2 0.000100846064236 0.0 0.0
174.3 0.000100628691264 0.0 0.0
174.4 0.000100411911111 0.0 0.0
174.5 0.000100195721822 0.0 0.0
174.6 9.99801214496e-05 0.0 0.0
174.7 9.97651080532e-05 0.0 0.0
174.8 9.95506797004e-05 0.0 0.0
174.9 9.93368344657e-05 0.0 0.0
175.0 9.91235704316e-05 0.0 0.0
175.1 9.89108856875e-05 0.0 0.0
175.2 9.86987783305e-05 0.0 0.0
175.3 9.84872464649e-05 0.0 0.0
175.4 9.82762882023e-05 0.0 0.0
175.5 9.80659016616e-05 0.0 0.0
175.6 9.78560849689e-05 0.0 0.0
175.7 9.76468362576e-05 0.0 0.0
175.8 9.74381536681e-05 0.0 0.0
175.9 9.7230035348e-05 0.0 0.0
176.0 9.70224794522e-05 0.0 0.0
176.1 9.68154841425e-05 0.0 0.0
176.2 9.66090475876e-05 0.0 0.0
176.3 9.64031679636e-05 0.0 0.0
176.4 9.61978434533e-05 0.0 0.0
176.5 9.59930722464e-05 0.0 0.0
176.6 9.57888525398e-05 0.0 0.0
176.7 9.55851825372e-05 0.0 0.0
176.8 9.53820604489e-05 0.0 0.0
176.9 9.51794844924e-05 0.0 0.0
177.0 9.49774528918e-05 0.0 0.0
177.1 9.4775963878e-05 0.0 0.0
177.2 9.45750156887e-05 0.0 0.0
177.3 9.43746065682e-05 0.0 0.0
177.4 9.41747347676e-05 0.0 0.0
177.5 9.39753985446e-05 0.0 0.0
177.6 9.37765961636e-05 0.0 0.0
177.7 9.35783258955e-05 0.0 0.0
177.8 9.33805860178e-05 0.0 0.0
177.9 9.31833748146e-05 0.0 0.0
178.0 9.29866905764e-05 0.0 0.0
178.1 9.27905316002e-05 0.0 0.0
178.2 9.25948961896e-05 0.0 0.0
178.3 9.23997826544e-05 0.0 0.0
178.4 9.22051893111e-05 0.0 0.0
178.5 9.20111144823e-05 0.0 0.0
178.6 9.18175564969e-05 0.0 0.0
178.7 9.16245136905e-05 0.0 0.0
178.8 9.14319844047e-05 0.0 0.0
178.9 9.12399669872e-05 0.0 0.0
179.0 9.10484597924e-05 0.0 0.0
179.1 9.08574611805e-05 0.0 0.0
179.2 9.0666969518e-05 0.0 0.0
179.3 9.04769831777e-05 0.0 0.0
179.4 9.02875005383e-05 0.0 0.0
179.5 9.00985199848e-05 0.0 0.0
179.6 8.99100399081e-05 0.0 0.0
179.7 8.97220587053e-05 0.0 0.0
179.8 8.95345747794e-05 0.0 0.0
179.9 8.93475865395e-05 0.0 0.0
180.0 8.91610924006e-05 0.0 0.0
180.1 8.89750907837e-05 0.0 0.0
180.2 8.87895801156e-05 0.0 0.0
180.3 8.86045588292e-05 0.0 0.0
180.4 8.8420025363e-05 0.0 0.0
180.5 8.82359781616e-05 0.0 0.0
180.6 8.80524156752e-05 0.0 0.0
180.7 8.786933636e-05 0.0 0.0
180.8 8.76867386779e-05 0.0 0.0
180.9 8.75046210964e-05 0.0 0.0
181.0 8.73229820889e-05 0.0 0.0
181.1 8.71418201344e-05 0.0 0.0
181.2 8.69611337176e-05 0.0 0.0
181.3 8.67809213288e-05 0.0 0.0
181.4 8.6601181464e-05 0.0 0.0
181.5 8.64219126248e-05 0.0 0.0
181.6 8.62431133183e-05 0.0 0.0
181.7 8.60647820572e-05 0.0 0.0
181.8 8.58869173597e-05 0.0 0.0
181.9 8.57095177495e-05 0.0 0.0
182.0 8.55325817557e-05 0.0 0.0
182.1 8.53561079131e-05 0.0 0.0
182.2 8.51800947617e-05 0.0 0.0
182.3 8.50045408471e-05 0.0 0.0
182.4 8.482944472e-05 0.0 0.0
182.5 8.46548049367e-05 0.0 0.0
182.6 8.44806200589e-05 0.0 0.0
182.7 8.43068886533e-05 0.0 0.0
182.8 8.41336092923e-05 0.0 0.0
182.9 8.39607805532e-05 0.0 0.0
183.0 8.37884010188e-05 0.0 0.0
183.1 8.3616469277e-05 0.0 0.0
183.2 8.3444983921e-05 0.0 0.0
183.3 8.32739435491e-05 0.0 0.0
183.4 8.31033467649e-05 0.0 0.0
183.5 8.29331921769e-05 0.0 0.0
183.6 8.27634783989e-05 0.0 0.0
183.7 8.25942040498e-05 0.0 0.0
183.8 8.24253677536e-05 0.0 0.0
183.9 8.22569681391e-05 0.0 0.0
184.0 8.20890038404e-05 0.0 0.0
184.1 8.19214734967e-05 0.0 0.0
184.2 8.17543757517e-05 0.0 0.0
184.3 8.15877092547e-05 0.0 0.0
184.4 8.14214726595e-05 0.0 0.0
184.5 8.1255664625e-05 0.0 0.0
184.6 8.10902838149e-05 0.0 0.0
184.7 8.0925328898e-05 0.0 0.0
184.8 8.07607985477e-05 0.0 0.0
184.9 8.05966914425e-05 0.0 0.0
185.0 8.04330062656e-05 0.0 0.0
185.1 8.02697417049e-05 0.0 0.0
185.2 8.01068964532e-05 0.0 0.0
185.3 7.99444692081e-05 0.0 0.0
185.4 7.9782458672e-05 0.0 0.0
185.5 7.96208635518e-05 0.0 0.0
185.6 7.94596825593e-05 0.0 0.0
185.7 7.92989144109e-05 0.0 0.0
185.8 7.91385578277e-05 0.0 0.0
185.9 7.89786115355e-05 0.0 0.0
186.0 7.88190742645e-05 0.0 0.0
186.1 7.86599447498e-05 0.0 0.0
186.2 7.85012217309e-05 0.0 0.0
186.3 7.8342903952e-05 0.0 0.0
186.4 7.81849901617e-05 0.0 0.0
186.5 7.80274791133e-05 0.0 0.0
186.6 7.78703695645e-05 0.0 0.0
186.7 7.77136602775e-05 0.0 0.0
186.8 7.7557350019e-05 0.0 0.0
186.9 7.74014375602e-05 0.0 0.0
187.0 7.72459216767e-05 0.0 0.0
187.1 7.70908011484e-05 0.0 0.0
187.2 7.69360747598e-05 0.0 0.0
187.3 7.67817412998e-05 0.0 0.0
187.4 7.66277995614e-05 0.0 0.0
187.5 7.64742483422e-05 0.0 0.0
187.6 7.6321086444e-05 0.0 0.0
187.7 7.61683126731e-05 0.0 0.0
187.8 7.60159258398e-05 0.0 0.0
187.9 7.58639247588e-05 0.0 0.0
188.0 7.57123082493e-05 0.0 0.0
188.1 7.55610751343e-05 0.0 0.0
188.2 7.54102242414e-05 0.0 0.0
188.3 7.52597544021e-05 0.0 0.0
188.4 7.51096644525e-05 0.0 0.0
188.5 7.49599532324e-05 0.0 0.0
188.6 7.4810619586e-05 0.0 0.0
188.7 7.46616623617e-05 0.0 0.0
188.8 7.45130804119e-05 0.0 0.0
188.9 7.43648725932e-05 0.0 0.0
189.0 7.42170377661e-05 0.0 0.0
189.1 7.40695747953e-05 0.0 0.0
189.2 7.39224825496e-05 0.0 0.0
189.3 7.37757599019e-05 0.0 0.0
189.4 7.36294057288e-05 0.0 0.0
189.5 7.34834189112e-05 0.0 0.0
189.6 7.33377983338e-05 0.0 0.0
189.7 7.31925428856e-05 0.0 0.0
189.8 7.30476514591e-05 0.0 0.0
189.9 7.2903122951e-05 0.0 0.0
190.0 7.2758956262e-05 0.0 0.0
190.1 7.26151502964e-05 0.0 0.0
190.2 7.24717039628e-05 0.0 0.0
190.3 7.23286161733e-05 0.0 0.0
190.4 7.21858858441e-05 0.0 0.0
190.5 7.20435118951e-05 0.0 0.0
190.6 7.190149325e-05 0.0 0.0
190.7 7.17598288366e-05 0.0 0.0
190.8 7.16185175862e-05 0.0 0.0
190.9 7.1477558434e-05 0.0 0.0
191.0 7.13369503188e-05 0.0 0.0
191.1 7.11966921835e-05 0.0 0.0
191.2 7.10567829744e-05 0.0 0.0
191.3 7.09172216417e-05 0.0 0.0
191.4 7.07780071393e-05 0.0 0.0
191.5 7.06391384246e-05 0.0 0.0
191.6 7.05006144589e-05 0.0 0.0
191.7 7.03624342071e-05 0.0 0.0
191.8 7.02245966378e-05 0.0 0.0
191.9 7.00871007229e-05 0.0 0.0
192.0 6.99499454385e-05 0.0 0.0
192.1 6.98131297637e-05 0.0 0.0
192.2 6.96766526816e-05 0.0 0.0
192.3 6.95405131787e-05 0.0 0.0
192.4 6.94047102451e-05 0.0 0.0
192.5 6.92692428745e-05 0.0 0.0
192.6 6.9134110064e-05 0.0 0.0
192.7 6.89993108142e-05 0.0 0.0
192.8 6.88648441294e-05 0.0 0.0
192.9 6.87307090173e-05 0.0 0.0
193.0 6.85969044889e-05 0.0 0.0
193.1 6.84634295589e-05 0.0 0.0
193.2 6.83302832454e-05 0.0 0.0
193.3 6.81974645698e-05 0.0 0.0
193.4 6.8064972557e-05 0.0 0.0
193.5 6.79328062353e-05 0.0 0.0
193.6 6.78009646364e-05 0.0 0.0
193.7 6.76694467953e-05 0.0 0.0
193.8 6.75382517506e-05 0.0 0.0
193.9 6.7407378544e-05 0.0 0.0
194.0 6.72768262206e-05 0.0 0.0
194.1 6.71465938288e-05 0.0 0.0
194.2 6.70166804205e-05 0.0 0.0
194.3 6.68870850506e-05 0.0 0.0
194.4 6.67578067774e-05 0.0 0.0
194.5 6.66288446627e-05 0.0 0.0
194.6 6.65001977712e-05 0.0 0.0
194.7 6.63718651711e-05 0.0 0.0
194.8 6.62438459337e-05 0.0 0.0
194.9 6.61161391335e-05 0.0 0.0
195.0 6.59887438483e-05 0.0 0.0
195.1 6.58616591591e-05 0.0 0.0
195.2 6.57348841499e-05 0.0 0.0
195.3 6.56084179082e-05 0.0 0.0
195.4 6.54822595244e-05 0.0 0.0
195.5 6.5356408092e-05 0.0 0.0
195.6 6.52308627078e-05 0.0 0.0
195.7 6.51056224716e-05 0.0 0.0
195.8 6.49806864864e-05 0.0 0.0
195.9 6.48560538583e-05 0.0 0.0
196.0 6.47317236964e-05 0.0 0.0
196.1 6.46076951128e-05 0.0 0.0
196.2 6.44839672228e-05 0.0 0.0
196.3 6.43605391448e-05 0.0 0.0
196.4 6.423741e-05 0.0 0.0
196.5 6.41145789129e-05 0.0 0.0
196.6 6.39920450107e-05 0.0 0.0
196.7 6.38698074239e-05 0.0 0.0
196.8 6.37478652857e-05 0.0 0.0
196.9 6.36262177325e-05 0.0 0.0
197.0 6.35048639036e-05 0.0 0.0
197.1 6.33838029412e-05 0.0 0.0
197.2 6.32630339905e-05 0.0 0.0
197.3 6.31425561995e-05 0.0 0.0
197.4 6.30223687193e-05 0.0 0.0
197.5 6.29024707038e-05 0.0 0.0
197.6 6.27828613098e-05 0.0 0.0
197.7 6.2663539697e-05 0.0 0.0
197.8 6.25445050278e-05 0.0 0.0
197.9 6.24257564679e-05 0.0 0.0
198.0 6.23072931853e-05 0.0 0.0
198.1 6.21891143513e-05 0.0 0.0
198.2 6.20712191396e-05 0.0 0.0
198.3 6.19536067272e-05 0.0 0.0
198.4 6.18362762934e-05 0.0 0.0
198.5 6.17192270208e-05 0.0 0.0
198.6 6.16024580942e-05 0.0 0.0
198.7 6.14859687017e-05 0.0 0.0
198.8 6.13697580339e-05 0.0 0.0
198.9 6.12538252842e-05 0.0 0.0
199.0 6.11381696487e-05 0.0 0.0
199.1 6.10227903263e-05 0.0 0.0
199.2 6.09076865185e-05 0.0 0.0
199.3 6.07928574297e-05 0.0 0.0
199.4 6.06783022667e-05 0.0 0.0
199.5 6.05640202394e-05 0.0 0.0
199.6 6.04500105599e-05 0.0 0.0
199.7 6.03362724434e-05 0.0 0.0
199.8 6.02228051074e-05 0.0 0.0
199.9 6.01096077723e-05 0.0 0.0
