# r frac rho dNdR
0.0 0.0 inf nan
0.1 0.0 15135612.4844 0.0
0.2 0.0 1494719.89288 0.0
0.3 0.0 385846.894561 0.0
0.4 0.0 147611.308129 0.0
0.5 0.0 70055.1690683 0.0
0.6 0.0 38104.3733446 0.0
0.7 0.0 22770.4989143 0.0
0.8 0.0 14577.3789401 0.0
0.9 0.0 9836.26042196 0.0
1.0 0.0 6918.30970919 0.0
1.1 0.0 5032.09036632 0.0
1.2 0.0 3763.00363811 0.0
1.3 0.0 2880.24348735 0.0
1.4 0.0 2248.70435425 0.0
1.5 0.0 1785.89201202 0.0
1.6 0.0 1439.59144767 0.0
1.7 0.0 1175.71105713 0.0
1.8 0.0 971.381510949 0.0
1.9 0.0 810.89191969 0.0
2.0 0.0 683.218809816 0.0
2.1 0.0 580.48039369 0.0
2.2 0.0 496.944909303 0.0
2.3 0.0150810314735 428.379843363 429.462858131
2.4 0.0622682900329 371.61604135 1674.91873223
2.5 0.117217361258 324.250288401 2985.1227407
2.6 0.145823762775 284.438917904 3523.49677343
2.7 0.178324317708 250.752359168 4096.31165427
2.8 0.210546101265 222.071167253 4606.43880324
2.9 0.205814819134 197.510726754 4296.088196
3.0 0.290198870508 176.366058503 5788.46085223
3.1 0.266589536511 158.070906033 5088.95128923
3.2 0.318729786427 142.167089483 5830.84564413
3.3 0.341940017102 128.281326111 6002.76184873
3.4 0.337577599344 116.107538243 5693.79380542
3.5 0.385189571986 105.393234192 6249.32636406
3.6 0.390629867335 95.9289404037 6102.81154478
3.7 0.400355537111 87.5399393963 6029.27916944
3.8 0.425134355449 80.0797645014 6177.68907908
3.9 0.421329090533 73.4250435072 5912.95721436
4.0 0.464421686584 67.4713855996 6300.31069599
4.1 0.45868714801 62.1300808206 6019.99413008
4.2 0.472187265703 57.3254364677 6000.2602212
4.3 0.464327094215 52.9926159041 5717.23652691
4.4 0.470081984651 49.0758760087 5612.50686473
4.5 0.474512005638 45.5271227096 5497.33623393
4.6 0.468752906945 42.3047216783 5273.0069478
4.7 0.473206260006 39.3725147615 5171.88924084
4.8 0.479611891218 36.6990031022 5096.08365003
4.9 0.466651484071 34.2566659486 4823.24994607
5.0 0.483841466728 32.0213904026 4867.35636295
5.1 0.473154315144 29.9719922641 4635.20165837
5.2 0.461066690673 28.0898119808 4400.77466468
5.3 0.493672896352 26.358372763 4593.24364648
5.4 0.467992837575 24.7630903487 4246.60075175
5.5 0.476181159005 23.2910258335 4215.95598197
5.6 0.482646336783 21.930674538 4171.25674705
5.7 0.474956821867 20.6717851266 4008.59044835
5.8 0.487869390126 19.5052042089 4022.72109693
5.9 0.479074951057 18.4227424674 3860.74957514
6.0 0.473828644235 17.4170590285 3733.43418691
6.1 0.480168277231 16.4815613377 3700.50801935
6.2 0.47352951436 15.6103182462 3570.68922639
6.3 0.485539154108 14.7979843888 3583.58561928
6.4 0.474586572406 14.0397342348 3429.60532915
6.5 0.483399379257 13.3312044473 3421.46462801
6.6 0.477626991153 12.668443396 3312.14889264
6.7 0.481201036313 12.0478668447 3270.36466954
6.8 0.479646859002 11.4662189789 3195.7259247
6.9 0.479802030729 10.9205380638 3134.83122654
7.0 0.479822545063 10.4081261253 3075.09927143
7.1 0.481569644846 9.92652213338 3028.18762707
7.2 0.480023125028 9.47347824028 2962.4189609
7.3 0.482211520546 9.04693869066 2921.42548417
7.4 0.481360139753 8.64502107014 2863.58107889
7.5 0.482780256715 8.26599960651 2820.83232938
7.6 0.482261587654 7.90829027505 2768.23096266
7.7 0.483285215134 7.57043749245 2725.9369185
7.8 0.483192510514 7.25110221201 2678.6951448
7.9 0.483405540327 6.94905125688 2634.51809146
8.0 0.483951915959 6.66314774904 2593.41187445
8.1 0.483690672918 6.39234250933 2549.22196363
8.2 0.484556328135 6.13566631971 2512.13845442
8.3 0.484184854531 5.89222295194 2469.76948634
8.4 0.484649468067 5.66118287876 2432.78293704
8.5 0.4846900087 5.44177759359 2394.70803239
8.6 0.484810834193 5.23329447349 2358.0567669
8.7 0.485075072255 5.035072128 2323.07388429
8.8 0.485139082019 4.84649618285 2288.07020303
8.9 0.485312203236 4.66699545352 2254.49079771
9.0 0.48562710996 4.49603846885 2222.4286367
9.1 0.485516504645 4.33313030902 2189.26531356
9.2 0.486012643292 4.17780972659 2159.64188946
9.3 0.486023159229 4.02964652247 2128.62754163
9.4 0.486076560965 3.88823915169 2098.56883828
9.5 0.486494783142 3.7532125369 2070.80125956
9.6 0.486014531654 3.62421606937 2039.93188608
9.7 0.486305992235 3.50092177986 2013.00735208
9.8 0.486459719634 3.38302266326 1986.15806337
9.9 0.486659451145 3.27023114269 1960.1254397
10.0 0.486844058693 3.16227766017 1934.63810911
10.1 0.487000651456 3.05890938238 1909.62796224
10.2 0.487245537878 2.95988901094 1885.53025078
10.3 0.487368581381 2.86499368796 1861.51059122
10.4 0.487592565922 2.77401398841 1838.40953944
10.5 0.487776239644 2.68675299152 1815.66969365
10.6 0.487882220403 2.60302542454 1793.14329345
10.7 0.48811639813 2.52265687247 1771.57278425
10.8 0.488289199673 2.44548304811 1750.24622663
10.9 0.48842600455 2.37134911744 1729.24741515
11.0 0.488587349329 2.30010907552 1708.77894359
11.1 0.488743214764 2.23162516885 1688.72064814
11.2 0.488859204397 2.16576736025 1668.94302289
11.3 0.488974870161 2.10241283286 1649.57205148
11.4 0.489125023292 2.04144553 1630.71191643
11.5 0.489229617829 1.98275572814 1612.08337479
11.6 0.489297325839 1.92623964017 1593.70891
11.7 0.489364175669 1.87179904675 1575.69799558
11.8 0.489419886237 1.81934095338 1558.0076507
11.9 0.489446030508 1.76877727132 1540.5710995
12.0 0.489408401528 1.72002452046 1523.27535181
12.1 0.489378161846 1.67300355245 1506.33668578
12.2 0.48930844105 1.6276392926 1489.60252138
12.3 0.488895661045 1.58386049908 1472.15384502
12.4 0.488665107478 1.54159953823 1455.58018814
12.5 0.488474244942 1.50079217461 1439.43519375
12.6 0.488210245055 1.46137737493 1423.37791273
12.7 0.487933952631 1.4232971247 1407.58268961
12.8 0.487600754781 1.38649625664 1391.91550915
12.9 0.4871812392 1.35092229022 1376.29080377
13.0 0.486602946819 1.31652528128 1360.50614149
13.1 0.486015050669 1.28325768123 1344.98068116
13.2 0.485429952186 1.25107420498 1329.74193827
13.3 0.484848819634 1.21993170716 1314.78580857
13.4 0.484261056609 1.18978906589 1300.07671368
13.5 0.483396136319 1.16060707381 1284.88952659
13.6 0.482660672868 1.13234833552 1270.3097774
13.7 0.482108689627 1.10497717145 1256.46172493
13.8 0.481580458209 1.07845952727 1242.91303833
13.9 0.481006077399 1.05276288888 1229.47752814
14.0 0.480287659963 1.02785620226 1215.90522484
14.1 0.479626179195 1.00370979816 1202.70504583
14.2 0.479111059365 0.980295321062 1190.08965042
14.3 0.478570221672 0.957585662314 1177.62019726
14.4 0.478089934748 0.935554897107 1165.50388414
14.5 0.477581684225 0.914178225018 1153.5180743
14.6 0.477077951985 0.89343191394 1141.73781009
14.7 0.476578663225 0.873293247163 1130.15817338
14.8 0.476109185587 0.853740473417 1118.83418091
14.9 0.475621215003 0.834752759686 1107.64727235
15.0 0.475149143636 0.816310146624 1096.67395061
15.1 0.474664730501 0.798393506416 1085.8447046
15.2 0.474190509956 0.780984502937 1075.20757232
15.3 0.473704726291 0.76406555406 1064.7093417
15.4 0.473260872167 0.74761979599 1054.46628372
15.5 0.472799710813 0.731631049509 1044.34163079
15.6 0.47236733328 0.716083788004 1034.43393292
15.7 0.471911100127 0.700963107188 1024.62399609
15.8 0.471485643096 0.686254696399 1015.02757402
15.9 0.471058663085 0.671944811404 1005.57093635
16.0 0.470628749992 0.658020248599 996.248180661
16.1 0.47019652083 0.644468320544 987.057837843
16.2 0.469776628759 0.631276832744 978.027691704
16.3 0.469369596852 0.618434061613 969.155420498
16.4 0.468888153243 0.605928733547 960.25895914
16.5 0.468250851546 0.593750005048 951.173965238
16.6 0.467851318652 0.581887443843 942.698647369
16.7 0.467448920033 0.570331010931 934.337873605
16.8 0.467082487015 0.55907104353 926.166376812
16.9 0.466660478964 0.548098238839 918.00004458
17.0 0.466296361984 0.537403638613 910.060650285
17.1 0.465906475782 0.526978614468 902.181304124
17.2 0.465530151219 0.5168148539 894.436594829
17.3 0.465158285176 0.506904346979 886.80645701
17.4 0.464804410177 0.497239373667 879.314250217
17.5 0.464415254479 0.487812491739 871.857193554
17.6 0.464065348198 0.47861652528 864.573719201
17.7 0.463697535513 0.469644553708 857.354585099
17.8 0.463352452599 0.46088990132 850.273271342
17.9 0.462995944292 0.452346127312 843.26483319
18.0 0.462651792383 0.444007016265 836.37098144
18.1 0.462298640485 0.435866569063 829.551188694
18.2 0.461965328621 0.427918994227 822.855518843
18.3 0.461618384642 0.420158699638 816.222384101
18.4 0.461287535553 0.412580284639 809.702911479
18.5 0.460957242206 0.405178532482 803.267860218
18.6 0.460618789975 0.39794840312 796.900627664
18.7 0.460312463776 0.39088502631 790.669243947
18.8 0.459976623751 0.38398369503 784.465967238
18.9 0.459654827051 0.377239859178 778.364233714
19.0 0.459343771672 0.370649119544 772.356615565
19.1 0.459025635239 0.364207222052 766.411640289
19.2 0.458724207106 0.35791005224 760.56769738
19.3 0.458401459117 0.351753629988 754.760322361
19.4 0.458106160578 0.345734104462 749.068747831
19.5 0.457797102791 0.339847749277 743.423909845
19.6 0.457349353494 0.334090957868 737.62359074
19.7 0.456937123952 0.328460239048 731.950252265
19.8 0.456641435079 0.322952212758 726.530457356
19.9 0.456309500052 0.317563605991 721.117860505
20.0 0.455858078849 0.312291248889 715.581865041
20.1 0.45541490495 0.307132070996 710.124321456
20.2 0.454952003135 0.302083097666 704.7005501
20.3 0.454666185248 0.297141446621 699.612932597
20.4 0.454393837587 0.292304324646 694.604947863
20.5 0.454117751777 0.287569024419 689.649092897
20.6 0.453855930175 0.282932921465 684.771699139
20.7 0.453564994171 0.278393471238 679.906400799
20.8 0.453170323807 0.273948206316 674.942004861
20.9 0.452775839609 0.269594733706 670.034376833
21.0 0.452508910155 0.265330732259 665.369890564
21.1 0.452247823323 0.261153950181 660.766260347
21.2 0.451793264878 0.257062202652 655.933123754
21.3 0.451250403449 0.253053369522 651.026697506
21.4 0.450712480045 0.249125393113 646.182201215
21.5 0.450472632065 0.245276276092 641.816294482
21.6 0.450211906302 0.241504079434 637.468623778
21.7 0.449982521555 0.237806920461 633.212479841
21.8 0.44971668842 0.234182970954 628.951513558
21.9 0.44936292629 0.230630455337 624.614395463
22.0 0.44899785768 0.227147648932 620.308511829
22.1 0.448759470605 0.223732876275 616.222915358
22.2 0.44851362094 0.220384509498 612.170665611
22.3 0.448285345153 0.217100966774 608.185258324
22.4 0.448054872689 0.213880710811 604.238959983
22.5 0.447814825967 0.210722247409 600.32130656
22.6 0.447603117071 0.207624124069 596.482433043
22.7 0.447357793828 0.20458492865 592.638993882
22.8 0.447150396413 0.201603288077 588.885402687
22.9 0.446919263357 0.198677867096 585.139467234
23.0 0.44668856734 0.19580736707 581.432630274
23.1 0.44648503017 0.192990524827 577.798903489
23.2 0.446265553267 0.190226111536 574.18167741
23.3 0.446037107825 0.187512931638 570.589691119
23.4 0.445838208629 0.184849821805 567.071603395
23.5 0.445613586956 0.182235649936 563.556356641
23.6 0.445393611046 0.179669314192 560.082190314
23.7 0.445196283998 0.177149742066 556.671017804
23.8 0.444992469886 0.174675889478 553.285646196
23.9 0.444785396493 0.172246739913 549.92972695
24.0 0.444570511157 0.169861303573 546.5972624
24.1 0.44437957279 0.167518616575 543.326783259
24.2 0.444160736539 0.165217740166 540.05431228
24.3 0.443800147108 0.162957759968 536.642296264
24.4 0.443523864841 0.160737785246 533.364970956
24.5 0.443339864539 0.158556948206 530.229754701
24.6 0.443126182626 0.156414403313 527.089338878
24.7 0.442951249954 0.154309326633 524.024845018
24.8 0.442757780933 0.152240915194 520.967719158
24.9 0.442545287005 0.150208386374 517.917348764
25.0 0.442379030463 0.148210977307 514.949670832
25.1 0.441939593079 0.146247944305 511.693604273
25.2 0.441749329205 0.144318562302 508.755407216
25.3 0.441570367237 0.142422124321 505.857608893
25.4 0.441392555597 0.140557940946 502.98807403
25.5 0.441191226246 0.138725339826 500.118464946
25.6 0.441022819127 0.136923665186 497.312495582
25.7 0.44083804526 0.135152277352 494.51394933
25.8 0.440663968197 0.133410552299 491.752978416
25.9 0.440488435768 0.131697881208 489.015574929
26.0 0.440297672494 0.130013670041 486.286224916
26.1 0.440055604018 0.128357339122 483.52523002
26.2 0.43963281312 0.126728322743 480.591663694
26.3 0.439306755188 0.125126068769 477.78998528
26.4 0.439139806448 0.123550038268 475.185749688
26.5 0.438986602548 0.121999705145 472.619524746
26.6 0.438811788455 0.120474555788 470.052922383
26.7 0.438640179489 0.118974088728 467.512453899
26.8 0.438472463168 0.117497814308 464.998513059
26.9 0.43831787778 0.116045254359 462.520507512
27.0 0.438152812313 0.114615941894 460.053165845
27.1 0.437987605596 0.113209420802 457.607185247
27.2 0.437765448939 0.11182524556 455.123241674
27.3 0.437599402409 0.110462980946 452.718912029
27.4 0.437424105554 0.109122201764 450.325792823
27.5 0.437268278405 0.10780249258 447.973193617
27.6 0.436972493435 0.106503447464 445.498036131
27.7 0.43663645644 0.105224669737 443.003306019
27.8 0.436350938004 0.103965771726 440.580986867
27.9 0.43619531706 0.102726374534 438.309849841
28.0 0.436036356603 0.101506107805 436.054531609
28.1 0.43576541536 0.100304609506 433.706723416
28.2 0.435515004275 0.0991215257089 431.399046335
28.3 0.435055203075 0.0979565103809 428.904307031
28.4 0.43476626727 0.0968092251832 426.598308357
28.5 0.434639615731 0.0956793392725 424.470057047
28.6 0.434465623058 0.0945665291096 422.313338319
28.7 0.434332491942 0.093470478273 420.213927097
28.8 0.434199595187 0.0923908772789 418.131941165
28.9 0.434038884036 0.0913274234052 416.040292385
29.0 0.433907324567 0.0902798205213 413.99350543
29.1 0.433757501406 0.0892477789224 411.945968819
29.2 0.433632775918 0.0882310151687 409.938722882
29.3 0.433493888282 0.087229251929 407.934307818
29.4 0.433342804081 0.0862422178287 405.934562936
29.5 0.433209785916 0.0852696473027 403.967680867
29.6 0.433061575079 0.0843112804512 402.002378199
29.7 0.432934984132 0.0833668629006 400.072687084
29.8 0.43280828927 0.082436145668 398.158177719
29.9 0.43266277091 0.0815188850292 396.241536451
30.0 0.432500991657 0.0806148423907 394.325161871
30.1 0.432192966582 0.0797237841649 392.291099651
30.2 0.432026878411 0.078845481649 390.401365125
30.3 0.43192645536 0.0779797109071 388.585460764
30.4 0.431794555167 0.0771262526557 386.755433389
30.5 0.431647169129 0.0762848921518 384.925760355
30.6 0.431539919333 0.0754554190849 383.145852365
30.7 0.431401080715 0.0746376274709 381.351684962
30.8 0.431265708386 0.0738313155498 379.574327268
30.9 0.431167191002 0.0730362856857 377.84284972
31.0 0.431016071067 0.0722523442692 376.078631682
31.1 0.430907702487 0.071479301623 374.364966254
31.2 0.430688140077 0.0707169719098 372.568060292
31.3 0.43048257646 0.0699651730424 370.79684485
31.4 0.430376571572 0.0692237265963 369.124402683
31.5 0.430235973583 0.068492457725 367.434932153
31.6 0.430127364057 0.067771195077 365.785298005
31.7 0.430006312394 0.067059770715 364.137397206
31.8 0.429890061727 0.0663580200377 362.505773972
31.9 0.429770237508 0.0656657817032 360.883216671
32.0 0.429638810584 0.0649828975545 359.262922706
32.1 0.429548373527 0.0643092125468 357.688682929
32.2 0.429410673046 0.0636445746771 356.086763738
32.3 0.429291486282 0.0629888349151 354.511852555
32.4 0.429193633516 0.0623418471362 352.965957924
32.5 0.429070364623 0.0617034680562 351.410456132
32.6 0.428958734505 0.0610735571672 349.875712054
32.7 0.428837449854 0.0604519766761 348.344197086
32.8 0.428592505127 0.0598385914434 346.723665782
32.9 0.428412970718 0.0592332689249 345.167559524
33.0 0.428290644179 0.0586358791134 343.668535418
33.1 0.42819399536 0.0580462944835 342.200724887
33.2 0.428069308919 0.0574643899363 340.721017027
33.3 0.427831877194 0.0568900427461 339.162424597
33.4 0.427636665564 0.0563231325091 337.64827323
33.5 0.42753864397 0.0557635410916 336.221280661
33.6 0.427432877805 0.0552111525819 334.798232863
33.7 0.427323384104 0.0546658532407 333.382236628
33.8 0.427228947857 0.0541275314553 331.987825126
33.9 0.427116631255 0.0535960776929 330.58926806
34.0 0.426850502341 0.0530713844563 329.081836307
34.1 0.426710320104 0.0525533462398 327.681665759
34.2 0.426604871791 0.0520418594873 326.317746129
34.3 0.426497226162 0.0515368225498 324.961532466
34.4 0.426405944631 0.0510381356457 323.627040443
34.5 0.426297215143 0.0505457008208 322.28847256
34.6 0.426207305709 0.0500594219096 320.973206931
34.7 0.42589254446 0.0495792044978 319.498192322
34.8 0.425779514677 0.0491049558852 318.184075124
34.9 0.425698984582 0.0486365850503 316.903040603
35.0 0.425590847615 0.0481740026146 315.610152021
35.1 0.425491676289 0.0477171208087 314.332579538
35.2 0.425394782904 0.0472658534389 313.065243063
35.3 0.425306144716 0.0468201158543 311.812424509
35.4 0.425207799481 0.0463798249151 310.560855924
35.5 0.424969116232 0.0459448989615 309.215489354
35.6 0.424797890614 0.045515257783 307.928026254
35.7 0.424703163871 0.045090822589 306.704360674
35.8 0.42461440288 0.0446715159798 305.493046611
35.9 0.424524010923 0.0442572619179 304.288515693
36.0 0.424424398449 0.0438479857008 303.085287232
36.1 0.424324521534 0.0434436139336 301.889733241
36.2 0.424094053861 0.0430440745025 300.60940421
36.3 0.423772555284 0.0426492965494 299.273190509
36.4 0.423441492007 0.0422592104462 297.939044863
36.5 0.423358260006 0.0418737477707 296.787402757
36.6 0.423267331372 0.0414928412816 295.637798527
36.7 0.423181042441 0.041116424896 294.498808458
36.8 0.423080055235 0.0407444336657 293.356921438
36.9 0.422951570611 0.0403768037547 292.203339741
37.0 0.422708975938 0.0400134724177 290.978582341
37.1 0.422626870826 0.0396543779779 289.871776006
37.2 0.422539390229 0.0392994598068 288.768306434
37.3 0.422437240278 0.0389486583028 287.661821538
37.4 0.422281767118 0.0386019148717 286.526138824
37.5 0.422070375611 0.0382591719067 285.35982902
37.6 0.421994428069 0.0379203727695 284.292150363
37.7 0.421766852654 0.0375854617712 283.129354999
37.8 0.421622055098 0.037254384154 282.029263344
37.9 0.421481475437 0.0369270860735 280.938859054
38.0 0.421362002407 0.0366035145807 279.869269211
38.1 0.421276924336 0.0362836176051 278.829081221
38.2 0.421208760496 0.0359673439375 277.806468033
38.3 0.421109224659 0.0356546432142 276.769520872
38.4 0.421034351422 0.0353454659001 275.755100395
38.5 0.420955479934 0.0350397632737 274.744276517
38.6 0.42087076994 0.0347374874111 273.735825669
38.7 0.420791915871 0.0344385911711 272.737313664
38.8 0.420714321911 0.0341430281806 271.745679662
38.9 0.420633975405 0.03385075282 270.758280148
39.0 0.420475839352 0.0335617202091 269.726947056
39.1 0.420381880068 0.0332758861932 268.742898725
39.2 0.420302933469 0.0329932073295 267.774338644
39.3 0.420223344581 0.0327136408742 266.811178754
39.4 0.420138012693 0.0324371447691 265.85014628
39.5 0.419861357601 0.032163677629 264.774198218
39.6 0.41979727067 0.0318931987296 263.838351973
39.7 0.419704872694 0.0316256679946 262.890320741
39.8 0.419637136073 0.0313610459847 261.963305532
39.9 0.419571385157 0.0310992938851 261.042996091
40.0 0.419483015052 0.0308403734945 260.114077163
40.1 0.419413695146 0.030584247214 259.202396238
40.2 0.419326751901 0.0303308780356 258.285200951
40.3 0.41927029416 0.0300802295322 257.392089428
40.4 0.419183558611 0.0298322658464 256.485651788
40.5 0.419113935979 0.0295869516808 255.594929919
40.6 0.419042358839 0.0293442522872 254.708187142
40.7 0.418943979115 0.0291041334574 253.810338883
40.8 0.418790824759 0.0288665615134 252.884612178
40.9 0.418733226007 0.0286315032973 252.021768228
41.0 0.418654599619 0.0283989261629 251.151260998
41.1 0.418479015846 0.0281687979659 250.22777163
41.2 0.418321625819 0.0279410870554 249.320455269
41.3 0.418236474528 0.0277157622649 248.461269495
41.4 0.418179840843 0.0274927929039 247.623866128
41.5 0.418099062812 0.0272721487493 246.77695918
41.6 0.418022309281 0.0270538000376 245.937220841
41.7 0.417963434911 0.0268377174562 245.112714736
41.8 0.41789431116 0.0266238721361 244.286859038
41.9 0.417730024033 0.0264122356438 243.41019497
42.0 0.417668340192 0.0262027799739 242.598086655
42.1 0.417543958881 0.0259954775415 241.754218021
42.2 0.417358129408 0.025790301175 240.87961976
42.3 0.417289287045 0.0255872241088 240.077249621
42.4 0.417219194849 0.0253862199767 239.278620837
42.5 0.417147056724 0.0251872628045 238.483249935
42.6 0.41709602958 0.0249903270036 237.704310343
42.7 0.417016075961 0.0247953873643 236.913227284
42.8 0.416953485538 0.0246024190492 236.136337082
42.9 0.41686946713 0.0244113975871 235.351613286
43.0 0.416668037626 0.0242222988665 234.505115461
43.1 0.416619277885 0.0240350991298 233.748958149
43.2 0.416535331852 0.023849774967 232.977236143
43.3 0.41649847529 0.0236663033099 232.235976544
43.4 0.416402514962 0.0234846614264 231.465874084
43.5 0.416352053604 0.0233048269148 230.725167957
43.6 0.416290830816 0.0231267776985 229.982512205
43.7 0.416103021242 0.0229504920201 229.174138587
43.8 0.415953435553 0.0227759484362 228.391150183
43.9 0.41591580572 0.0226031258126 227.673682313
44.0 0.415775298098 0.0224320033186 226.903900302
44.1 0.415587084566 0.0222625604221 226.112304574
44.2 0.415526458053 0.0220947768849 225.394183853
44.3 0.415463346785 0.0219286327575 224.678536407
44.4 0.415398031999 0.0217641083748 223.965497252
44.5 0.415339584012 0.0216011843508 223.259924172
44.6 0.415279239784 0.0214398415746 222.557059272
44.7 0.41521451454 0.0212800612056 221.855556143
44.8 0.415152028888 0.0211218246689 221.15893503
44.9 0.414967236023 0.0209651136515 220.401007366
45.0 0.414842063199 0.0208099100977 219.67866522
45.1 0.414783009635 0.0206561962048 218.995028775
45.2 0.414735701787 0.0205039544192 218.321136687
45.3 0.414568288642 0.0203531674325 217.587705297
45.4 0.414510108379 0.0202038181773 216.915280642
45.5 0.414444938115 0.0200558898232 216.242688485
45.6 0.414377000558 0.0199093657736 215.57213221
45.7 0.414333902028 0.0197642296612 214.917918603
45.8 0.4141809184 0.0196204653448 214.210231358
45.9 0.414056756404 0.0194780569058 213.52107194
46.0 0.41400345239 0.0193369886441 212.871897945
46.1 0.413931937345 0.0191972450752 212.216701574
46.2 0.413877299701 0.0190588109264 211.573477185
46.3 0.413765113729 0.0189216711338 210.904189446
46.4 0.41351347846 0.0187858108385 210.167442802
46.5 0.4133423527 0.0186512153842 209.475296711
46.6 0.41327732534 0.0185178703129 208.840302602
46.7 0.413210346818 0.0183857613627 208.207529871
46.8 0.413177553248 0.0182548744646 207.5951201
46.9 0.413105067395 0.0181251957389 206.965890823
47.0 0.413056089762 0.0179967114929 206.351563498
47.1 0.41301350864 0.0178694082178 205.743491234
47.2 0.412943402519 0.0177432725857 205.124775033
47.3 0.412884905073 0.0176182914469 204.514893775
47.4 0.412842022488 0.0174944518272 203.915755695
47.5 0.412783705107 0.0173717409252 203.311981021
47.6 0.412730803054 0.0172501461093 202.713853686
47.7 0.412675805429 0.0171296549158 202.117651671
47.8 0.412617431861 0.0170102550456 201.522737602
47.9 0.412473993549 0.0168919343621 200.889319474
48.0 0.412412533379 0.0167746808887 200.298852443
48.1 0.411997674852 0.016658482806 199.540118934
48.2 0.411951476304 0.0165433284501 198.963263732
48.3 0.411897784297 0.0164292063094 198.385608815
48.4 0.411835506596 0.016316105023 197.806640119
48.5 0.411793817334 0.0162040133782 197.240346197
48.6 0.41172271537 0.0160929203079 196.662742667
48.7 0.411678339838 0.0159828148891 196.1006682
48.8 0.411453819708 0.0158736863402 195.455727385
48.9 0.411393980202 0.015765524019 194.891960917
49.0 0.411350204902 0.0156583174207 194.338494831
49.1 0.411304655709 0.0155520561759 193.786844075
49.2 0.411250998114 0.0154467300485 193.234021056
49.3 0.41120041453 0.0153423289335 192.685278918
49.4 0.411152900891 0.0152388428557 192.140586149
49.5 0.411088479642 0.0151362619669 191.590602745
49.6 0.411055721639 0.0150345765449 191.057950723
49.7 0.411001440986 0.0149337769908 190.517839388
49.8 0.410951289537 0.014833853828 189.982191157
49.9 0.410899128352 0.0147347976999 189.448143114
50.0 0.410856098367 0.0146365993681 188.920808644
50.1 0.410785053015 0.014539249711 188.383102112
50.2 0.410576925832 0.014442739722 187.785226227
50.3 0.41053637258 0.0143470605076 187.266634135
50.4 0.410469946006 0.014252203286 186.738690676
50.5 0.410438177355 0.0141581593853 186.228938454
50.6 0.410375001343 0.0140649202421 185.707339675
50.7 0.410113378138 0.0139724773998 185.098600431
50.8 0.409938261007 0.0138808225072 184.531683568
50.9 0.409882475185 0.0137899473167 184.020999762
51.0 0.409856568679 0.0136998436832 183.526054398
51.1 0.409800397326 0.0136105035621 183.019865975
51.2 0.409617968008 0.0135219190086 182.45976667
51.3 0.409529110723 0.0134340821756 181.943846979
51.4 0.409464859757 0.0133469853125 181.441204856
51.5 0.40943257989 0.0132606207643 180.954994735
51.6 0.409384743008 0.0131749809693 180.464140378
51.7 0.409344131633 0.0130900584588 179.978697697
51.8 0.409182778326 0.0130058458549 179.44250892
51.9 0.409053047118 0.01292233587 178.922614913
52.0 0.409036986794 0.0128395213049 178.454689096
52.1 0.408980491698 0.0127573950479 177.971273261
52.2 0.408931944322 0.0126759500734 177.493489404
52.3 0.408876243375 0.012595179441 177.014759246
52.4 0.408852489084 0.0125150762937 176.551977183
52.5 0.408803250337 0.0124356338576 176.080287078
52.6 0.408749260639 0.0123568454398 175.608667268
52.7 0.408711649594 0.012278704428 175.146174625
52.8 0.408670212094 0.0122012042892 174.684105779
52.9 0.408619213698 0.0121243385684 174.220015181
53.0 0.408591169445 0.0120481008875 173.767748929
53.1 0.408534636493 0.0119724849446 173.305397456
53.2 0.408493914918 0.0118974845126 172.851784796
53.3 0.408419095139 0.0118230934385 172.385781768
53.4 0.408248141092 0.0117493056421 171.881365603
53.5 0.408199931904 0.0116761151149 171.430749561
53.6 0.40815618426 0.0116035159196 170.983981995
53.7 0.408095151984 0.0115315021886 170.53194944
53.8 0.407957494346 0.0114600681236 170.049958521
53.9 0.407933113416 0.0113892079941 169.617195696
54.0 0.407890353464 0.0113189161368 169.17869099
54.1 0.407837550604 0.0112491869546 168.737938371
54.2 0.407804189124 0.0111800149157 168.307125494
54.3 0.407763383578 0.011111394553 167.875112494
54.4 0.407716682607 0.0110433204627 167.442546546
54.5 0.407500376383 0.0109757873039 166.942366349
54.6 0.407297593234 0.0109087897973 166.44991074
54.7 0.407265869032 0.0108423227251 166.02934793
54.8 0.407224424885 0.0107763809293 165.606635592
54.9 0.407047690077 0.0107109593117 165.130850226
55.0 0.406968550392 0.0106460528325 164.696628688
55.1 0.406923668918 0.0105816565099 164.278100694
55.2 0.406881489273 0.0105177654191 163.862445607
55.3 0.406846218732 0.0104543746917 163.451334996
55.4 0.406621610403 0.0103914795149 162.966086078
55.5 0.406594023161 0.0103290751308 162.561709233
55.6 0.406536653261 0.0102671568354 162.147161669
55.7 0.406512486659 0.0102057199786 161.74758037
55.8 0.406469400774 0.0101447599625 161.342170344
55.9 0.406430958723 0.0100842722416 160.940306152
56.0 0.406296880579 0.0100242523216 160.5023501
56.1 0.406213425994 0.00996469575893 160.086202786
56.2 0.406175086134 0.00990559816005 159.689544607
56.3 0.406134527597 0.00984695518076 159.293673455
56.4 0.406083184125 0.00978876252562 158.895233829
56.5 0.40606354506 0.00973101594728 158.510832089
56.6 0.406017668136 0.00967371124586 158.117805738
56.7 0.405935585387 0.00961684426836 157.712345092
56.8 0.40576118171 0.00956041090803 157.272789876
56.9 0.405724423495 0.00950440710379 156.888307856
57.0 0.405692947144 0.00944882883964 156.507449868
57.1 0.405610094104 0.00939367214407 156.108385925
57.2 0.405446077836 0.00933893308951 155.679808599
57.3 0.405407336222 0.00928460779175 155.301007784
57.4 0.405369191486 0.00923069240941 154.923987655
57.5 0.405329796813 0.00917718314336 154.54803341
57.6 0.405296856561 0.0091240762362 154.176070172
57.7 0.405257768791 0.00907136797176 153.803289248
57.8 0.40521520255 0.00901905467452 153.430708698
57.9 0.405185766039 0.00896713270914 153.064602872
58.0 0.405150010833 0.00891559847993 152.697598716
58.1 0.405116806315 0.00886444843037 152.333039249
58.2 0.405079324025 0.00881367904259 151.968347565
58.3 0.40503237238 0.00876328683692 151.60158309
58.4 0.405009160238 0.00871326837136 151.245163181
58.5 0.404975667822 0.00866362024117 150.886343335
58.6 0.404927713205 0.00861433907835 150.523587115
58.7 0.404907954778 0.00856542155122 150.172744315
58.8 0.404697867554 0.00851686436393 149.752873009
58.9 0.404647316573 0.00846866425606 149.393614086
59.0 0.404491854587 0.00842081800215 148.997145725
59.1 0.404410285982 0.00837332241126 148.629437021
59.2 0.404245170743 0.00832617432657 148.232562859
59.3 0.404189235657 0.00827937062494 147.877233835
59.4 0.404155015245 0.00823290821649 147.531242546
59.5 0.404121178561 0.00818678404422 147.186758467
59.6 0.404095625307 0.00814099508356 146.8466437
59.7 0.404058609223 0.00809553834203 146.503710755
59.8 0.404021458103 0.00805041085877 146.162078117
59.9 0.40399264998 0.00800560970423 145.824798799
60.0 0.403957306267 0.00796113197975 145.486486575
60.1 0.403921373275 0.00791697481719 145.149286642
60.2 0.403885441846 0.00787313537855 144.813404901
60.3 0.403851779548 0.0078296108556 144.479645266
60.4 0.403824501268 0.00778639846956 144.14946393
60.5 0.403790652453 0.00774349547069 143.818224542
60.6 0.403744112789 0.00770089913797 143.483760488
60.7 0.403738786261 0.00765860677875 143.165208823
60.8 0.403685828756 0.0076166157284 142.831031212
60.9 0.403659322208 0.00757492334997 142.507485951
61.0 0.403627263868 0.00753352703387 142.183231005
61.1 0.403598849751 0.00749242419754 141.861504736
61.2 0.403449010988 0.00745161228513 141.498427512
61.3 0.4031840331 0.00741108876714 141.096471445
61.4 0.403148084311 0.00737085114018 140.776073295
61.5 0.403116001981 0.0073308969266 140.458248017
61.6 0.403083828197 0.0072912236742 140.141604101
61.7 0.403053821457 0.00725182895593 139.82691869
61.8 0.403022382468 0.0072127103696 139.512934408
61.9 0.402992527018 0.00717386553756 139.200689709
62.0 0.402955220199 0.00713529210646 138.887060541
62.1 0.402607324055 0.00709698774689 138.467799614
62.2 0.40253437044 0.00705895015317 138.144537611
62.3 0.402359893095 0.00702117704303 137.787736416
62.4 0.40203574347 0.00698366615733 137.381160325
62.5 0.401935700678 0.00694641525984 137.052582535
62.6 0.401908003447 0.00690942213689 136.749866861
62.7 0.401876578309 0.0068726845972 136.447020025
62.8 0.401851348778 0.00683620047153 136.147406174
62.9 0.401799902023 0.00679996761248 135.840047774
63.0 0.401794643504 0.00676398389423 135.549422127
63.1 0.401677559968 0.00672824721226 135.222229711
63.2 0.401546556233 0.00669275548314 134.891593394
63.3 0.401523218535 0.00665750664427 134.59829436
63.4 0.401489720651 0.00662249865361 134.302683061
63.5 0.401428754574 0.00658772948951 133.998997782
63.6 0.401256540774 0.0065531971504 133.659383567
63.7 0.401228234183 0.00651889965463 133.36888217
63.8 0.401203306093 0.00648483504017 133.080571637
63.9 0.40116864742 0.00645100136444 132.790100104
64.0 0.401089779987 0.00641739670408 132.486093589
64.1 0.40094071737 0.00638401915469 132.160072297
64.2 0.400907104337 0.00635086683067 131.873240665
64.3 0.400881739702 0.00631793786496 131.590165989
64.4 0.400855125595 0.00628523040886 131.30771471
64.5 0.400792762126 0.00625274263179 131.014606401
64.6 0.400643882577 0.00622047272113 130.694347786
64.7 0.400539039785 0.00618841888197 130.389608179
64.8 0.400408599325 0.00615657933694 130.077670916
64.9 0.400341564002 0.00612495232598 129.78743568
65.0 0.400195993732 0.00609353610621 129.472848474
65.1 0.400156272606 0.00606232895164 129.193590562
65.2 0.400136374775 0.00603132915307 128.921728275
65.3 0.399945103545 0.00600053501786 128.595740995
65.4 0.399896490212 0.00596994486974 128.316727083
65.5 0.399874507235 0.00593955704864 128.047245325
65.6 0.399848175393 0.0059093699105 127.777338482
65.7 0.399770638154 0.00587938182711 127.492066988
65.8 0.399654457477 0.00584959118592 127.195523691
65.9 0.399614886874 0.00581999638984 126.924384815
66.0 0.399577785425 0.00579059585713 126.654996127
66.1 0.399572775744 0.00576138802117 126.39671848
66.2 0.399526918037 0.00573237133032 126.126459063
66.3 0.399343659066 0.00570354424777 125.813872187
66.4 0.399326165502 0.00567490525134 125.554535469
66.5 0.399297463477 0.00564645283333 125.292596861
66.6 0.399270357638 0.00561818550039 125.032082787
66.7 0.399171579013 0.00559010177333 124.750087398
66.8 0.399062322412 0.00556220018696 124.465827258
66.9 0.399020008939 0.00553447928998 124.203415917
67.0 0.398989059925 0.00550693764477 123.945457861
67.1 0.398971086986 0.00547957382729 123.692426987
67.2 0.398758091729 0.00545238642691 123.379937847
67.3 0.398586722927 0.00542537404624 123.081422256
67.4 0.398432633009 0.00539853530105 122.789294502
67.5 0.39814678839 0.00537186882007 122.457679431
67.6 0.397985020461 0.00534537324486 122.165342715
67.7 0.397837612885 0.0053190472297 121.878440443
67.8 0.397738730314 0.00529288944141 121.607387126
67.9 0.397698925822 0.00526689855925 121.355310129
68.0 0.397662472757 0.00524107327478 121.105127079
68.1 0.397470966811 0.00521541229171 120.808681714
68.2 0.39736976206 0.00518991432577 120.540674776
68.3 0.397195279248 0.00516457810461 120.251416062
68.4 0.396989946808 0.00513940236764 119.953851448
68.5 0.396777879114 0.00511438586593 119.655302734
68.6 0.3965348847 0.00508952736206 119.348495549
68.7 0.396512444964 0.00506482563002 119.109022094
68.8 0.396471651041 0.00504027945508 118.864863547
68.9 0.396451421788 0.00501588763364 118.627693484
69.0 0.396292797195 0.00499164897319 118.349999747
69.1 0.396200544359 0.0049675622921 118.093052483
69.2 0.39586169846 0.00494362641957 117.763629199
69.3 0.395759358967 0.00491984019549 117.505588946
69.4 0.395655213084 0.00489620247032 117.247898108
69.5 0.395562046374 0.004872712105 116.994337055
69.6 0.39544575306 0.00484936797082 116.734814813
69.7 0.395406687214 0.00482616894933 116.498933959
69.8 0.395383708018 0.00480311393221 116.268579817
69.9 0.395244542338 0.00478020182119 116.004899
70.0 0.395075064639 0.00475743152792 115.73323965
70.1 0.394919197418 0.00473480197387 115.46649041
70.2 0.394778010117 0.00471231209026 115.20493611
70.3 0.394649694404 0.0046899608179 114.948021183
70.4 0.394561030277 0.00466774710715 114.703505227
70.5 0.394501548144 0.00464566991779 114.468280513
70.6 0.394345430834 0.00462372821889 114.205857175
70.7 0.394338055976 0.00460192098881 113.987319403
70.8 0.3942914309 0.00458024721499 113.758180572
70.9 0.394206774136 0.00455870589395 113.518852362
71.0 0.393958368033 0.00453729603112 113.233258846
71.1 0.39388882963 0.00451601664081 112.999953244
71.2 0.393890920118 0.00449486674608 112.787934183
71.3 0.393844288347 0.00447384537867 112.56268543
71.4 0.393826466542 0.0044529515789 112.34639964
71.5 0.393820834143 0.00443218439558 112.134294685
71.6 0.393780835361 0.00441154288595 111.91311654
71.7 0.393770162325 0.00439102611554 111.700984299
71.8 0.393733085882 0.00437063315814 111.482068785
71.9 0.393579189786 0.00435036309569 111.230855701
72.0 0.393535999397 0.00433021501821 111.01170813
72.1 0.393528536064 0.00431018802368 110.803336818
72.2 0.39349716249 0.00429028121802 110.588921904
72.3 0.393484079424 0.00427049371496 110.380335791
72.4 0.393454980261 0.00425082463599 110.167940873
72.5 0.393436231026 0.00423127311025 109.959127776
72.6 0.39340586655 0.00421183827449 109.747749726
72.7 0.393390070137 0.00419251927298 109.541112378
72.8 0.393375291785 0.00417331525741 109.335424083
72.9 0.393342960851 0.00415422538685 109.125528153
73.0 0.39333055957 0.00413524882767 108.921828016
73.1 0.393291815699 0.00411638475344 108.711499918
73.2 0.3932888007 0.00409763234488 108.511706895
73.3 0.393264336919 0.0040789907898 108.306644837
73.4 0.393186830636 0.004060459283 108.087658023
73.5 0.393018205815 0.00404203702621 107.844375116
73.6 0.392868093682 0.00402372322804 107.606957524
73.7 0.392843965404 0.0040055171039 107.404756907
73.8 0.392830326036 0.0039874178759 107.2060628
73.9 0.392646368637 0.00396942477285 106.961602729
74.0 0.392485471213 0.00395153703013 106.724208964
74.1 0.392413873562 0.00393375388967 106.511823155
74.2 0.392411338696 0.00391607459985 106.31882756
74.3 0.392283228204 0.00389849841547 106.092478199
74.4 0.392051773649 0.00388102459766 105.838957473
74.5 0.391858444728 0.00386365241383 105.596535319
74.6 0.391829925932 0.00384638113761 105.399229797
74.7 0.391718081892 0.00382921004877 105.18017204
74.8 0.391631939873 0.00381213843321 104.968701948
74.9 0.391469849847 0.00379516558282 104.737582997
75.0 0.391420315252 0.0037782907955 104.537264992
75.1 0.391395045264 0.00376151337505 104.344045821
75.2 0.391290261633 0.00374483263114 104.130270609
75.3 0.391205248243 0.00372824787925 103.922424057
75.4 0.391121489003 0.00371175844058 103.71556515
75.5 0.390856133273 0.00369536364206 103.461287859
75.6 0.390831742538 0.00367906281621 103.271500453
75.7 0.390695883827 0.00366285530118 103.052900834
75.8 0.390494666637 0.0036467404406 102.81778299
75.9 0.390221216581 0.00363071758362 102.564428137
76.0 0.390204396904 0.00361478608477 102.379218284
76.1 0.390183724266 0.00359894530398 102.193570642
76.2 0.390162884475 0.00358319460648 102.008451685
76.3 0.390130756255 0.00356753336278 101.820956571
76.4 0.389706582741 0.00355196094858 101.531898113
76.5 0.389646577859 0.00353647674478 101.338484975
76.6 0.389636610182 0.00352108013737 101.15866029
76.7 0.389494325911 0.00350577051742 100.945092807
76.8 0.389424628111 0.00349054728102 100.750971607
76.9 0.389407205747 0.00347540982923 100.57094995
77.0 0.389393330876 0.00346035756802 100.392391842
77.1 0.389369458133 0.00344538990826 100.211803973
77.2 0.38935353426 0.00343050626563 100.033808313
77.3 0.389343090734 0.00341570606062 99.8577587413
77.4 0.389314100978 0.00340098871844 99.6774940138
77.5 0.389215089452 0.003386353669 99.4798797705
77.6 0.389163661477 0.00337180034685 99.2950133119
77.7 0.389149731423 0.00335732819117 99.1202603018
77.8 0.38908030307 0.00334293664569 98.9319227136
77.9 0.388994251336 0.00332862515865 98.7399388654
78.0 0.388981098409 0.0033143931828 98.5670127704
78.1 0.388941820844 0.00330024017529 98.387997553
78.2 0.3887703509 0.00328616559768 98.1761396815
78.3 0.388749099782 0.00327216891589 98.0028034492
78.4 0.388527270951 0.00325824960015 97.7795079838
78.5 0.388059157131 0.00324440712494 97.495026135
78.6 0.387992206306 0.00323064096901 97.3120573097
78.7 0.387907566397 0.00321695061527 97.1252106095
78.8 0.387881531451 0.00320333555081 96.9535764824
78.9 0.38774300972 0.00318979526681 96.7543849976
79.0 0.38767911888 0.00317632925855 96.574389502
79.1 0.387553559717 0.00316293702533 96.3795970884
79.2 0.387494387466 0.00314961807048 96.201875122
79.3 0.387471030772 0.00313637190126 96.0335605469
79.4 0.387464636409 0.00312319802888 95.8699413548
79.5 0.387437678737 0.00311009596844 95.70172495
79.6 0.387419432743 0.00309706523889 95.5361540551
79.7 0.387414220443 0.00308410536302 95.3742797501
79.8 0.387394303992 0.00307121586737 95.2092667441
79.9 0.387151394682 0.00305839628227 94.9900262864
80.0 0.387041504726 0.00304564614174 94.8040347731
80.1 0.386759158141 0.0030329649835 94.5764261094
80.2 0.386687361201 0.00302035234891 94.400911564
80.3 0.386509108085 0.00300780778294 94.1999703011
80.4 0.386172122693 0.00299533083415 93.9610103567
80.5 0.386006499107 0.00298292105466 93.7644048089
80.6 0.385985691363 0.0029705780001 93.6035054815
80.7 0.385864632767 0.00295830122957 93.4188037444
80.8 0.385798138874 0.00294609030565 93.2478374779
80.9 0.385640204908 0.00293394479433 93.0553078062
81.0 0.385539078869 0.00292186426499 92.8770353367
81.1 0.385373061333 0.00290984829038 92.6836806935
81.2 0.38530808248 0.00289789644658 92.5151599462
81.3 0.38528640894 0.00288600831296 92.3575114356
81.4 0.385294690753 0.00287418347217 92.2074870098
81.5 0.38526903125 0.00286242151011 92.0497830379
81.6 0.385241957291 0.00285072201588 91.8921963733
81.7 0.385179290799 0.00283908458176 91.7265876468
81.8 0.385064126579 0.0028275088032 91.5489774369
81.9 0.385039087702 0.00281599427878 91.3932781889
82.0 0.385034320349 0.00280454061016 91.2428294339
82.1 0.384988091201 0.00279314740208 91.0830005614
82.2 0.384855325246 0.00278181426233 90.9031910297
82.3 0.384705066489 0.00277054080171 90.7197804991
82.4 0.384588827318 0.00275932663402 90.5449146633
82.5 0.384340414091 0.00274817137601 90.3394883784
82.6 0.384298521857 0.00273707464739 90.1831321342
82.7 0.384283360156 0.00272603607074 90.0334849287
82.8 0.384282035709 0.00271505527157 89.8874986859
82.9 0.384128451404 0.00270413187823 89.7063669765
83.0 0.383711238253 0.00269326552191 89.4642940598
83.1 0.383556514754 0.00268245583659 89.284044621
83.2 0.383287228245 0.00267170245907 89.0776917816
83.3 0.383219269319 0.00266100502889 88.9186582259
83.4 0.383058834625 0.00265036318831 88.7386544613
83.5 0.383031058956 0.00263977658235 88.5898523866
83.6 0.383027260675 0.00262924485866 88.4470060979
83.7 0.382980935501 0.0026187676676 88.2947550309
83.8 0.382829513096 0.00260834466216 88.1187423317
83.9 0.382817531803 0.00259797549794 87.9752795156
84.0 0.382799786814 0.00258765983313 87.830894937
84.1 0.38277941962 0.00257739732852 87.6863129696
84.2 0.38275542943 0.00256718764742 87.5413059842
84.3 0.38276405963 0.0025570304557 87.404152505
84.4 0.382713816483 0.0025469254217 87.2539560294
84.5 0.382424009546 0.00253687221628 87.0496490585
84.6 0.382387216488 0.00252687051273 86.9034349194
84.7 0.382387427846 0.00251691998682 86.7660245259
84.8 0.382361225664 0.00250702031671 86.6230092886
84.9 0.382251275327 0.00249717118296 86.461447523
85.0 0.382178295207 0.00248737226854 86.3086895007
85.1 0.381969062045 0.00247762325875 86.1256359485
85.2 0.381560373812 0.00246792384123 85.8982018504
85.3 0.381270818257 0.00245827370595 85.6982056449
85.4 0.381236145672 0.00244867254518 85.5559833814
85.5 0.381077611954 0.00243912005345 85.3864003493
85.6 0.381052545928 0.00242961592758 85.2471536303
85.7 0.380924756309 0.00242015986659 85.0853443884
85.8 0.380410735108 0.00241075157176 84.8378516695
85.9 0.380158160382 0.00240139074655 84.6492943028
86.0 0.380070629083 0.00239207709661 84.4979648587
86.1 0.380064506846 0.00238281032974 84.3651251374
86.2 0.379936938948 0.00237359015591 84.2057303898
86.3 0.379723086589 0.00236441628721 84.0276852807
86.4 0.379652076415 0.00235528843782 83.8817009691
86.5 0.379354349191 0.00234620632404 83.6861035624
86.6 0.379198263315 0.00233716966424 83.5222582939
86.7 0.378749991776 0.00232817817882 83.2946112264
86.8 0.378687423639 0.00231923159024 83.1523092298
86.9 0.378537250772 0.002310329623 82.9911890976
87.0 0.378322849917 0.00230147200357 82.8164553272
87.1 0.378154266523 0.00229265846043 82.6522234229
87.2 0.377871931096 0.00228388872401 82.4636222148
87.3 0.377703132798 0.00227516252674 82.3002898019
87.4 0.377546398245 0.00226647960293 82.1400335283
87.5 0.377538473749 0.00225783968886 82.0125449443
87.6 0.377434357942 0.00224924252269 81.8645338679
87.7 0.376958206474 0.00224068784448 81.6363560897
87.8 0.376857018277 0.00223217539615 81.4899066563
87.9 0.376703816516 0.00222370492152 81.3326254327
88.0 0.376506635024 0.00221527616619 81.1662940978
88.1 0.376225297983 0.00220688887765 80.9823064277
88.2 0.376120941666 0.00219854280516 80.8368672803
88.3 0.376068816065 0.0021902376998 80.7030306409
88.4 0.375941376918 0.00218197331443 80.5534149833
88.5 0.375734373239 0.00217374940367 80.387182752
88.6 0.375485622779 0.00216556572389 80.2124883753
88.7 0.375236768118 0.00215742203322 80.0382529113
88.8 0.375220969423 0.0021493180915 79.9141328062
88.9 0.375213875211 0.00214125366027 79.7921917078
89.0 0.375180579335 0.00213322850279 79.6650081306
89.1 0.375060062383 0.00212524238399 79.5196687232
89.2 0.375021791252 0.00211729507047 79.392131697
89.3 0.37500057073 0.00210938633048 79.2685360859
89.4 0.374948656981 0.00210151593392 79.1387873381
89.5 0.374665442805 0.00209368365231 78.9606354196
89.6 0.374550679716 0.00208588925879 78.8184192562
89.7 0.374481706194 0.00207813252811 78.6862044905
89.8 0.374303809068 0.00207041323658 78.5314867561
89.9 0.373990568924 0.00206273116211 78.3488322033
90.0 0.373819498515 0.00205508608417 78.1964166384
90.1 0.373612847905 0.00204747778377 78.03697866
90.2 0.373392124822 0.00203990604346 77.8750355211
90.3 0.373305586854 0.00203237064733 77.7414735465
90.4 0.373074542738 0.00202487138097 77.5782149761
90.5 0.372831453903 0.00201740803145 77.4128955932
90.6 0.372664934971 0.00200998038737 77.2638971413
90.7 0.372451051842 0.00200258823877 77.105490541
90.8 0.372395022791 0.00199523137718 76.9801396884
90.9 0.372304706041 0.00198790959555 76.8480384109
91.0 0.372197211257 0.00198062268831 76.7127431961
91.1 0.372187849196 0.0019733704513 76.5979998772
91.2 0.372093693478 0.00196615268177 76.4661263335
91.3 0.371918459551 0.00195896917837 76.3179606081
91.4 0.371842402451 0.00195181974119 76.1905088477
91.5 0.371709973637 0.00194470417164 76.051855107
91.6 0.371560305635 0.00193762227255 75.9100435796
91.7 0.371399543793 0.0019305738481 75.7663420267
91.8 0.371239164619 0.0019235587038 75.6230967994
91.9 0.37119625369 0.00191657664653 75.5041222552
92.0 0.371179351024 0.00190962748448 75.3907360625
92.1 0.370854972641 0.00190271102717 75.2152782076
92.2 0.37043789953 0.00189582708542 75.0215171867
92.3 0.37038278433 0.00188897547134 74.9014761469
92.4 0.370201739758 0.00188215599836 74.756313731
92.5 0.370026960954 0.00187536848114 74.6127953439
92.6 0.369912942633 0.00186861273564 74.4818866078
92.7 0.369847930389 0.00186188857908 74.3611697806
92.8 0.369728773578 0.00185519582991 74.2298915559
92.9 0.369452935287 0.00184853430783 74.0675413524
93.0 0.369333997946 0.00184190383374 73.9370298071
93.1 0.369096099144 0.00183530422981 73.7830742844
93.2 0.36892655127 0.00182873531936 73.6431664284
93.3 0.368746007031 0.00182219692696 73.5014298497
93.4 0.368659383534 0.00181568887833 73.3787555906
93.5 0.368271643894 0.00180921100039 73.1965456343
93.6 0.368109578533 0.00180276312124 73.0596092357
93.7 0.368090167553 0.00179634507011 72.9512989015
93.8 0.368078281549 0.00178995667742 72.8447493459
93.9 0.368007229068 0.0017835977747 72.7267734468
94.0 0.367902903262 0.00177726819464 72.6025300476
94.1 0.367685042981 0.00177096777104 72.4562298182
94.2 0.367456982316 0.00176469633883 72.3083012017
94.3 0.36740704943 0.00175845373404 72.1957580142
94.4 0.367397711965 0.0017522397938 72.0914629924
94.5 0.36726627033 0.00174605435633 71.9635012983
94.6 0.3668910111 0.00173989726094 71.78815847
94.7 0.366641941044 0.00173376834801 71.6379312072
94.8 0.36636904135 0.00172766745899 71.4834426655
94.9 0.366322242573 0.00172159443638 71.3734070569
95.0 0.366242445905 0.00171554912373 71.2572255292
95.1 0.366130826546 0.00170953136565 71.135152577
95.2 0.36601308735 0.00170354100775 71.0122000255
95.3 0.365974070801 0.00169757789671 70.9048094056
95.4 0.36584520474 0.00169164188018 70.7803016019
95.5 0.365792594434 0.00168573280686 70.6708402467
95.6 0.365458350013 0.00167985052642 70.5073151517
95.7 0.365028824935 0.00167399488955 70.3258561181
95.8 0.364937412011 0.00166816574792 70.2099186353
95.9 0.364723683901 0.00166236295417 70.0707710161
96.0 0.364680892023 0.00165658636192 69.9647715133
96.1 0.364661475767 0.00165083582576 69.8635113822
96.2 0.364652861218 0.00164511120122 69.7645653889
96.3 0.36437921223 0.00163941234479 69.6152251153
96.4 0.364095496815 0.00163373911391 69.4643451866
96.5 0.363874489228 0.00162809136694 69.325797295
96.6 0.363543416654 0.00162246896319 69.1666591468
96.7 0.363400162775 0.00161687176287 69.0436124675
96.8 0.363188743287 0.00161129962711 68.9079396543
96.9 0.363064216324 0.00160575241795 68.7890718446
97.0 0.36278883154 0.00160022999834 68.6419557469
97.1 0.362379643666 0.00159473223211 68.4699308963
97.2 0.362303997779 0.00158925898397 68.3612814719
97.3 0.362289231008 0.00158381011954 68.2643694341
97.4 0.36207630487 0.00157838550528 68.1304043239
97.5 0.361831030235 0.00157298500855 67.990696124
97.6 0.361631606811 0.00156760849754 67.8599428254
97.7 0.361175820649 0.00156225584131 67.6814753208
97.8 0.360870716143 0.00155692690977 67.5316623002
97.9 0.360361922592 0.00155162157366 67.3441618712
98.0 0.359994404906 0.00154633970458 67.1835074844
98.1 0.359718001663 0.00154108117492 67.0402409073
98.2 0.35966466213 0.00153584585792 66.938848908
98.3 0.359333945978 0.00153063362764 66.7861481788
98.4 0.35914630037 0.00152544435894 66.6603867733
98.5 0.358730723706 0.00152027792747 66.4926878401
98.6 0.358165511413 0.00151513420971 66.2977152937
98.7 0.358010116504 0.00151001308292 66.1789966364
98.8 0.358000549321 0.00150491442512 66.0874890274
98.9 0.357765999471 0.00149983811516 65.9547225905
99.0 0.357446113707 0.00149478403263 65.8065742389
99.1 0.35716064 0.0014897520579 65.665122611
99.2 0.357014636178 0.0014847420721 65.5496299294
99.3 0.356604995833 0.00147975395712 65.3860788924
99.4 0.356071250283 0.00147478759561 65.20021359
99.5 0.355652761609 0.00146984287095 65.0358949852
99.6 0.35528476916 0.00146491966728 64.8812099769
99.7 0.355092248493 0.00146001786947 64.758912026
99.8 0.354841232738 0.0014551373631 64.6262591867
99.9 0.354722092049 0.00145027803452 64.5179184021
100.0 0.354289827653 0.00144543977075 64.3529628815
100.1 0.353955779123 0.00144062245955 64.2062355555
100.2 0.353880988076 0.0014358259894 64.1068368283
100.3 0.353565696662 0.00143105024946 63.9641652247
100.4 0.352831529362 0.00142629512961 63.7461669808
100.5 0.352786736003 0.0014215605204 63.6531044323
100.6 0.352757697113 0.0014168463131 63.5630998296
100.7 0.352756193036 0.00141215239963 63.4782609778
100.8 0.352339853993 0.00140747867262 63.3190690523
100.9 0.352181429977 0.00140282502535 63.2065598781
101.0 0.351906499602 0.00139819135179 63.0734390501
101.1 0.35139420231 0.00139357754655 62.8981551252
101.2 0.350900755406 0.00138898350491 62.7266769128
101.3 0.350763232947 0.00138440912282 62.6191649021
101.4 0.350476117489 0.00137985429687 62.4852387396
101.5 0.350258163378 0.00137531892427 62.3639526994
101.6 0.350095842307 0.00137080290292 62.2528514144
101.7 0.34964329168 0.00136630613131 62.0904757209
101.8 0.348934383627 0.00136182850858 61.8830354035
101.9 0.348662372163 0.0013573699345 61.7534944461
102.0 0.348237065103 0.00135293030947 61.5971513217
102.1 0.347731443911 0.00134850953448 61.4270039557
102.2 0.347411019244 0.00134410751117 61.2899480176
102.3 0.347103380034 0.00133972414175 61.1554769575
102.4 0.34665887524 0.00133535932906 60.9972485939
102.5 0.34622897551 0.00133101297653 60.8419738463
102.6 0.345619983986 0.00132668498821 60.6556479374
102.7 0.344892555337 0.0013223752687 60.4490235017
102.8 0.344601118183 0.00131808372322 60.3192277459
102.9 0.344206228662 0.00131381025756 60.1716591574
103.0 0.343978223359 0.00130955477809 60.0535841018
103.1 0.343823743543 0.00130531719176 59.9486099126
103.2 0.343517252364 0.0013010974061 59.8174125074
103.3 0.343192807976 0.00129689532917 59.6834076339
103.4 0.34286940455 0.00129271086964 59.5499053166
103.5 0.34252850511 0.00128854393671 59.4136884376
103.6 0.342047517269 0.00128439444014 59.2535308066
103.7 0.341793025115 0.00128026229024 59.1329474068
103.8 0.34154934495 0.00127614739789 59.0145183643
103.9 0.341388483424 0.00127204967447 58.9106611213
104.0 0.341049161077 0.00126796903193 58.776290718
104.1 0.340780058811 0.00126390538275 58.6543275336
104.2 0.340119246896 0.00125985863995 58.4653197745
104.3 0.339560966735 0.00125582871706 58.2943752266
104.4 0.339196248848 0.00125181552814 58.1570322753
104.5 0.338634916961 0.00124781898778 57.9863498449
104.6 0.338256282695 0.00124383901109 57.8473246876
104.7 0.337837116206 0.00123987551367 57.7017084202
104.8 0.337568043157 0.00123592841164 57.5820432579
104.9 0.337118010874 0.00123199762166 57.4318314293
105.0 0.337005680262 0.00122808306083 57.3394369815
105.1 0.336960936496 0.00122418464681 57.2587392199
105.2 0.336670329868 0.00122030229772 57.1364978698
105.3 0.336593930352 0.00121643593217 57.0508509923
105.4 0.336416987817 0.00121258546929 56.9483785707
105.5 0.336023267258 0.00120875082866 56.8094936527
105.6 0.335887530082 0.00120493193037 56.7144982786
105.7 0.335679512254 0.00120112869498 56.6075314491
105.8 0.335328739725 0.0011973410435 56.4767693876
105.9 0.335136506705 0.00119356889746 56.3729829553
106.0 0.334660476621 0.00118981217882 56.2217590814
106.1 0.333965456767 0.00118607081003 56.0341512568
106.2 0.333088687094 0.00118234471398 55.8165377773
106.3 0.33278592114 0.00117863381404 55.6955163066
106.4 0.332400789153 0.00117493803403 55.5610096025
106.5 0.33188055398 0.00117125729821 55.4042647589
106.6 0.331489378548 0.00116759153131 55.269409833
106.7 0.331107961123 0.00116394065849 55.1364962999
106.8 0.330740104304 0.00116030460537 55.006149448
106.9 0.330129892065 0.00115668329799 54.8358511579
107.0 0.329439865378 0.00115307666285 54.6527165509
107.1 0.328994336512 0.00114948462688 54.5105287817
107.2 0.328643034699 0.00114590711742 54.3842675573
107.3 0.328246150524 0.00114234406226 54.2507664492
107.4 0.327874701512 0.00113879538961 54.1217754691
107.5 0.327669386809 0.00113526102811 54.0204739723
107.6 0.327213511509 0.0011317409068 53.878146765
107.7 0.326715009507 0.00112823495517 53.7291423632
107.8 0.326076700775 0.00112474310309 53.5575241953
107.9 0.325812809346 0.00112126528087 53.4477322056
108.0 0.32546870073 0.00111780141919 53.3250488401
108.1 0.324566355053 0.00111435144919 53.1113000877
108.2 0.323600612698 0.00111091530237 52.887698678
108.3 0.322889346003 0.00110749291065 52.7061686673
108.4 0.321917724356 0.00110408420634 52.4826208985
108.5 0.321184025052 0.00110068912214 52.2983456647
108.6 0.320743974015 0.00109730759116 52.1622605363
108.7 0.320272713645 0.0010939395469 52.02142141
108.8 0.319234672745 0.00109058492321 51.7889611075
108.9 0.318420375425 0.00108724365438 51.5933057249
109.0 0.31801457553 0.00108391567504 51.4642184918
109.1 0.317570464931 0.00108060092021 51.3292363492
109.2 0.316929310142 0.00107729932529 51.1627563781
109.3 0.316522647369 0.00107401082606 51.0344732386
109.4 0.315748987257 0.00107073535867 50.8473845371
109.5 0.315164105229 0.00106747285963 50.6910973868
109.6 0.314582586509 0.00106422326582 50.5357133364
109.7 0.314068352531 0.00106098651449 50.391485301
109.8 0.313860949835 0.00105776254324 50.2967603782
109.9 0.313545926312 0.00105455129005 50.1850219954
110.0 0.313054754749 0.00105135269325 50.0453775806
110.1 0.312556937532 0.0010481666915 49.9049930648
110.2 0.312415122333 0.00104499322385 49.8217037435
110.3 0.312159385179 0.00104183222967 49.7204526807
110.4 0.311664817391 0.0010386836487 49.581434183
110.5 0.311188915347 0.00103554742101 49.445700091
110.6 0.310698881072 0.00103242348702 49.3080335836
110.7 0.310218342089 0.00102931178749 49.1721869983
110.8 0.31007801111 0.00102621226352 49.0905112258
110.9 0.309840661332 0.00102312485654 48.9936734389
111.0 0.309116852683 0.00102004950833 48.8202226098
111.1 0.308447927042 0.00101698616098 48.6558294957
111.2 0.30791799036 0.00101393475692 48.5137127892
111.3 0.307672452082 0.00101089523892 48.416674498
111.4 0.307106212403 0.00100786755005 48.2694455288
111.5 0.306776218768 0.00100485163372 48.1596400041
111.6 0.306362481087 0.00100184743366 48.0369495833
111.7 0.30598573154 0.000998854893923 47.9203285909
111.8 0.305010103424 0.000995873958866 47.7102918062
111.9 0.304316904085 0.000992904573169 47.5448657165
112.0 0.303944149174 0.000989946681825 47.4298227242
112.1 0.302891724999 0.000987000230136 47.2091033315
112.2 0.302146250545 0.000984065163713 47.0366783518
112.3 0.301658533904 0.000981141428475 46.9047263572
112.4 0.301218720555 0.000978228970645 46.7805115404
112.5 0.300864451574 0.000975327736747 46.6698452633
112.6 0.300177756212 0.000972437673609 46.5079211747
112.7 0.299478715688 0.000969558728355 46.3444549135
112.8 0.299206728859 0.000966690848408 46.2473685484
112.9 0.298548243408 0.000963833981484 46.0908271493
113.0 0.297769712964 0.000960988075594 45.916129496
113.1 0.297502012915 0.000958153079038 45.8205061185
113.2 0.296560368698 0.000955328940408 45.6214164404
113.3 0.295785586696 0.000952515608581 45.4484202704
113.4 0.2951463712 0.00094971303272 45.2966223362
113.5 0.294800316405 0.000946921162272 45.190105464
113.6 0.293878203001 0.000944139946966 44.9956236427
113.7 0.293115106598 0.000941369336812 44.8259025933
113.8 0.292637255621 0.000938609282095 44.7001363795
113.9 0.292391680097 0.00093585973338 44.6100884691
114.0 0.292175946701 0.000933120641505 44.5247841904
114.1 0.29184538618 0.000930391957581 44.4221866312
114.2 0.291486781606 0.000927673632989 44.3155506288
114.3 0.290369849419 0.000924965619383 44.0939935924
114.4 0.289320345069 0.00092226786868 43.8831673095
114.5 0.288869169513 0.000919580333067 43.7634654533
114.6 0.28824105534 0.000916902964992 43.6172535241
114.7 0.28734570163 0.000914235717168 43.4309759865
114.8 0.286904363813 0.000911578542567 43.3136604796
114.9 0.286487975275 0.000908931394423 43.2003657451
115.0 0.285972891698 0.000906294226223 43.0724548905
115.1 0.285577254917 0.000903666991716 42.9627967637
115.2 0.285062049174 0.000901049644899 42.835411645
115.3 0.28440912149 0.000898442140026 42.6876368293
115.4 0.283656244922 0.0008958444316 42.525206339
115.5 0.283009550097 0.000893256474376 42.3790382009
115.6 0.282654197959 0.000890678223353 42.2767706872
115.7 0.282180148565 0.000888109633779 42.1569925266
115.8 0.280937231433 0.000885550661147 41.9227431871
115.9 0.280289296928 0.000883001261192 41.7777045274
116.0 0.279753602043 0.000880461389891 41.6496969322
116.1 0.279177173273 0.000877931003462 41.515913192
116.2 0.278910345211 0.000875410058359 41.4284109548
116.3 0.278041900976 0.000872898511277 41.2518372255
116.4 0.276866386524 0.000870396319144 41.0301498429
116.5 0.275797819527 0.000867903439123 40.8247893326
116.6 0.274815569457 0.000865419828609 40.6326493328
116.7 0.27390039795 0.00086294544523 40.4508433144
116.8 0.273106875812 0.000860480246841 40.2873859334
116.9 0.271894843809 0.000858024191528 40.0626239754
117.0 0.270652432656 0.000855577237603 39.8338922449
117.1 0.26952398703 0.000853139343602 39.6224245516
117.2 0.268719702689 0.000850710468287 39.459027245
117.3 0.268172845589 0.000848290570642 39.333747734
117.4 0.267304875871 0.000845879609873 39.161696279
117.5 0.26646575145 0.000843477545405 38.9942453863
117.6 0.265702862044 0.00084108433688 38.8383065569
117.7 0.265469406795 0.000838699944161 38.760010246
117.8 0.264963725958 0.000836324327324 38.6421780338
117.9 0.263758998131 0.000833957446659 38.4227681063
118.0 0.262792680266 0.000831599262672 38.2385344216
118.1 0.262115022495 0.000829249736079 38.0966610028
118.2 0.261396928303 0.000826908827806 37.9492262361
118.3 0.260662486513 0.000824576498988 37.7997423823
118.4 0.259955521612 0.000822252710971 37.6545645265
118.5 0.259119287968 0.000819937425303 37.490999277
118.6 0.258291483618 0.000817630603741 37.3290096044
118.7 0.25773154242 0.000815332208244 37.2060421269
118.8 0.257368475737 0.000813042200976 37.1117286428
118.9 0.256698619869 0.000810760544299 36.9734275222
119.0 0.256321126842 0.00080848720078 36.8774887688
119.1 0.255708700672 0.00080622213318 36.7479916562
119.2 0.255281486833 0.000803965304462 36.6453608369
119.3 0.25456403325 0.000801716677783 36.501331981
119.4 0.253674293303 0.000799476216497 36.3329386306
119.5 0.253045241615 0.000797243884151 36.2022068905
119.6 0.252520085234 0.000795019644487 36.0866037238
119.7 0.25217850653 0.000792803461437 35.9974527943
119.8 0.251703374608 0.000790595299125 35.8894469547
119.9 0.251104851646 0.000788395121862 35.7640968716
120.0 0.250270463435 0.00078620289415 35.6054592769
120.1 0.249181851119 0.000784018580678 35.4110367375
120.2 0.248379444479 0.00078184214632 35.2576635185
120.3 0.247346223484 0.000779673556136 35.0718929821
120.4 0.246388955037 0.000777512775368 34.8972823431
120.5 0.245403254436 0.000775359769443 34.7190264757
120.6 0.244314170601 0.000773214503967 34.5265455923
120.7 0.243351247472 0.00077107694473 34.3522904406
120.8 0.242404278634 0.000768947057698 34.1806607056
120.9 0.242025538145 0.000766824809017 34.0894359459
121.0 0.241397333634 0.000764710165009 33.9633043233
121.1 0.240307658952 0.000762603092174 33.772586666
121.2 0.239665645749 0.000760503557187 33.6451244557
121.3 0.238864482864 0.000758411526894 33.4956160311
121.4 0.238121853 0.000756326968317 33.3546261462
121.5 0.236912569044 0.000754249848648 33.1486429467
121.6 0.236071933261 0.000752180135253 32.9946275418
121.7 0.235493831396 0.000750117795664 32.8775937446
121.8 0.234851320928 0.000748062797584 32.7518250103
121.9 0.234382618983 0.000746015108884 32.6505349527
122.0 0.233334084046 0.0007439746976 32.4687727461
122.1 0.232620471649 0.000741941531935 32.3339532668
122.2 0.231755282327 0.000739915580258 32.1783736089
122.3 0.230712845846 0.0007378968111 31.9985418169
122.4 0.229935211726 0.000735885193155 31.8557802884
122.5 0.229164908053 0.00073388069528 31.7143357905
122.6 0.228597799171 0.000731883286491 31.6012803597
122.7 0.227218134647 0.000729892935967 31.3762574719
122.8 0.225560482053 0.000727909613043 31.1133709261
122.9 0.224653193429 0.000725933287213 30.9544389907
123.0 0.22387294969 0.000723963928128 30.8133300735
123.1 0.22331817204 0.000722001505597 30.7035178395
123.2 0.222746507095 0.000720045989582 30.5916159241
123.3 0.221782617121 0.000718097350199 30.4261390288
123.4 0.22051276669 0.000716155557719 30.2190834685
123.5 0.219937714172 0.000714220582565 30.1075799255
123.6 0.219057191769 0.000712292395311 29.9545382344
123.7 0.218471645189 0.000710370966682 29.8421112895
123.8 0.217211685273 0.000708456267553 29.6378970613
123.9 0.216150489044 0.000706548268949 29.4612070277
124.0 0.215400496413 0.000704646942039 29.3272611022
124.1 0.214917622344 0.000702752258144 29.2299252069
124.2 0.213957652999 0.000700864188729 29.0679731835
124.3 0.213504767197 0.000698982705404 28.9751790387
124.4 0.212738594256 0.000697107779923 28.8401051525
124.5 0.211950008547 0.000695239384187 28.7022783289
124.6 0.21150811165 0.000693377490237 28.611637575
124.7 0.210596772829 0.000691522070256 28.4577479272
124.8 0.209827895357 0.000689673096569 28.3234103324
124.9 0.208890027959 0.000687830541642 28.1665661654
125.0 0.208124154856 0.000685994378079 28.0332166802
125.1 0.207170427027 0.000684164578623 27.874868692
125.2 0.205853322259 0.000682341116156 27.6680112621
125.3 0.205064483589 0.000680523963697 27.5325145605
125.4 0.204265057712 0.000678713094399 27.3958794291
125.5 0.203666446595 0.000676908481554 27.2864324432
125.6 0.203006377576 0.000675110098586 27.1689859372
125.7 0.202110609533 0.000673317919053 27.0202712048
125.8 0.200953323942 0.000671531916649 26.8369402416
125.9 0.200154345494 0.000669752065197 26.7017920323
126.0 0.199840939512 0.000667978338652 26.6316329386
126.1 0.199556651911 0.000666210711103 26.5654915924
126.2 0.199042092741 0.000664449156764 26.4688612684
126.3 0.197858500503 0.000662693649984 26.2835539118
126.4 0.197239271008 0.000660944165235 26.1735224163
126.5 0.196314734065 0.000659200677122 26.023245324
126.6 0.195521150995 0.000657463160372 25.890619584
126.7 0.19448889326 0.000655731589842 25.7266954289
126.8 0.193678666283 0.000654005940514 25.5924492093
126.9 0.192831072595 0.000652286187494 25.4535468081
127.0 0.191584248454 0.000650572306012 25.2622877475
127.1 0.190157717988 0.000648864271422 25.0477536485
127.2 0.189009595878 0.0006471620592 24.8702979609
127.3 0.188122079137 0.000645465644947 24.7274637049
127.4 0.187621658352 0.000643775004381 24.6357507095
127.5 0.186989810628 0.000642090113343 24.5269845898
127.6 0.186346549672 0.000640410947794 24.4169445123
127.7 0.185519232413 0.000638737483813 24.2830369349
127.8 0.184601646233 0.000637069697599 24.1376001948
127.9 0.182893681322 0.000635407565469 23.8892236323
128.0 0.181627497269 0.000633751063855 23.6990044947
128.1 0.180204908156 0.000632100169307 23.4887900274
128.2 0.17906831021 0.000630454858492 23.3162469087
128.3 0.178204483648 0.00062881510819 23.1795377649
128.4 0.177472933895 0.000627180895296 23.0602951272
128.5 0.17666274132 0.000625552196822 22.9310867953
128.6 0.175938549388 0.000623928989888 22.8132927206
128.7 0.175092998175 0.000622311251731 22.6800177714
128.8 0.174541025456 0.000620698959697 22.5850018648
128.9 0.174012594403 0.000619092091246 22.4932203039
129.0 0.173112089799 0.000617490623946 22.3535781813
129.1 0.172248291618 0.000615894535477 22.2189546527
129.2 0.170779497152 0.000614303803627 22.0066444174
129.3 0.169491601087 0.000612718406294 21.8180545331
129.4 0.168344500786 0.000611138321484 21.6479545695
129.5 0.167516106224 0.000609563527311 21.5191416332
129.6 0.16636113939 0.000607994001993 21.3486810111
129.7 0.165272646734 0.000606429723859 21.1870883776
129.8 0.164396724636 0.00060487067134 21.0530458716
129.9 0.162440482719 0.000603316822975 20.7810684556
130.0 0.161276507587 0.000601768157404 20.61089649
130.1 0.160221988656 0.000600224653375 20.4550433616
130.2 0.1592749694 0.000598686289737 20.3132154793
130.3 0.158463873288 0.000597153045443 20.1889909811
130.4 0.157965145775 0.000595624899547 20.1047725483
130.5 0.156861487846 0.000594101831204 19.9438090955
130.6 0.156175651988 0.000592583819674 19.8362391043
130.7 0.154934658387 0.000591070844313 19.658444719
130.8 0.153138224023 0.00058956288458 19.4106059537
130.9 0.152298891798 0.000588059920032 19.284459934
131.0 0.151071359083 0.000586561930324 19.1094621688
131.1 0.149828233527 0.000585068895212 18.9328466116
131.2 0.148326495459 0.000583580794547 18.7239408609
131.3 0.1474608307 0.00058209760828 18.5956689986
131.4 0.146305947555 0.000580619316455 18.4312188464
131.5 0.145825504668 0.000579145899215 18.3519764533
131.6 0.145223050386 0.000577677336798 18.2575511989
131.7 0.144073320189 0.000576213609537 18.0945793018
131.8 0.143073062608 0.000574754697859 17.9506875644
131.9 0.142377390253 0.000573300582285 17.8452594355
132.0 0.141194189526 0.00057185124343 17.6789969564
132.1 0.139868602495 0.000570406662001 17.4952569002
132.2 0.138746086439 0.0005689668188 17.3372597575
132.3 0.137546806227 0.000567531694717 17.1699955869
132.4 0.136410767356 0.000566101270737 17.0109518763
132.5 0.135354844695 0.000564675527934 16.8622060543
132.6 0.134276581158 0.000563254447472 16.7109760518
132.7 0.132361399904 0.000561838010607 16.4559962287
132.8 0.131467196559 0.000560426198683 16.328332876
132.9 0.130887451828 0.000559018993133 16.2399393252
133.0 0.12977364139 0.000557616375477 16.0855218906
133.1 0.128246153541 0.000556218327327 15.8801872095
133.2 0.12635816563 0.000554824830378 15.630667159
133.3 0.124949325833 0.000553435866414 15.4408562927
133.4 0.124103329693 0.000552051417306 15.3209073459
133.5 0.122470854455 0.000550671465011 15.1041995891
133.6 0.120461863711 0.000549295991569 14.8415338909
133.7 0.11900440182 0.000547924979109 14.6472739389
133.8 0.117999987746 0.000546558409842 14.509105354
133.9 0.116479489494 0.000545196266064 14.3078160966
134.0 0.115337278002 0.000543838530153 14.153346265
134.1 0.113806360959 0.000542485184574 13.9515300349
134.2 0.112122050098 0.000541136211871 13.7313274175
134.3 0.110271691178 0.000539791594672 13.4912454069
134.4 0.108683771347 0.000538451315688 13.2837148391
134.5 0.107303546775 0.000537115357708 13.101954299
134.6 0.105705554087 0.000535783703605 12.8939888646
134.7 0.104430011823 0.000534456336333 12.7257273128
134.8 0.10286652235 0.000533133238923 12.5227429537
134.9 0.101038680633 0.000531814394489 12.2880089218
135.0 0.0995017370473 0.000530499786221 12.0890807008
135.1 0.0978670079939 0.00052918939739 11.8786752001
135.2 0.0966378803193 0.000527883211346 11.7178650667
135.3 0.0958578616011 0.000526581211515 11.6117734259
135.4 0.0948033457253 0.000525283381402 11.4726704351
135.5 0.0933129971509 0.000523989704587 11.2811493109
135.6 0.0916817084358 0.00052270016473 11.0729815829
135.7 0.0904217760771 0.000521414745564 10.9100289101
135.8 0.0893639025307 0.0005201334309 10.7717508216
135.9 0.0878999097651 0.000518856204625 10.5848381383
136.0 0.0869514032755 0.000517583050698 10.4603043811
136.1 0.0861664699628 0.000516313953155 10.3556717894
136.2 0.0848079176801 0.000515048896106 10.1823715412
136.3 0.0839634242828 0.000513787863735 10.0710687184
136.4 0.0828449113971 0.000512530840298 9.9271468328
136.5 0.0813912158887 0.000511277810127 9.7433801531
136.6 0.0800580291061 0.000510028757623 9.57438354692
136.7 0.078295309539 0.000508783667262 9.35439705456
136.8 0.0766793327147 0.000507542523591 9.15235418399
136.9 0.0755115510501 0.000506305311227 9.00414820129
137.0 0.0741183028506 0.000505072014862 8.82937109411
137.1 0.072617971913 0.000503842619255 8.64218960567
137.2 0.0704237028928 0.000502617109236 8.37286736173
137.3 0.0686208950941 0.000501395469707 8.15056514285
137.4 0.067577998158 0.000500177685638 8.01886615903
137.5 0.0660387758523 0.000498963742068 7.82858484429
137.6 0.0648937372143 0.000497753624106 7.68535527016
137.7 0.0635594985614 0.000496547316928 7.52001741528
137.8 0.0616716977563 0.000495344805781 7.28956842208
137.9 0.0604620556697 0.000494146075975 7.13964562466
138.0 0.0582208293899 0.000492951112893 6.8683161272
138.1 0.0565726686354 0.00049175990198 6.66740751799
138.2 0.0552207889914 0.000490572428752 6.50177137134
138.3 0.0538279869993 0.000489388678788 6.33164098326
138.4 0.051987610505 0.000488208637735 6.10924243574
138.5 0.0510660668573 0.000487032291305 5.99514342141
138.6 0.0498958751019 0.000485859625275 5.85210054833
138.7 0.048367898935 0.000484690625488 5.66740995326
138.8 0.0459078097696 0.00048352527785 5.37396152527
138.9 0.0443216695496 0.000482363568332 5.18328353481
139.0 0.0429133673705 0.000481205482971 5.01374943698
139.1 0.0408951357665 0.000480051007863 4.77334873078
139.2 0.0395404312731 0.000478900129172 4.61078307884
139.3 0.0380872423646 0.000477752833122 4.43705587292
139.4 0.0367784545607 0.000476609106 4.28046769069
139.5 0.0350452688114 0.000475468934157 4.07483306325
139.6 0.0331074939706 0.000474332304004 3.84582671692
139.7 0.0312433419327 0.000473199202015 3.62580264686
139.8 0.0302477477204 0.000472069614723 3.50689930907
139.9 0.0293579742399 0.000470943528725 3.40047989664
140.0 0.0281956740355 0.000469820930677 3.26272730408
140.1 0.027353441061 0.000468701807295 3.16223929508
140.2 0.02654536527 0.000467586145357 3.06588761788
140.3 0.0256429051569 0.000466473931697 2.95882862035
140.4 0.0246692227446 0.000465365153212 2.84376304313
140.5 0.0230902332496 0.000464259796857 2.65920555647
140.6 0.0221877206699 0.000463157849646 2.55283193473
140.7 0.0210403369137 0.000462059298649 2.41851320657
140.8 0.0203416008769 0.000460964130998 2.33597093777
140.9 0.0195112016198 0.00045987233388 2.23847964706
141.0 0.0183941001466 0.000458783894541 2.10831160712
141.1 0.0173918338661 0.000457698800285 1.99154004666
141.2 0.0163827695155 0.000456617038469 1.87421190312
141.3 0.0156617994446 0.000455538596512 1.79003295075
141.4 0.0141862626576 0.000454463461886 1.61985317646
141.5 0.0133179743269 0.00045339162212 1.51926806117
141.6 0.0129325845783 0.000452323064799 1.4739081893
141.7 0.0123242475596 0.000451257777563 1.40324879573
141.8 0.0116381575472 0.000450195748107 1.32387794359
141.9 0.0105932365588 0.000449136964182 1.20387702056
142.0 0.00976026515714 0.000448081413592 1.10816670823
142.1 0.00919170853259 0.000447029084198 1.04262958516
142.2 0.00870075741723 0.000445979963913 0.986010330881
142.3 0.00819944934033 0.000444934040703 0.928324868774
142.4 0.00760313121268 0.000443891302591 0.860001015058
142.5 0.00688750810024 0.000442851737649 0.778323365732
142.6 0.00626707379082 0.000441815334005 0.707545719797
142.7 0.00560219692153 0.000440782079839 0.631888003937
142.8 0.00509800604 0.000439751963382 0.574479335972
142.9 0.00501559333674 0.00043872497292 0.564662561857
143.0 0.00482362014017 0.000437701096788 0.542541137535
143.1 0.00430939945267 0.000436680323375 0.484249863473
143.2 0.00384363863342 0.000435662641119 0.43150791862
143.3 0.00337411147421 0.000434648038512 0.378442058082
143.4 0.00319996561087 0.000433636504093 0.358574426384
143.5 0.00283742053921 0.000432628026456 0.317652314978
143.6 0.00253001059188 0.000431622594241 0.282973166025
143.7 0.00228608643532 0.000430620196142 0.255452667152
143.8 0.00223693196657 0.0004296208209 0.249727133713
143.9 0.00223727328488 0.000428624457307 0.249532683421
144.0 0.00222025338257 0.000427631094204 0.247403970392
144.1 0.00210518891357 0.000426640720481 0.234364163122
144.2 0.00167241016513 0.000425653325076 0.186011251054
144.3 0.00123466974757 0.000424668896976 0.137196738531
144.4 0.00109661405267 0.000423687425218 0.121742896985
144.5 0.00100997374734 0.000422708898885 0.112020378063
144.6 0.000922785932746 0.000421733307109 0.102255179831
144.7 0.000828695026669 0.000420760639068 0.0917438085104
144.8 0.000790152636652 0.000419790883989 0.087395885046
144.9 0.000619923249637 0.000418824031146 0.0685040348501
145.0 0.000528183325056 0.000417860069859 0.0583124686058
145.1 0.000427109390748 0.000416898989495 0.0471101678513
145.2 0.000396688406837 0.000415940779467 0.0437143581957
145.3 0.000396437428469 0.000414985429235 0.0436464163593
145.4 0.000358964242806 0.000414032928304 0.0394843278217
145.5 0.000264265970566 0.000413083266226 0.0290412092312
145.6 0.000264538309265 0.000412136432598 0.0290443856777
145.7 0.000264282615607 0.00041119241706 0.02898962924
145.8 9.57645503682e-05 0.000410251209301 0.0104949302312
145.9 0.0 0.000409312799051 0.0
146.0 0.0 0.000408377176087 0.0
146.1 0.0 0.000407444330229 0.0
146.2 0.0 0.000406514251343 0.0
146.3 0.0 0.000405586929336 0.0
146.4 0.0 0.000404662354161 0.0
146.5 0.0 0.000403740515813 0.0
146.6 0.0 0.000402821404332 0.0
146.7 0.0 0.000401905009799 0.0
146.8 0.0 0.000400991322339 0.0
146.9 0.0 0.000400080332119 0.0
147.0 0.0 0.000399172029349 0.0
147.1 0.0 0.00039826640428 0.0
147.2 0.0 0.000397363447207 0.0
147.3 0.0 0.000396463148466 0.0
147.4 0.0 0.000395565498432 0.0
147.5 0.0 0.000394670487525 0.0
147.6 0.0 0.000393778106203 0.0
147.7 0.0 0.000392888344968 0.0
147.8 0.0 0.000392001194361 0.0
147.9 0.0 0.000391116644962 0.0
148.0 0.0 0.000390234687395 0.0
148.1 0.0 0.000389355312321 0.0
148.2 0.0 0.000388478510443 0.0
148.3 0.0 0.000387604272501 0.0
148.4 0.0 0.000386732589278 0.0
148.5 0.0 0.000385863451593 0.0
148.6 0.0 0.000384996850307 0.0
148.7 0.0 0.000384132776318 0.0
148.8 0.0 0.000383271220564 0.0
148.9 0.0 0.00038241217402 0.0
149.0 0.0 0.000381555627701 0.0
149.1 0.0 0.000380701572659 0.0
149.2 0.0 0.000379849999985 0.0
149.3 0.0 0.000379000900808 0.0
149.4 0.0 0.000378154266292 0.0
149.5 0.0 0.000377310087641 0.0
149.6 0.0 0.000376468356097 0.0
149.7 0.0 0.000375629062936 0.0
149.8 0.0 0.000374792199474 0.0
149.9 0.0 0.00037395775706 0.0
150.0 0.0 0.000373125727084 0.0
150.1 0.0 0.00037229610097 0.0
150.2 0.0 0.000371468870177 0.0
150.3 0.0 0.000370644026202 0.0
150.4 0.0 0.000369821560577 0.0
150.5 0.0 0.00036900146487 0.0
150.6 0.0 0.000368183730684 0.0
150.7 0.0 0.000367368349658 0.0
150.8 0.0 0.000366555313465 0.0
150.9 0.0 0.000365744613814 0.0
151.0 0.0 0.000364936242448 0.0
151.1 0.0 0.000364130191145 0.0
151.2 0.0 0.000363326451719 0.0
151.3 0.0 0.000362525016014 0.0
151.4 0.0 0.000361725875913 0.0
151.5 0.0 0.000360929023331 0.0
151.6 0.0 0.000360134450215 0.0
151.7 0.0 0.000359342148548 0.0
151.8 0.0 0.000358552110346 0.0
151.9 0.0 0.000357764327657 0.0
152.0 0.0 0.000356978792565 0.0
152.1 0.0 0.000356195497183 0.0
152.2 0.0 0.00035541443366 0.0
152.3 0.0 0.000354635594177 0.0
152.4 0.0 0.000353858970946 0.0
152.5 0.0 0.000353084556213 0.0
152.6 0.0 0.000352312342255 0.0
152.7 0.0 0.000351542321383 0.0
152.8 0.0 0.000350774485938 0.0
152.9 0.0 0.000350008828293 0.0
153.0 0.0 0.000349245340852 0.0
153.1 0.0 0.000348484016053 0.0
153.2 0.0 0.000347724846363 0.0
153.3 0.0 0.00034696782428 0.0
153.4 0.0 0.000346212942334 0.0
153.5 0.0 0.000345460193086 0.0
153.6 0.0 0.000344709569127 0.0
153.7 0.0 0.000343961063079 0.0
153.8 0.0 0.000343214667593 0.0
153.9 0.0 0.000342470375352 0.0
154.0 0.0 0.000341728179069 0.0
154.1 0.0 0.000340988071486 0.0
154.2 0.0 0.000340250045375 0.0
154.3 0.0 0.000339514093538 0.0
154.4 0.0 0.000338780208807 0.0
154.5 0.0 0.000338048384043 0.0
154.6 0.0 0.000337318612134 0.0
154.7 0.0 0.000336590886002 0.0
154.8 0.0 0.000335865198594 0.0
154.9 0.0 0.000335141542886 0.0
155.0 0.0 0.000334419911886 0.0
155.1 0.0 0.000333700298626 0.0
155.2 0.0 0.000332982696171 0.0
155.3 0.0 0.00033226709761 0.0
155.4 0.0 0.000331553496063 0.0
155.5 0.0 0.000330841884678 0.0
155.6 0.0 0.000330132256629 0.0
155.7 0.0 0.00032942460512 0.0
155.8 0.0 0.000328718923381 0.0
155.9 0.0 0.000328015204669 0.0
156.0 0.0 0.000327313442271 0.0
156.1 0.0 0.0003266136295 0.0
156.2 0.0 0.000325915759694 0.0
156.3 0.0 0.000325219826221 0.0
156.4 0.0 0.000324525822474 0.0
156.5 0.0 0.000323833741875 0.0
156.6 0.0 0.000323143577869 0.0
156.7 0.0 0.000322455323931 0.0
156.8 0.0 0.00032176897356 0.0
156.9 0.0 0.000321084520283 0.0
157.0 0.0 0.000320401957651 0.0
157.1 0.0 0.000319721279244 0.0
157.2 0.0 0.000319042478665 0.0
157.3 0.0 0.000318365549544 0.0
157.4 0.0 0.000317690485536 0.0
157.5 0.0 0.000317017280324 0.0
157.6 0.0 0.000316345927613 0.0
157.7 0.0 0.000315676421134 0.0
157.8 0.0 0.000315008754646 0.0
157.9 0.0 0.000314342921929 0.0
158.0 0.0 0.000313678916792 0.0
158.1 0.0 0.000313016733065 0.0
158.2 0.0 0.000312356364605 0.0
158.3 0.0 0.000311697805292 0.0
158.4 0.0 0.000311041049034 0.0
158.5 0.0 0.000310386089758 0.0
158.6 0.0 0.00030973292142 0.0
158.7 0.0 0.000309081537998 0.0
158.8 0.0 0.000308431933493 0.0
158.9 0.0 0.000307784101932 0.0
159.0 0.0 0.000307138037366 0.0
159.1 0.0 0.000306493733867 0.0
159.2 0.0 0.000305851185533 0.0
159.3 0.0 0.000305210386484 0.0
159.4 0.0 0.000304571330865 0.0
159.5 0.0 0.000303934012844 0.0
159.6 0.0 0.000303298426609 0.0
159.7 0.0 0.000302664566376 0.0
159.8 0.0 0.000302032426381 0.0
159.9 0.0 0.000301402000882 0.0
160.0 0.0 0.000300773284162 0.0
160.1 0.0 0.000300146270526 0.0
160.2 0.0 0.0002995209543 0.0
160.3 0.0 0.000298897329835 0.0
160.4 0.0 0.000298275391503 0.0
160.5 0.0 0.000297655133697 0.0
160.6 0.0 0.000297036550833 0.0
160.7 0.0 0.000296419637351 0.0
160.8 0.0 0.00029580438771 0.0
160.9 0.0 0.000295190796392 0.0
161.0 0.0 0.000294578857901 0.0
161.1 0.0 0.000293968566763 0.0
161.2 0.0 0.000293359917524 0.0
161.3 0.0 0.000292752904752 0.0
161.4 0.0 0.000292147523037 0.0
161.5 0.0 0.00029154376699 0.0
161.6 0.0 0.000290941631243 0.0
161.7 0.0 0.000290341110448 0.0
161.8 0.0 0.000289742199281 0.0
161.9 0.0 0.000289144892434 0.0
162.0 0.0 0.000288549184625 0.0
162.1 0.0 0.000287955070588 0.0
162.2 0.0 0.000287362545082 0.0
162.3 0.0 0.000286771602882 0.0
162.4 0.0 0.000286182238787 0.0
162.5 0.0 0.000285594447614 0.0
162.6 0.0 0.000285008224202 0.0
162.7 0.0 0.000284423563408 0.0
162.8 0.0 0.000283840460111 0.0
162.9 0.0 0.000283258909209 0.0
163.0 0.0 0.000282678905619 0.0
163.1 0.0 0.000282100444279 0.0
163.2 0.0 0.000281523520147 0.0
163.3 0.0 0.0002809481282 0.0
163.4 0.0 0.000280374263433 0.0
163.5 0.0 0.000279801920863 0.0
163.6 0.0 0.000279231095523 0.0
163.7 0.0 0.00027866178247 0.0
163.8 0.0 0.000278093976776 0.0
163.9 0.0 0.000277527673533 0.0
164.0 0.0 0.000276962867853 0.0
164.1 0.0 0.000276399554866 0.0
164.2 0.0 0.000275837729721 0.0
164.3 0.0 0.000275277387585 0.0
164.4 0.0 0.000274718523646 0.0
164.5 0.0 0.000274161133108 0.0
164.6 0.0 0.000273605211194 0.0
164.7 0.0 0.000273050753147 0.0
164.8 0.0 0.000272497754225 0.0
164.9 0.0 0.000271946209708 0.0
165.0 0.0 0.000271396114891 0.0
165.1 0.0 0.00027084746509 0.0
165.2 0.0 0.000270300255636 0.0
165.3 0.0 0.00026975448188 0.0
165.4 0.0 0.000269210139189 0.0
165.5 0.0 0.000268667222951 0.0
165.6 0.0 0.000268125728567 0.0
165.7 0.0 0.000267585651459 0.0
165.8 0.0 0.000267046987066 0.0
165.9 0.0 0.000266509730844 0.0
166.0 0.0 0.000265973878266 0.0
166.1 0.0 0.000265439424822 0.0
166.2 0.0 0.00026490636602 0.0
166.3 0.0 0.000264374697385 0.0
166.4 0.0 0.000263844414459 0.0
166.5 0.0 0.000263315512801 0.0
166.6 0.0 0.000262787987987 0.0
166.7 0.0 0.000262261835609 0.0
166.8 0.0 0.000261737051276 0.0
166.9 0.0 0.000261213630615 0.0
167.0 0.0 0.000260691569268 0.0
167.1 0.0 0.000260170862894 0.0
167.2 0.0 0.000259651507168 0.0
167.3 0.0 0.000259133497783 0.0
167.4 0.0 0.000258616830447 0.0
167.5 0.0 0.000258101500885 0.0
167.6 0.0 0.000257587504836 0.0
167.7 0.0 0.000257074838057 0.0
167.8 0.0 0.000256563496322 0.0
167.9 0.0 0.000256053475419 0.0
168.0 0.0 0.000255544771153 0.0
168.1 0.0 0.000255037379344 0.0
168.2 0.0 0.000254531295827 0.0
168.3 0.0 0.000254026516456 0.0
168.4 0.0 0.000253523037096 0.0
168.5 0.0 0.000253020853632 0.0
168.6 0.0 0.000252519961962 0.0
168.7 0.0 0.000252020357999 0.0
168.8 0.0 0.000251522037672 0.0
168.9 0.0 0.000251024996927 0.0
169.0 0.0 0.000250529231722 0.0
169.1 0.0 0.000250034738033 0.0
169.2 0.0 0.000249541511849 0.0
169.3 0.0 0.000249049549174 0.0
169.4 0.0 0.00024855884603 0.0
169.5 0.0 0.000248069398451 0.0
169.6 0.0 0.000247581202485 0.0
169.7 0.0 0.000247094254197 0.0
169.8 0.0 0.000246608549667 0.0
169.9 0.0 0.000246124084987 0.0
170.0 0.0 0.000245640856266 0.0
170.1 0.0 0.000245158859627 0.0
170.2 0.0 0.000244678091205 0.0
170.3 0.0 0.000244198547154 0.0
170.4 0.0 0.000243720223638 0.0
170.5 0.0 0.000243243116837 0.0
170.6 0.0 0.000242767222946 0.0
170.7 0.0 0.000242292538173 0.0
170.8 0.0 0.00024181905874 0.0
170.9 0.0 0.000241346780883 0.0
171.0 0.0 0.000240875700853 0.0
171.1 0.0 0.000240405814914 0.0
171.2 0.0 0.000239937119344 0.0
171.3 0.0 0.000239469610434 0.0
171.4 0.0 0.00023900328449 0.0
171.5 0.0 0.000238538137832 0.0
171.6 0.0 0.000238074166792 0.0
171.7 0.0 0.000237611367715 0.0
171.8 0.0 0.000237149736963 0.0
171.9 0.0 0.000236689270907 0.0
172.0 0.0 0.000236229965935 0.0
172.1 0.0 0.000235771818447 0.0
172.2 0.0 0.000235314824854 0.0
172.3 0.0 0.000234858981584 0.0
172.4 0.0 0.000234404285075 0.0
172.5 0.0 0.000233950731781 0.0
172.6 0.0 0.000233498318167 0.0
172.7 0.0 0.000233047040711 0.0
172.8 0.0 0.000232596895904 0.0
172.9 0.0 0.000232147880251 0.0
173.0 0.0 0.000231699990269 0.0
173.1 0.0 0.000231253222487 0.0
173.2 0.0 0.000230807573447 0.0
173.3 0.0 0.000230363039706 0.0
173.4 0.0 0.00022991961783 0.0
173.5 0.0 0.0002294773044 0.0
173.6 0.0 0.000229036096009 0.0
173.7 0.0 0.000228595989261 0.0
173.8 0.0 0.000228156980774 0.0
173.9 0.0 0.000227719067178 0.0
174.0 0.0 0.000227282245115 0.0
174.1 0.0 0.000226846511238 0.0
174.2 0.0 0.000226411862216 0.0
174.3 0.0 0.000225978294726 0.0
174.4 0.0 0.000225545805459 0.0
174.5 0.0 0.000225114391117 0.0
174.6 0.0 0.000224684048416 0.0
174.7 0.0 0.000224254774081 0.0
174.8 0.0 0.000223826564851 0.0
174.9 0.0 0.000223399417477 0.0
175.0 0.0 0.00022297332872 0.0
175.1 0.0 0.000222548295355 0.0
175.2 0.0 0.000222124314165 0.0
175.3 0.0 0.00022170138195 0.0
175.4 0.0 0.000221279495516 0.0
175.5 0.0 0.000220858651684 0.0
175.6 0.0 0.000220438847286 0.0
175.7 0.0 0.000220020079164 0.0
175.8 0.0 0.000219602344174 0.0
175.9 0.0 0.00021918563918 0.0
176.0 0.0 0.00021876996106 0.0
176.1 0.0 0.000218355306702 0.0
176.2 0.0 0.000217941673004 0.0
176.3 0.0 0.000217529056879 0.0
176.4 0.0 0.000217117455247 0.0
176.5 0.0 0.000216706865042 0.0
176.6 0.0 0.000216297283206 0.0
176.7 0.0 0.000215888706694 0.0
176.8 0.0 0.000215481132473 0.0
176.9 0.0 0.000215074557518 0.0
177.0 0.0 0.000214668978817 0.0
177.1 0.0 0.000214264393368 0.0
177.2 0.0 0.000213860798179 0.0
177.3 0.0 0.00021345819027 0.0
177.4 0.0 0.000213056566671 0.0
177.5 0.0 0.000212655924423 0.0
177.6 0.0 0.000212256260577 0.0
177.7 0.0 0.000211857572195 0.0
177.8 0.0 0.000211459856349 0.0
177.9 0.0 0.000211063110122 0.0
178.0 0.0 0.000210667330606 0.0
178.1 0.0 0.000210272514906 0.0
178.2 0.0 0.000209878660135 0.0
178.3 0.0 0.000209485763416 0.0
178.4 0.0 0.000209093821885 0.0
178.5 0.0 0.000208702832684 0.0
178.6 0.0 0.00020831279297 0.0
178.7 0.0 0.000207923699906 0.0
178.8 0.0 0.000207535550667 0.0
178.9 0.0 0.000207148342438 0.0
179.0 0.0 0.000206762072412 0.0
179.1 0.0 0.000206376737796 0.0
179.2 0.0 0.000205992335802 0.0
179.3 0.0 0.000205608863656 0.0
179.4 0.0 0.000205226318591 0.0
179.5 0.0 0.000204844697852 0.0
179.6 0.0 0.000204463998691 0.0
179.7 0.0 0.000204084218371 0.0
179.8 0.0 0.000203705354167 0.0
179.9 0.0 0.000203327403359 0.0
180.0 0.0 0.000202950363241 0.0
180.1 0.0 0.000202574231113 0.0
180.2 0.0 0.000202199004287 0.0
180.3 0.0 0.000201824680084 0.0
180.4 0.0 0.000201451255832 0.0
180.5 0.0 0.000201078728872 0.0
180.6 0.0 0.000200707096552 0.0
180.7 0.0 0.000200336356229 0.0
180.8 0.0 0.000199966505272 0.0
180.9 0.0 0.000199597541056 0.0
181.0 0.0 0.000199229460967 0.0
181.1 0.0 0.000198862262399 0.0
181.2 0.0 0.000198495942757 0.0
181.3 0.0 0.000198130499454 0.0
181.4 0.0 0.00019776592991 0.0
181.5 0.0 0.000197402231558 0.0
181.6 0.0 0.000197039401837 0.0
181.7 0.0 0.000196677438196 0.0
181.8 0.0 0.000196316338092 0.0
181.9 0.0 0.000195956098993 0.0
182.0 0.0 0.000195596718373 0.0
182.1 0.0 0.000195238193717 0.0
182.2 0.0 0.000194880522517 0.0
182.3 0.0 0.000194523702276 0.0
182.4 0.0 0.000194167730503 0.0
182.5 0.0 0.000193812604718 0.0
182.6 0.0 0.000193458322448 0.0
182.7 0.0 0.000193104881229 0.0
182.8 0.0 0.000192752278606 0.0
182.9 0.0 0.000192400512132 0.0
183.0 0.0 0.000192049579369 0.0
183.1 0.0 0.000191699477886 0.0
183.2 0.0 0.000191350205263 0.0
183.3 0.0 0.000191001759086 0.0
183.4 0.0 0.00019065413695 0.0
183.5 0.0 0.000190307336459 0.0
183.6 0.0 0.000189961355225 0.0
183.7 0.0 0.000189616190867 0.0
183.8 0.0 0.000189271841014 0.0
183.9 0.0 0.000188928303302 0.0
184.0 0.0 0.000188585575377 0.0
184.1 0.0 0.000188243654889 0.0
184.2 0.0 0.000187902539501 0.0
184.3 0.0 0.00018756222688 0.0
184.4 0.0 0.000187222714704 0.0
184.5 0.0 0.000186884000657 0.0
184.6 0.0 0.000186546082432 0.0
184.7 0.0 0.00018620895773 0.0
184.8 0.0 0.000185872624259 0.0
184.9 0.0 0.000185537079735 0.0
185.0 0.0 0.000185202321883 0.0
185.1 0.0 0.000184868348435 0.0
185.2 0.0 0.000184535157129 0.0
185.3 0.0 0.000184202745714 0.0
185.4 0.0 0.000183871111945 0.0
185.5 0.0 0.000183540253585 0.0
185.6 0.0 0.000183210168403 0.0
185.7 0.0 0.000182880854179 0.0
185.8 0.0 0.000182552308697 0.0
185.9 0.0 0.000182224529751 0.0
186.0 0.0 0.000181897515142 0.0
186.1 0.0 0.000181571262677 0.0
186.2 0.0 0.000181245770173 0.0
186.3 0.0 0.000180921035452 0.0
186.4 0.0 0.000180597056345 0.0
186.5 0.0 0.000180273830689 0.0
186.6 0.0 0.000179951356331 0.0
186.7 0.0 0.000179629631121 0.0
186.8 0.0 0.000179308652921 0.0
186.9 0.0 0.000178988419597 0.0
187.0 0.0 0.000178668929023 0.0
187.1 0.0 0.000178350179082 0.0
187.2 0.0 0.00017803216766 0.0
187.3 0.0 0.000177714892655 0.0
187.4 0.0 0.000177398351969 0.0
187.5 0.0 0.000177082543512 0.0
187.6 0.0 0.0001767674652 0.0
187.7 0.0 0.00017645311496 0.0
187.8 0.0 0.00017613949072 0.0
187.9 0.0 0.000175826590419 0.0
188.0 0.0 0.000175514412003 0.0
188.1 0.0 0.000175202953423 0.0
188.2 0.0 0.000174892212637 0.0
188.3 0.0 0.000174582187613 0.0
188.4 0.0 0.000174272876321 0.0
188.5 0.0 0.000173964276742 0.0
188.6 0.0 0.000173656386861 0.0
188.7 0.0 0.000173349204672 0.0
188.8 0.0 0.000173042728174 0.0
188.9 0.0 0.000172736955373 0.0
189.0 0.0 0.000172431884282 0.0
189.1 0.0 0.000172127512922 0.0
189.2 0.0 0.000171823839318 0.0
189.3 0.0 0.000171520861503 0.0
189.4 0.0 0.000171218577516 0.0
189.5 0.0 0.000170916985405 0.0
189.6 0.0 0.00017061608322 0.0
189.7 0.0 0.000170315869023 0.0
189.8 0.0 0.000170016340877 0.0
189.9 0.0 0.000169717496855 0.0
190.0 0.0 0.000169419335035 0.0
190.1 0.0 0.000169121853502 0.0
190.2 0.0 0.000168825050348 0.0
190.3 0.0 0.00016852892367 0.0
190.4 0.0 0.000168233471572 0.0
190.5 0.0 0.000167938692164 0.0
190.6 0.0 0.000167644583563 0.0
190.7 0.0 0.000167351143891 0.0
190.8 0.0 0.000167058371278 0.0
190.9 0.0 0.000166766263858 0.0
191.0 0.0 0.000166474819772 0.0
191.1 0.0 0.00016618403717 0.0
191.2 0.0 0.000165893914203 0.0
191.3 0.0 0.000165604449033 0.0
191.4 0.0 0.000165315639824 0.0
191.5 0.0 0.00016502748475 0.0
191.6 0.0 0.000164739981987 0.0
191.7 0.0 0.00016445312972 0.0
191.8 0.0 0.000164166926138 0.0
191.9 0.0 0.000163881369439 0.0
192.0 0.0 0.000163596457823 0.0
192.1 0.0 0.0001633121895 0.0
192.2 0.0 0.000163028562682 0.0
192.3 0.0 0.000162745575588 0.0
192.4 0.0 0.000162463226446 0.0
192.5 0.0 0.000162181513486 0.0
192.6 0.0 0.000161900434945 0.0
192.7 0.0 0.000161619989067 0.0
192.8 0.0 0.000161340174099 0.0
192.9 0.0 0.000161060988298 0.0
193.0 0.0 0.000160782429922 0.0
193.1 0.0 0.000160504497238 0.0
193.2 0.0 0.000160227188517 0.0
193.3 0.0 0.000159950502037 0.0
193.4 0.0 0.000159674436082 0.0
193.5 0.0 0.000159398988938 0.0
193.6 0.0 0.000159124158901 0.0
193.7 0.0 0.00015884994427 0.0
193.8 0.0 0.000158576343351 0.0
193.9 0.0 0.000158303354454 0.0
194.0 0.0 0.000158030975897 0.0
194.1 0.0 0.000157759205999 0.0
194.2 0.0 0.000157488043091 0.0
194.3 0.0 0.000157217485502 0.0
194.4 0.0 0.000156947531573 0.0
194.5 0.0 0.000156678179647 0.0
194.6 0.0 0.000156409428073 0.0
194.7 0.0 0.000156141275205 0.0
194.8 0.0 0.000155873719403 0.0
194.9 0.0 0.000155606759031 0.0
195.0 0.0 0.000155340392462 0.0
195.1 0.0 0.00015507461807 0.0
195.2 0.0 0.000154809434235 0.0
195.3 0.0 0.000154544839346 0.0
195.4 0.0 0.000154280831792 0.0
195.5 0.0 0.000154017409971 0.0
195.6 0.0 0.000153754572284 0.0
195.7 0.0 0.000153492317138 0.0
195.8 0.0 0.000153230642947 0.0
195.9 0.0 0.000152969548126 0.0
196.0 0.0 0.000152709031099 0.0
196.1 0.0 0.000152449090293 0.0
196.2 0.0 0.00015218972414 0.0
196.3 0.0 0.000151930931079 0.0
196.4 0.0 0.000151672709552 0.0
196.5 0.0 0.000151415058006 0.0
196.6 0.0 0.000151157974896 0.0
196.7 0.0 0.000150901458677 0.0
196.8 0.0 0.000150645507814 0.0
196.9 0.0 0.000150390120773 0.0
197.0 0.0 0.000150135296027 0.0
197.1 0.0 0.000149881032054 0.0
197.2 0.0 0.000149627327336 0.0
197.3 0.0 0.000149374180361 0.0
197.4 0.0 0.00014912158962 0.0
197.5 0.0 0.00014886955361 0.0
197.6 0.0 0.000148618070833 0.0
197.7 0.0 0.000148367139797 0.0
197.8 0.0 0.000148116759011 0.0
197.9 0.0 0.000147866926992 0.0
198.0 0.0 0.000147617642262 0.0
198.1 0.0 0.000147368903345 0.0
198.2 0.0 0.000147120708772 0.0
198.3 0.0 0.000146873057078 0.0
198.4 0.0 0.000146625946803 0.0
198.5 0.0 0.00014637937649 0.0
198.6 0.0 0.00014613334469 0.0
198.7 0.0 0.000145887849955 0.0
198.8 0.0 0.000145642890844 0.0
198.9 0.0 0.00014539846592 0.0
199.0 0.0 0.00014515457375 0.0
199.1 0.0 0.000144911212906 0.0
199.2 0.0 0.000144668381964 0.0
199.3 0.0 0.000144426079506 0.0
199.4 0.0 0.000144184304117 0.0
199.5 0.0 0.000143943054387 0.0
199.6 0.0 0.000143702328911 0.0
199.7 0.0 0.000143462126287 0.0
199.8 0.0 0.000143222445119 0.0
199.9 0.0 0.000142983284015 0.0
