# R appU appV SNR contamination
120.0 22.0809062302 20.9809062302 17.7608386492 0.0
120.1 22.082715037 20.982715037 17.7150317387 0.0
120.2 22.0845223383 20.9845223383 17.669347639 0.0
120.3 22.0863281367 20.9863281367 17.6237861337 0.0
120.4 22.0881324346 20.9881324346 17.5783470049 0.0
120.5 22.0899352346 20.9899352346 17.5330300339 0.0
120.6 22.091736539 20.991736539 17.4878350006 0.0
120.7 22.0935363505 20.9935363505 17.442761684 0.0
120.8 22.0953346714 20.9953346714 17.3978098619 0.0
120.9 22.0971315043 20.9971315043 17.3529793112 0.0
121.0 22.0989268516 20.9989268516 17.3082698075 0.0
121.1 22.1007207157 21.0007207157 17.2636811256 0.0
121.2 22.1025130992 21.0025130992 17.2192130392 0.0
121.3 22.1043040043 21.0043040043 17.1748653212 0.0
121.4 22.1060934337 21.0060934337 17.1306377433 0.0
121.5 22.1078813897 21.0078813897 17.0865300762 0.0
121.6 22.1096678747 21.0096678747 17.0425420901 0.0
121.7 22.1114528912 21.0114528912 16.9986735539 0.0
121.8 22.1132364415 21.0132364415 16.9549242357 0.0
121.9 22.1150185281 21.0150185281 16.9112939029 0.0
122.0 22.1167991534 21.0167991534 16.8677823217 0.0
122.1 22.1185783197 21.0185783197 16.824389258 0.0
122.2 22.1203560295 21.0203560295 16.7811144763 0.0
122.3 22.1221322852 21.0221322852 16.7379577408 0.0
122.4 22.123907089 21.023907089 16.6949188145 0.0
122.5 22.1256804435 21.0256804435 16.65199746 0.0
122.6 22.1274523509 21.0274523509 16.609193439 0.0
122.7 22.1292228136 21.0292228136 16.5665065124 0.0
122.8 22.130991834 21.030991834 16.5239364405 0.0
122.9 22.1327594144 21.0327594144 16.4814829828 0.0
123.0 22.1345255572 21.0345255572 16.4391458983 0.0
123.1 22.1362902647 21.0362902647 16.3969249452 0.0
123.2 22.1380535391 21.0380535391 16.354819881 0.0
123.3 22.139815383 21.039815383 16.3128304628 0.0
123.4 22.1415757985 21.0415757985 16.2709564468 0.0
123.5 22.143334788 21.043334788 16.2291975889 0.0
123.6 22.1450923538 21.0450923538 16.1875536441 0.0
123.7 22.1468484981 21.0468484981 16.1460243671 0.0
123.8 22.1486032234 21.0486032234 16.1046095119 0.0
123.9 22.1503565319 21.0503565319 16.063308832 0.0
124.0 22.1521084258 21.0521084258 16.0221220805 0.0
124.1 22.1538589075 21.0538589075 15.9810490097 0.0
124.2 22.1556079792 21.0556079792 15.9400893717 0.0
124.3 22.1573556432 21.0573556432 15.899242918 0.0
124.4 22.1591019018 21.0591019018 15.8585093997 0.0
124.5 22.1608467572 21.0608467572 15.8178885672 0.0
124.6 22.1625902116 21.0625902116 15.7773801709 0.0
124.7 22.1643322674 21.0643322674 15.7369839603 0.0
124.8 22.1660729267 21.0660729267 15.696699685 0.0
124.9 22.1678121919 21.0678121919 15.6565270936 0.0
125.0 22.169550065 21.069550065 15.616465935 0.0
125.1 22.1712865485 21.0712865485 15.5765159571 0.0
125.2 22.1730216444 21.0730216444 15.5366769079 0.0
125.3 22.174755355 21.074755355 15.4969485348 0.0
125.4 22.1764876825 21.0764876825 15.4573305851 0.0
125.5 22.1782186291 21.0782186291 15.4178228054 0.0
125.6 22.179948197 21.079948197 15.3784249424 0.0
125.7 22.1816763884 21.0816763884 15.3391367423 0.0
125.8 22.1834032055 21.0834032055 15.2999579511 0.0
125.9 22.1851286505 21.0851286505 15.2608883145 0.0
126.0 22.1868527256 21.0868527256 15.2219275778 0.0
126.1 22.1885754329 21.0885754329 15.1830754864 0.0
126.2 22.1902967745 21.0902967745 15.1443317852 0.0
126.3 22.1920167528 21.0920167528 15.1056962188 0.0
126.4 22.1937353697 21.0937353697 15.067168532 0.0
126.5 22.1954526276 21.0954526276 15.0287484689 0.0
126.6 22.1971685284 21.0971685284 14.9904357738 0.0
126.7 22.1988830744 21.0988830744 14.9522301905 0.0
126.8 22.2005962677 21.1005962677 14.914131463 0.0
126.9 22.2023081105 21.1023081105 14.876139335 0.0
127.0 22.2040186048 21.1040186048 14.8382535498 0.0
127.1 22.2057277528 21.1057277528 14.8004738509 0.0
127.2 22.2074355566 21.1074355566 14.7627999815 0.0
127.3 22.2091420183 21.1091420183 14.7252316849 0.0
127.4 22.21084714 21.11084714 14.687768704 0.0
127.5 22.2125509238 21.1125509238 14.6504107818 0.0
127.6 22.2142533719 21.1142533719 14.6131576613 0.0
127.7 22.2159544863 21.1159544863 14.576009085 0.0
127.8 22.2176542691 21.1176542691 14.538964796 0.0
127.9 22.2193527224 21.1193527224 14.5020245367 0.0
128.0 22.2210498482 21.1210498482 14.4651880499 0.0
128.1 22.2227456487 21.1227456487 14.4284550783 0.0
128.2 22.2244401259 21.1244401259 14.3918253642 0.0
128.3 22.2261332819 21.1261332819 14.3552986505 0.0
128.4 22.2278251187 21.1278251187 14.3188746795 0.0
128.5 22.2295156383 21.1295156383 14.282553194 0.0
128.6 22.2312048429 21.1312048429 14.2463339364 0.0
128.7 22.2328927345 21.1328927345 14.2102166494 0.0
128.8 22.2345793151 21.1345793151 14.1742010757 0.0
128.9 22.2362645868 21.1362645868 14.1382869578 0.0
129.0 22.2379485515 21.1379485515 14.1024740386 0.0
129.1 22.2396312113 21.1396312113 14.0667620607 0.0
129.2 22.2413125683 21.1413125683 14.0311507671 0.000115593572997
129.3 22.2429926244 21.1429926244 13.9956399006 0.0
129.4 22.2446713817 21.1446713817 13.9602292042 0.0
129.5 22.2463488421 21.1463488421 13.924918421 0.0
129.6 22.2480250077 21.1480250077 13.8897072941 0.0
129.7 22.2496998804 21.1496998804 13.8545955669 0.000230707117315
129.8 22.2513734623 21.1513734623 13.8195829827 0.0
129.9 22.2530457554 21.1530457554 13.7846692849 0.0
130.0 22.2547167615 21.1547167615 13.7498542173 0.0
130.1 22.2563864828 21.1563864828 13.7151375236 0.0
130.2 22.2580549212 21.1580549212 13.6805189476 0.0
130.3 22.2597220786 21.1597220786 13.6459982334 0.0
130.4 22.261387957 21.161387957 13.6115751252 0.0
130.5 22.2630525584 21.1630525584 13.5772493673 0.0
130.6 22.2647158847 21.1647158847 13.5430207043 0.0
130.7 22.2663779379 21.1663779379 13.5088888808 0.0
130.8 22.2680387199 21.1680387199 13.4748536418 0.0
130.9 22.2696982328 21.1696982328 13.4409147322 0.000116022740457
131.0 22.2713564783 21.1713564783 13.4070718973 0.0
131.1 22.2730134585 21.1730134585 13.3733248826 0.0
131.2 22.2746691752 21.1746691752 13.3396734337 0.0
131.3 22.2763236304 21.1763236304 13.3061172964 0.0
131.4 22.2779768261 21.1779768261 13.272656217 0.0
131.5 22.2796287641 21.1796287641 13.2392899416 0.0
131.6 22.2812794464 21.1812794464 13.2060182169 0.0
131.7 22.2829288748 21.1829288748 13.1728407895 0.0
131.8 22.2845770513 21.1845770513 13.1397574066 0.0
131.9 22.2862239777 21.1862239777 13.1067678153 0.0
132.0 22.287869656 21.187869656 13.0738717632 0.0
132.1 22.2895140881 21.1895140881 13.041068998 0.0
132.2 22.2911572757 21.1911572757 13.0083592679 0.0
132.3 22.2927992209 21.1927992209 12.9757423211 0.000116767865483
132.4 22.2944399255 21.1944399255 12.9432179061 0.0
132.5 22.2960793914 21.1960793914 12.9107857719 0.0
132.6 22.2977176203 21.1977176203 12.8784456676 0.0
132.7 22.2993546143 21.1993546143 12.8461973426 0.0
132.8 22.3009903752 21.2009903752 12.8140405467 0.0
132.9 22.3026249047 21.2026249047 12.7819750299 0.0
133.0 22.3042582048 21.2042582048 12.7500005425 0.0
133.1 22.3058902774 21.2058902774 12.7181168352 0.0
133.2 22.3075211242 21.2075211242 12.6863236589 0.00011582117211
133.3 22.3091507471 21.2091507471 12.6546207649 0.000116767865483
133.4 22.3107791479 21.2107791479 12.6230079049 0.0
133.5 22.3124063285 21.2124063285 12.5914848306 0.0
133.6 22.3140322907 21.2140322907 12.5600512945 0.000235128144839
133.7 22.3156570363 21.2156570363 12.5287070491 0.0
133.8 22.3172805672 21.2172805672 12.4974518473 0.0
133.9 22.3189028851 21.2189028851 12.4662854424 0.000234000234
134.0 22.3205239918 21.2205239918 12.435207588 0.0
134.1 22.3221438893 21.2221438893 12.4042180382 0.000116049669258
134.2 22.3237625792 21.2237625792 12.3733165473 0.00023537719195
134.3 22.3253800633 21.2253800633 12.3425028699 0.000116144018583
134.4 22.3269963436 21.2269963436 12.3117767612 0.000466907902416
134.5 22.3286114217 21.2286114217 12.2811379765 0.0
134.6 22.3302252994 21.2302252994 12.2505862717 0.0
134.7 22.3318379786 21.2318379786 12.220121403 0.000117467402796
134.8 22.333449461 21.233449461 12.189743127 0.0
134.9 22.3350597484 21.2350597484 12.1594512005 0.0
135.0 22.3366688425 21.2366688425 12.1292453809 0.0
135.1 22.3382767451 21.2382767451 12.099125426 0.0
135.2 22.339883458 21.239883458 12.0690910938 0.0
135.3 22.341488983 21.241488983 12.0391421429 0.000117522623105
135.4 22.3430933217 21.2430933217 12.0092783322 0.000117924528302
135.5 22.3446964761 21.2446964761 11.979499421 0.0
135.6 22.3462984477 21.2462984477 11.949805169 0.0
135.7 22.3478992383 21.2478992383 11.9201953364 0.000118427285647
135.8 22.3494988497 21.2494988497 11.8906696837 0.000118021952083
135.9 22.3510972837 21.2510972837 11.8612279719 0.000472087808332
136.0 22.3526945419 21.2526945419 11.8318699623 0.000353565114909
136.1 22.354290626 21.254290626 11.8025954168 0.000118315191671
136.2 22.3558855379 21.2558855379 11.7734040976 0.0
136.3 22.3574792792 21.2574792792 11.7442957673 0.0
136.4 22.3590718516 21.2590718516 11.7152701891 0.000116808784021
136.5 22.3606632569 21.2606632569 11.6863271263 0.0
136.6 22.3622534967 21.2622534967 11.6574663431 0.000118035882908
136.7 22.3638425728 21.2638425728 11.6286876038 0.000118105586394
136.8 22.3654304869 21.2654304869 11.5999906732 0.000352899658864
136.9 22.3670172407 21.2670172407 11.5713753166 0.000238038562247
137.0 22.3686028358 21.2686028358 11.5428412996 0.000117910623747
137.1 22.3701872739 21.2701872739 11.5143883886 0.00035701535166
137.2 22.3717705569 21.2717705569 11.48601635 0.000355239786856
137.3 22.3733526862 21.2733526862 11.457724951 0.0001178133836
137.4 22.3749336636 21.2749336636 11.429513959 0.00023598820059
137.5 22.3765134908 21.2765134908 11.4013831421 0.000355745286375
137.6 22.3780921695 21.2780921695 11.3733322686 0.000237079184448
137.7 22.3796697013 21.2796697013 11.3453611075 0.000237079184448
137.8 22.3812460879 21.2812460879 11.3174694282 0.000237135404316
137.9 22.3828213309 21.2828213309 11.2896570004 0.000354819633353
138.0 22.384395432 21.284395432 11.2619235944 0.000355239786856
138.1 22.3859683929 21.2859683929 11.2342689811 0.0
138.2 22.3875402152 21.2875402152 11.2066929315 0.000353232073472
138.3 22.3891109005 21.2891109005 11.1791952175 0.000346300357844
138.4 22.3906804506 21.2906804506 11.1517756112 0.000694283730618
138.5 22.392248867 21.292248867 11.1244338852 0.000347705146036
138.6 22.3938161514 21.2938161514 11.0971698128 0.000930016275285
138.7 22.3953823054 21.2953823054 11.0699831674 0.000461467466544
138.8 22.3969473306 21.2969473306 11.0428737231 0.000231696014829
138.9 22.3985112287 21.2985112287 11.0158412547 0.000579240037071
139.0 22.4000740013 21.3000740013 10.988885537 0.00046093569947
139.1 22.40163565 21.30163565 10.9620063456 0.00069244085401
139.2 22.4031961764 21.3031961764 10.9352034566 0.00116103564379
139.3 22.4047555821 21.3047555821 10.9084766464 0.000462962962963
139.4 22.4063138688 21.3063138688 10.8818256922 0.000231669176416
139.5 22.407871038 21.307871038 10.8552503713 0.00104396241735
139.6 22.4094270914 21.3094270914 10.8287504617 0.00080971659919
139.7 22.4109820306 21.3109820306 10.802325742 0.000928181923657
139.8 22.412535857 21.312535857 10.775975991 0.000928505106778
139.9 22.4140885725 21.3140885725 10.7497009884 0.000696055684455
140.0 22.4156401784 21.3156401784 10.723500514 0.00046565774156
140.1 22.4171906764 21.3171906764 10.6973743483 0.000807754442649
140.2 22.4187400682 21.3187400682 10.6713222722 0.000920810313076
140.3 22.4202883551 21.3202883551 10.6453440673 0.00105720662516
140.4 22.421835539 21.321835539 10.6194395155 0.00104347826087
140.5 22.4233816212 21.3233816212 10.5936083993 0.00115740740741
140.6 22.4249266034 21.3249266034 10.5678505016 0.0010478519036
140.7 22.4264704872 21.3264704872 10.5421656059 0.000934470272164
140.8 22.428013274 21.328013274 10.5165534963 0.00116144018583
140.9 22.4295549655 21.3295549655 10.4910139571 0.000812536273941
141.0 22.4310955633 21.3310955633 10.4655467734 0.00162544990131
141.1 22.4326350688 21.3326350688 10.4401517307 0.00175172252715
141.2 22.4341734836 21.3341734836 10.414828615 0.00139405204461
141.3 22.4357108092 21.3357108092 10.3895772129 0.000930016275285
141.4 22.4372470473 21.3372470473 10.3643973113 0.000469980025849
141.5 22.4387821993 21.3387821993 10.3392886978 0.00127906976744
141.6 22.4403162668 21.3403162668 10.3142511605 0.00092689143784
141.7 22.4418492512 21.3418492512 10.2892844879 0.00173872725165
141.8 22.4433811542 21.3433811542 10.2643884691 0.00127936729472
141.9 22.4449119773 21.3449119773 10.2395628937 0.00105164758121
142.0 22.4464417219 21.3464417219 10.2148075517 0.00163646990064
142.1 22.4479703896 21.3479703896 10.190122234 0.00140762463343
142.2 22.449497982 21.349497982 10.1655067314 0.00211714890614
142.3 22.4510245004 21.3510245004 10.1409608358 0.00211914292442
142.4 22.4525499465 21.3525499465 10.1164843393 0.00128070788217
142.5 22.4540743217 21.3540743217 10.0920770345 0.00152995174768
142.6 22.4555976276 21.3555976276 10.0677387148 0.00116945386505
142.7 22.4571198656 21.3571198656 10.0434691736 0.00268911493043
142.8 22.4586410372 21.3586410372 10.0192682054 0.00279427174293
142.9 22.460161144 21.360161144 9.99513560493 0.00117855038303
143.0 22.4616801873 21.3616801873 9.97107116735 0.00188368259948
143.1 22.4631981688 21.3631981688 9.94707468851 0.00222378277154
143.2 22.4647150899 21.3647150899 9.92314596472 0.00105349408873
143.3 22.466230952 21.366230952 9.89928479279 0.00247583117189
143.4 22.4677457567 21.3677457567 9.87549097008 0.00222821625425
143.5 22.4692595054 21.3692595054 9.85176429445 0.00140350877193
143.6 22.4707721995 21.3707721995 9.8281045643 0.00270524582451
143.7 22.4722838407 21.3722838407 9.80451157851 0.00259281084266
143.8 22.4737944302 21.3737944302 9.78098513653 0.00221264702457
143.9 22.4753039697 21.3753039697 9.75752503828 0.00222978523647
144.0 22.4768124605 21.3768124605 9.73413108425 0.00105894811154
144.1 22.4783199041 21.3783199041 9.71080307541 0.00331478631467
144.2 22.4798263019 21.3798263019 9.68754081326 0.0031990521327
144.3 22.4813316555 21.3813316555 9.66434409984 0.00295124542557
144.4 22.4828359662 21.3828359662 9.64121273768 0.00319753671246
144.5 22.4843392355 21.3843392355 9.61814652985 0.00249406175772
144.6 22.4858414648 21.3858414648 9.59514527994 0.00293875631833
144.7 22.4873426556 21.3873426556 9.57220879205 0.00339976553341
144.8 22.4888428093 21.3888428093 9.54933687081 0.00270492767259
144.9 22.4903419274 21.3903419274 9.52652932135 0.00319829424307
145.0 22.4918400112 21.3918400112 9.50378594935 0.00453082150948
145.1 22.4933370622 21.3933370622 9.48110656098 0.00462085308057
145.2 22.4948330818 21.3948330818 9.45849096296 0.00356463878327
145.3 22.4963280715 21.3963280715 9.4359389625 0.00294672324375
145.4 22.4978220326 21.3978220326 9.41345036734 0.00401369377877
145.5 22.4993149666 21.3993149666 9.39102498575 0.00271194434619
145.6 22.5008068749 21.4008068749 9.36866262649 0.00367298578199
145.7 22.5022977588 21.4022977588 9.34636309888 0.00308312581525
145.8 22.5037876199 21.4037876199 9.32412621272 0.00474270808632
145.9 22.5052764595 21.4052764595 9.30195177835 0.00390486332978
146.0 22.5067642789 21.4067642789 9.27983960662 0.00572314295934
146.1 22.5082510797 21.4082510797 9.25778950889 0.00556015615758
146.2 22.5097368631 21.4097368631 9.23580129705 0.00389978728433
146.3 22.5112216306 21.4112216306 9.21387478351 0.00495224619738
146.4 22.5127053836 21.4127053836 9.19200978117 0.00464468183929
146.5 22.5141881235 21.4141881235 9.17020610348 0.0053412462908
146.6 22.5156698515 21.4156698515 9.14846356438 0.0052175975335
146.7 22.5171505692 21.4171505692 9.12678197833 0.00425180111019
146.8 22.5186302779 21.4186302779 9.10516116032 0.00579470198675
146.9 22.520108979 21.420108979 9.08360092584 0.0042303172738
147.0 22.5215866737 21.4215866737 9.06210109089 0.00652604591539
147.1 22.5230633636 21.4230633636 9.04066147201 0.00672463768116
147.2 22.52453905 21.42453905 9.01928188621 0.00426590828297
147.3 22.5260137342 21.4260137342 8.99796215104 0.00460068420432
147.4 22.5274874176 21.4274874176 8.97670208458 0.0073477956613
147.5 22.5289601016 21.4289601016 8.95550150537 0.00687774220325
147.6 22.5304317874 21.4304317874 8.93436023251 0.00686925136803
147.7 22.5319024766 21.4319024766 8.91327808559 0.0080616894497
147.8 22.5333721703 21.4333721703 8.89225488471 0.00821692686935
147.9 22.53484087 21.43484087 8.87129045047 0.00724299065421
148.0 22.536308577 21.436308577 8.850384604 0.00664800559832
148.1 22.5377752926 21.4377752926 8.82953716692 0.00795389048991
148.2 22.5392410182 21.4392410182 8.80874796138 0.00914205344585
148.3 22.5407057551 21.4407057551 8.78801681001 0.00665965650193
148.4 22.5421695047 21.4421695047 8.76734353597 0.00970533208606
148.5 22.5436322683 21.4436322683 8.7467279629 0.00918711478079
148.6 22.5450940471 21.4450940471 8.72616991497 0.00817757009346
148.7 22.5465548426 21.4465548426 8.70566921684 0.00948477751756
148.8 22.548014656 21.448014656 8.68522569368 0.00808909730363
148.9 22.5494734888 21.4494734888 8.66483917117 0.00922681616445
149.0 22.5509313421 21.4509313421 8.64450947548 0.00916154470602
149.1 22.5523882173 21.4523882173 8.62423643328 0.00978792822186
149.2 22.5538441157 21.4538441157 8.60401987176 0.0106011183597
149.3 22.5552990386 21.4552990386 8.58385961859 0.00973949777048
149.4 22.5567529874 21.4567529874 8.56375550195 0.0101374970869
149.5 22.5582059633 21.4582059633 8.54370735052 0.0123037262714
149.6 22.5596579676 21.4596579676 8.52371499348 0.011120215381
149.7 22.5611090017 21.4611090017 8.5037782605 0.0114459238496
149.8 22.5625590668 21.4625590668 8.48389698174 0.0130526810913
149.9 22.5640081642 21.4640081642 8.46407098789 0.0096447894613
150.0 22.5654562953 21.4654562953 8.44430011009 0.011257257969
150.1 22.5669034612 21.4669034612 8.42458418002 0.0125852740532
150.2 22.5683496633 21.4683496633 8.40492302981 0.0122320596459
150.3 22.5697949029 21.4697949029 8.38531649212 0.013006796344
150.4 22.5712391813 21.4712391813 8.36576440007 0.0107841988044
150.5 22.5726824996 21.4726824996 8.34626658731 0.0141388174807
150.6 22.5741248593 21.4741248593 8.32682288794 0.0151746853311
150.7 22.5755662616 21.4755662616 8.30743313658 0.0121608980355
150.8 22.5770067077 21.4770067077 8.28809716832 0.0133254716981
150.9 22.5784461989 21.4784461989 8.26881481875 0.014314208612
151.0 22.5798847365 21.4798847365 8.24958592395 0.0150517403575
151.1 22.5813223217 21.4813223217 8.23041032047 0.013167176111
151.2 22.5827589558 21.4827589558 8.21128784537 0.0138232514178
151.3 22.5841946401 21.4841946401 8.19221833616 0.0145369284877
151.4 22.5856293758 21.4856293758 8.17320163087 0.0139068945197
151.5 22.5870631642 21.4870631642 8.15423756799 0.0127113702624
151.6 22.5884960065 21.4884960065 8.13532598651 0.013050183889
151.7 22.5899279039 21.4899279039 8.11646672589 0.0173799952707
151.8 22.5913588578 21.4913588578 8.09765962606 0.0151711160767
151.9 22.5927888693 21.4927888693 8.07890452745 0.0169632265718
152.0 22.5942179397 21.4942179397 8.06020127096 0.0176886792453
152.1 22.5956460703 21.4956460703 8.04154969797 0.0163159139276
152.2 22.5970732622 21.4970732622 8.02294965034 0.0170273146506
152.3 22.5984995167 21.4984995167 8.00440097038 0.015956822715
152.4 22.599924835 21.499924835 7.98590350092 0.015453580276
152.5 22.6013492184 21.5013492184 7.96745708523 0.0163371611223
152.6 22.6027726681 21.5027726681 7.94906156706 0.0167176830704
152.7 22.6041951853 21.5041951853 7.93071679064 0.0191052569123
152.8 22.6056167712 21.5056167712 7.91242260066 0.0194866920152
152.9 22.6070374271 21.5070374271 7.8941788423 0.0162843218828
153.0 22.6084571541 21.5084571541 7.87598536118 0.0180308422301
153.1 22.6098759535 21.5098759535 7.85784200342 0.0198940553267
153.2 22.6112938265 21.5112938265 7.83974861559 0.0188124632569
153.3 22.6127107743 21.5127107743 7.82170504471 0.0248605947955
153.4 22.6141267981 21.5141267981 7.80371113831 0.0218009478673
153.5 22.6155418991 21.5155418991 7.78576674434 0.0211483931947
153.6 22.6169560785 21.5169560785 7.76787171124 0.0215194388301
153.7 22.6183693375 21.5183693375 7.75002588791 0.0256921633036
153.8 22.6197816773 21.5197816773 7.7322291237 0.0226813917587
153.9 22.6211930992 21.5211930992 7.71448126842 0.028940027894
154.0 22.6226036042 21.5226036042 7.69678217236 0.0246985157699
154.1 22.6240131936 21.5240131936 7.67913168625 0.0297376093294
154.2 22.6254218686 21.5254218686 7.66152966127 0.0287120590648
154.3 22.6268296303 21.5268296303 7.64397594909 0.0256529850746
154.4 22.62823648 21.52823648 7.62647040181 0.0293323946967
154.5 22.6296424188 21.5296424188 7.60901287198 0.0267429639145
154.6 22.6310474479 21.5310474479 7.59160321262 0.0270869819031
154.7 22.6324515685 21.5324515685 7.57424127719 0.0235002361833
154.8 22.6338547817 21.5338547817 7.55692691961 0.0314502038439
154.9 22.6352570888 21.5352570888 7.53965999425 0.0294771318283
155.0 22.6366584909 21.5366584909 7.52244035592 0.0294254477786
155.1 22.6380589891 21.5380589891 7.50526785989 0.0315666860804
155.2 22.6394585846 21.5394585846 7.48814236188 0.0285714285714
155.3 22.6408572786 21.5408572786 7.47106371803 0.0309812698787
155.4 22.6422550723 21.5422550723 7.45403178496 0.0309470979797
155.5 22.6436519668 21.5436519668 7.43704641972 0.0360721442886
155.6 22.6450479633 21.5450479633 7.42010747979 0.0313597004447
155.7 22.6464430628 21.5464430628 7.4032148231 0.03154315197
155.8 22.6478372667 21.5478372667 7.38636830804 0.034401784666
155.9 22.6492305759 21.5492305759 7.36956779342 0.0342361355376
156.0 22.6506229918 21.5506229918 7.35281313849 0.0330404217926
156.1 22.6520145153 21.5520145153 7.33610420294 0.0348212199112
156.2 22.6534051477 21.5534051477 7.31944084691 0.0345390898483
156.3 22.6547948901 21.5547948901 7.30282293095 0.0356806406029
156.4 22.6561837436 21.5561837436 7.28625031607 0.0369284876905
156.5 22.6575717094 21.5575717094 7.2697228637 0.0343614401313
156.6 22.6589587886 21.5589587886 7.2532404357 0.0380223660977
156.7 22.6603449823 21.5603449823 7.23680289437 0.0393793346656
156.8 22.6617302917 21.5617302917 7.22041010244 0.0379063490201
156.9 22.6631147179 21.5631147179 7.20406192307 0.0402882797732
157.0 22.664498262 21.564498262 7.18775821984 0.03981264637
157.1 22.6658809252 21.5658809252 7.17149885677 0.0358113698144
157.2 22.6672627085 21.5672627085 7.15528369828 0.0393265041799
157.3 22.6686436131 21.5686436131 7.13911260925 0.0399344185502
157.4 22.6700236401 21.5700236401 7.12298545497 0.041194523135
157.5 22.6714027906 21.5714027906 7.10690210114 0.0421644413212
157.6 22.6727810658 21.5727810658 7.0908624139 0.0462115880835
157.7 22.6741584666 21.5741584666 7.07486625981 0.0452990444733
157.8 22.6755349944 21.5755349944 7.05891350583 0.0415685350919
157.9 22.67691065 21.57691065 7.04300401935 0.0428149024246
158.0 22.6782854348 21.5782854348 7.02713766819 0.046891651865
158.1 22.6796593497 21.5796593497 7.01131432058 0.0416862376703
158.2 22.6810323958 21.5810323958 6.99553384515 0.0436887471957
158.3 22.6824045743 21.5824045743 6.97979611096 0.0457385358953
158.4 22.6837758863 21.5837758863 6.96410098748 0.0451421800948
158.5 22.6851463328 21.5851463328 6.94844834459 0.0451864086833
158.6 22.6865159149 21.5865159149 6.93283805258 0.0466784244562
158.7 22.6878846338 21.5878846338 6.91726998216 0.0539581114661
