# a rho dNda dNdaerr
0.0 inf nan nan
0.1 154881661.891 0.0 0.0
0.2 11432131.6302 0.0 0.0
0.3 2488995.33283 0.0 0.0
0.4 843828.972487 0.0 0.0
0.5 364647.116526 0.0 0.0
0.6 183717.8264 0.0 0.0
0.7 102903.78981 0.0 0.0
0.8 62284.7390005 0.0 0.0
0.9 39998.9107245 0.0 0.0
1.0 26915.3480393 0.0 0.0
1.1 18808.9046053 0.0 0.0
1.2 13560.587797 0.0 0.0
1.3 10036.285228 0.0 0.0
1.4 7595.53878743 0.0 0.0
1.5 5859.98987924 0.0 0.0
1.6 4597.36372992 0.0 0.0
1.7 3660.26100967 0.0 0.0
1.8 2952.40125192 0.0 0.0
1.9 2409.27547849 0.0 0.0
2.0 1986.67678214 0.0 0.0
2.1 1653.6951466 0.0 0.0
2.2 1388.32364427 0.0 0.0
2.3 1174.63608032 1177.60575371 1.33067489586
2.4 1000.93466706 4511.33438025 5.9493815955
2.5 858.510413479 7903.64434537 12.0878655484
2.6 740.79870014 9176.66910331 16.1822283443
2.7 642.794640087 10500.7473678 21.2359001198
2.8 560.642222973 11629.4434914 26.8375326948
2.9 491.341591139 10687.2514956 28.0137186012
3.0 432.537815214 14196.2021022 42.0845151529
3.1 382.366672073 12309.9526512 41.1054428167
3.2 339.340801685 13917.7347062 52.1510401952
3.3 302.264807896 14144.0980699 59.2626217669
3.4 270.171336958 13276.4885777 61.9942906412
3.5 242.272518099 14388.667929 74.6427430202
3.6 217.922763257 13882.6648562 79.7720801978
3.7 196.590042927 13553.2646667 86.0233156116
3.8 177.833541216 13718.8256273 95.924908093
3.9 161.2861509 12988.4582151 99.7980659839
4.0 146.640668771 13692.942063 115.338563761
4.1 133.638840454 12948.7202408 119.297748645
4.2 122.062614524 12776.3083118 128.469580972
4.3 111.727120761 12053.95063 132.013973198
4.4 102.475002224 11719.4373329 139.521127338
4.5 94.1718166098 11371.114818 146.88061077
4.6 86.7022869192 10806.8731616 151.185793361
4.7 79.9672302748 10504.3241557 158.885161444
4.8 73.881031023 10259.2409171 167.502356056
4.9 68.3695527796 9626.25616432 169.382752133
5.0 63.3684061299 9632.2055635 182.384051165
5.1 58.821505779 9096.81074025 185.084009246
5.2 54.6798642789 8566.58497934 187.025086715
5.3 50.9005799125 8869.99995741 207.512864009
5.4 47.4459845468 8136.47048115 203.716122518
5.5 44.2829237857 8015.74214754 214.516301737
5.6 41.3821469386 7870.96444873 224.879821994
5.7 38.7177884602 7508.99015165 228.77431351
5.8 36.2669258369 7492.14012753 243.136134699
5.9 34.0092015742 7138.97184044 246.506554324
6.0 31.9264990974 6863.19673394 251.892645172
6.1 30.0026641383 6757.6319846 263.355163509
6.2 28.2232646058 6476.04834996 267.726842087
6.3 26.5753831122 6455.02585844 282.816133715
6.4 25.0474372821 6137.02243873 284.702326941
6.5 23.6290237612 6082.04732461 298.486902843
6.6 22.3107824959 5849.99590946 303.459018225
6.7 21.084278389 5739.42336105 314.426973103
6.8 19.9418978923 5573.41379577 322.202303812
6.9 18.8767584618 5433.54926644 331.211805861
7.0 17.8826291213 5297.10697935 340.208084102
7.1 16.9538606346 5178.69359399 350.177325844
7.2 16.0853240103 5035.14701848 358.202916729
7.3 15.2723562462 4931.72909273 368.859687829
7.4 14.5107123755 4806.53558417 377.696799275
7.5 13.7965230114 4708.16356113 388.439984296
7.6 13.1262566958 4594.73652905 397.75344804
7.7 12.4966864536 4499.76358653 408.461407298
7.8 11.9048600377 4397.8818461 418.35692785
7.9 11.348073415 4302.27143387 428.631563411
8.0 10.8238471054 4212.8277306 439.329486957
8.1 10.3299050359 4119.49465496 449.411894087
8.2 9.86415561614 4038.7014796 460.665870422
8.3 9.42467477687 3950.42318874 470.865745096
8.4 9.00969074922 3871.73889134 481.992043721
8.5 8.61757038638 3792.24704961 492.818863062
8.6 8.24680685634 3715.90760111 503.841903915
8.7 7.89600855413 3643.04836076 515.133535299
8.8 7.56388910037 3570.9734655 526.330724969
8.9 7.24925830901 3501.90745001 537.762344194
9.0 6.95101402061 3435.94315763 549.47290236
9.1 6.66813470983 3369.00000353 560.817123542
9.2 6.39967278629 3308.19312812 572.981590282
9.3 6.14474851701 3245.91272628 584.695756504
9.4 5.90254450684 3185.7340779 596.573049207
9.5 5.67230068054 3129.81578411 609.053528557
9.6 5.45330971606 3072.24468106 621.012550072
9.7 5.24491288442 3018.5012131 633.53811796
9.8 5.04649625612 2965.41823092 646.006083741
9.9 4.85748723861 2914.06855628 658.651251165
10.0 4.67735141287 2864.03813187 671.396071691
10.1 4.50558964054 2815.2049307 684.221318177
10.2 4.3417354162 2768.17872811 697.288897907
10.3 4.18535244179 2721.71845261 710.300832042
10.4 4.03603240258 2677.03589469 723.577770351
10.5 3.89339292631 2633.29778108 736.914545382
10.6 3.7570757087 2590.27969846 750.251638646
10.7 3.62674479057 2549.02869886 763.902336018
10.8 3.50208497276 2508.50497968 777.576630855
10.9 3.38280035693 2468.81999134 791.311747191
11.0 3.26861300109 2429.90616648 805.090960201
11.1 3.15926167986 2390.68393122 818.548798712
11.2 3.05450074055 2353.80207169 832.590330994
11.3 2.95409904678 2317.81272865 846.745882335
11.4 2.85783900239 2282.84911254 861.076660066
11.5 2.76551564869 2248.50784023 875.442379626
11.6 2.67693582913 2214.81086434 889.854797257
11.7 2.59191741577 2181.90039354 904.377187143
11.8 2.51028859251 2149.70636775 918.990092671
11.9 2.43188719045 2118.12712861 933.657289891
12.0 2.3565600712 2086.99924264 948.3097475
12.1 2.28416255437 2056.61120498 963.08161393
12.2 2.21455788567 2026.74574473 977.879755385
12.3 2.14761674244 1997.37025235 992.69110862
12.4 2.08321677382 1968.45028485 1007.50026227
12.5 2.02124217263 1940.05315447 1022.34382061
12.6 1.96158327689 1911.99196292 1037.12509089
12.7 1.90413619831 1884.50040764 1051.97093979
12.8 1.84880247611 1857.38976473 1066.78091596
12.9 1.79548875399 1830.53838792 1081.48248237
13.0 1.74410647867 1803.67922536 1095.90692697
13.1 1.6945716184 1777.36176467 1110.37745786
13.2 1.6468043999 1751.61557015 1124.92137044
13.3 1.60072906247 1726.42600339 1139.53960929
13.4 1.55627362806 1701.7447288 1154.20999845
13.5 1.51336968602 1677.68713674 1169.02165018
13.6 1.47195219161 1654.10243224 1183.88260007
13.7 1.43195927732 1631.03443904 1198.83327828
13.8 1.39333207594 1608.51688453 1213.91061097
13.9 1.35601455475 1586.30449606 1228.93886822
14.0 1.31995335996 1564.73280329 1244.1849875
14.1 1.28509767072 1543.55606966 1259.46988843
14.2 1.25139906202 1522.38751656 1274.47671211
14.3 1.21881137598 1501.39600121 1289.33291813
14.4 1.18729060081 1481.59729632 1304.92641708
14.5 1.15679475704 1461.72025195 1320.17076828
14.6 1.12728379059 1442.57231689 1335.7908377
14.7 1.098719472 1423.84683887 1351.52847611
14.8 1.07106530172 1405.56531071 1367.41725914
14.9 1.04428642081 1387.5730738 1383.31796782
15.0 1.01834952686 1369.96787285 1399.3348589
15.1 0.993222794743 1352.65366115 1415.37959746
15.2 0.96887580186 1335.77185704 1431.60930812
15.3 0.94527945766 1319.10033014 1447.79716841
15.4 0.922405937114 1302.83930008 1464.16852682
15.5 0.900228617928 1286.6899265 1480.39621225
15.6 0.878722021239 1270.32867374 1496.09231839
15.7 0.857861755597 1254.90960386 1512.61422825
15.8 0.837624464028 1239.84288564 1529.29715284
15.9 0.817987773979 1225.01045864 1546.00665059
16.0 0.798930249991 1210.38670944 1562.71464924
16.1 0.780431348917 1196.08448294 1579.57330765
16.2 0.762471377544 1181.32811823 1595.54862506
16.3 0.745031452471 1167.54770706 1612.55909569
16.4 0.728093462116 1154.03423441 1629.67821756
16.5 0.711640030722 1140.76014256 1646.8765904
16.6 0.69565448424 1127.72939303 1664.16835558
16.7 0.680120817999 1114.90829737 1681.51187172
16.8 0.665023666036 1102.387946 1699.05386886
16.9 0.650348272011 1089.94581083 1716.45983042
17.0 0.636080461604 1077.84339331 1734.14436345
17.1 0.622206616317 1065.88073395 1751.7998831
17.2 0.608713648598 1054.14426953 1769.5723124
17.3 0.595588978215 1042.60710733 1787.42585421
17.4 0.582820509813 1031.29865267 1805.41988558
17.5 0.570396611578 1020.09164419 1823.33851955
17.6 0.558306094963 1009.15149255 1841.48146124
17.7 0.546538195405 998.343888925 1859.61534314
17.8 0.535082553985 987.756543226 1877.90891492
17.9 0.523929199976 977.311142652 1896.22275025
18.0 0.513068534239 967.054579577 1914.65345356
18.1 0.502491313413 956.938511892 1933.11308198
18.2 0.492188634858 947.019253872 1951.72195313
18.3 0.482151922318 937.22448621 1970.33958366
18.4 0.47237291226 927.610499025 1989.08962903
18.5 0.462843640853 918.145710117 2007.91342523
18.6 0.453556431557 908.805524846 2026.76290074
18.7 0.444503883292 899.670547608 2045.82525255
18.8 0.435678859146 890.612615889 2064.81827632
18.9 0.427074475615 881.377980548 2083.14041855
19.0 0.418684092321 872.451630084 2101.92361686
19.1 0.410501302213 863.829592936 2121.18819296
19.2 0.402519922198 855.364772406 2140.59654622
19.3 0.394733984206 846.983581027 2159.9715118
19.4 0.387137726646 838.773983806 2179.54194396
19.5 0.37972558625 830.657494712 2199.11341153
19.6 0.372492190276 822.679167323 2218.80961326
19.7 0.365432349053 814.817187159 2238.57980789
19.8 0.358541048862 807.063786605 2258.40850864
19.9 0.351813445116 799.414896721 2278.28947702
20.0 0.345244855846 791.91502071 2298.35687818
20.1 0.338830755466 784.500662996 2318.43542138
20.2 0.332566768806 777.181051491 2338.55546381
20.3 0.326448665401 769.96929033 2358.76145147
20.4 0.320472354025 762.881127826 2379.10921527
20.5 0.314633877454 755.881101524 2399.49584874
20.6 0.308929407453 749.002697504 2420.03357729
20.7 0.303355239973 742.167130414 2440.47335343
20.8 0.297907790546 735.491914443 2461.20511297
20.9 0.292583589881 728.865744373 2481.86730614
21.0 0.287379279627 722.341162358 2502.64012621
21.1 0.282291608326 715.911139708 2523.50653012
21.2 0.277317427526 709.587064979 2544.51412081
21.3 0.272453688046 703.31399905 2565.47166509
21.4 0.267697436409 697.048833939 2586.21843008
21.5 0.2630458114 690.980273133 2607.45761955
21.6 0.258496040783 684.958435057 2628.64134766
21.7 0.254045438129 679.062429413 2650.07726758
21.8 0.249691399789 673.18667307 2671.36100156
21.9 0.245431401974 667.430052814 2692.88554372
22.0 0.241262997959 661.756307953 2714.51609563
22.1 0.237183815394 656.138658761 2736.14796884
22.2 0.233191553716 650.588126627 2757.82961082
22.3 0.229283981673 644.65353177 2777.62120605
22.4 0.225458934932 639.091733951 2798.74613571
22.5 0.221714313789 633.75783058 2820.62843121
22.6 0.218048080961 628.528394678 2842.74913758
22.7 0.214458259467 623.318928855 2864.73317409
22.8 0.210942930586 618.225111652 2887.02228538
22.9 0.207500231896 613.159803096 2909.21941335
23.0 0.204128355386 607.939084345 2930.43511498
23.1 0.200825545639 602.913743207 2952.34203899
23.2 0.197590098082 598.053284629 2974.82392138
23.3 0.194420357306 593.235569196 2997.29283747
23.4 0.191314715441 588.515739231 3020.03269366
23.5 0.188271610597 583.817293527 3042.65909067
23.6 0.185289525364 579.181969682 3065.38906834
23.7 0.182366985359 574.391665129 3087.05683576
23.8 0.179502557834 569.810818725 3109.60370332
23.9 0.176694850333 565.354573511 3132.60250041
24.0 0.173942509394 560.857553591 3155.14542092
24.1 0.171244219303 556.316340067 3177.19361225
24.2 0.168598700889 551.774752672 3198.9805774
24.3 0.166004710364 547.273444362 3220.73615316
24.4 0.163461038205 542.990574385 3243.52582749
24.5 0.160966508073 538.870857432 3267.06355864
24.6 0.158519975774 534.763373428 3290.45603992
24.7 0.156120328254 530.747749125 3314.19533256
24.8 0.153766482628 526.535361088 3336.46938572
24.9 0.151457385249 522.507241336 3359.66475675
25.0 0.149192010803 518.639044273 3383.66562825
25.1 0.146969361439 514.771995211 3407.45807656
25.2 0.144788465924 510.965180659 3431.43099277
25.3 0.142648378839 507.210169271 3455.5361778
25.4 0.140548179785 503.497831162 3479.71756565
25.5 0.138486972635 499.798003482 3503.76824226
25.6 0.136463884795 496.17729369 3528.1574667
25.7 0.1344780665 492.577181615 3552.47906428
25.8 0.132528690134 489.027475406 3576.9493683
25.9 0.130614949563 485.51607515 3601.48621927
26.0 0.128736059504 482.023752591 3625.94901017
26.1 0.126891254905 478.592168218 3650.65362636
26.2 0.12507979035 475.222097561 3675.61753218
26.3 0.123300939481 471.826525622 3700.17035939
26.4 0.121553994443 468.50559565 3725.09228894
26.5 0.119838265344 465.235267116 3750.20623342
26.6 0.118153079732 461.975626118 3775.19512664
26.7 0.116497782096 458.754476728 3800.28523267
26.8 0.11487173337 455.569579216 3825.46311236
26.9 0.113274310469 452.433250461 3850.83837647
27.0 0.111704905826 449.317265251 3876.1767371
27.1 0.110162926954 446.233305037 3901.57991612
27.2 0.108647796017 443.174811946 3926.99357512
27.3 0.107158949412 440.181276023 3952.77390487
27.4 0.105695837374 437.181551634 3978.28937754
27.5 0.104257923582 434.021030056 4002.10475348
27.6 0.102844684788 431.079419805 4027.70132202
27.7 0.101455610448 428.199484093 4053.6635646
27.8 0.100090202372 425.342718144 4079.63783925
27.9 0.0987479743792 422.511541087 4105.64915448
28.0 0.0974284519714 419.705291816 4131.69351767
28.1 0.0961311720078 416.932322966 4157.85659772
28.2 0.0948556823961 414.195082536 4184.1688476
28.3 0.0936015417901 411.482571641 4210.52457352
28.4 0.0923683192981 408.757675241 4236.54179136
28.5 0.0911555941993 405.93483071 4261.31029041
28.6 0.089962955669 403.278649618 4287.59672431
28.7 0.088790002513 400.684881588 4314.33874626
28.8 0.0876363429086 398.115397329 4341.13913201
28.9 0.0865015941546 395.545529552 4367.72865189
29.0 0.0853853824281 393.028774921 4394.69844476
29.1 0.0842873425492 390.515861418 4421.50609626
29.2 0.0832071177522 387.982725485 4447.87056182
29.3 0.0821443594638 385.528648156 4474.92867276
29.4 0.0810987270878 383.089115062 4501.94952731
29.5 0.0800698877965 380.601633864 4528.18921831
29.6 0.0790575163277 377.967956663 4552.43647105
29.7 0.0780612947883 375.562521423 4579.18465928
29.8 0.0770809124628 373.236643756 4606.69345809
29.9 0.0761160656284 370.916768151 4634.07310436
30.0 0.0751664573745 368.636759914 4661.74801832
30.1 0.0742317974283 366.378489589 4689.49791312
30.2 0.0733118019848 364.104621137 4716.84270533
30.3 0.0724061935416 361.907011044 4744.97291795
30.4 0.0715147007396 359.703420459 4772.82681594
30.5 0.0706370582065 357.506871681 4800.57004296
30.6 0.069773006406 355.364106796 4828.83469307
30.7 0.0689222914913 353.214308884 4856.80415859
30.8 0.0680846651619 351.087912818 4884.89214023
30.9 0.0672598845252 349.008768745 4913.43956847
31.0 0.0664477119614 346.907843984 4941.48030168
31.1 0.0656479149931 344.858925077 4970.0605796
31.2 0.0648602661575 342.680714417 4996.5569285
31.3 0.0640845428827 340.503997904 5022.8263126
31.4 0.0633205273676 338.450758088 5050.68302682
31.5 0.0625680064645 336.45155937 5079.13616377
31.6 0.0618267715657 334.494148673 5108.02053984
31.7 0.0610966184925 332.416638665 5134.85134888
31.8 0.060377347388 330.450363109 5163.17302348
31.9 0.0596687626121 328.379601185 5189.6294634
32.0 0.0589706726396 326.336120293 5216.26404817
32.1 0.0582828899617 324.457199265 5245.30423123
32.2 0.0576052309888 322.581720653 5274.19968376
32.3 0.0569375159576 320.737432041 5303.40512294
32.4 0.0562795688393 318.924093061 5332.92794998
32.5 0.0556312172509 317.107457031 5362.20057979
32.6 0.0549922923689 315.315575203 5391.69493693
32.7 0.054362628845 313.531626736 5421.12845259
32.8 0.0537420647246 311.779294855 5450.91391224
32.9 0.0531304413667 310.029320583 5480.54664161
33.0 0.0525276033664 308.289431278 5510.16036252
33.1 0.0519333984794 306.582065401 5540.16071095
33.2 0.0513476775487 304.870155111 5569.88406465
33.3 0.0507702944322 303.199733448 5600.17221845
33.4 0.0502011059339 301.508713086 5629.88523093
33.5 0.0496399717352 299.856806365 5660.13201649
33.6 0.0490867543291 298.213736589 5690.35316714
33.7 0.0485413189555 296.581407561 5720.58525225
33.8 0.0480035335387 294.973807389 5751.10207571
33.9 0.0474732686257 293.322575443 5780.56639785
34.0 0.0469503973271 291.632241864 5809.03516221
34.1 0.0464347952588 290.058331262 5839.60860482
34.2 0.0459263404852 288.496141941 5870.22536555
34.3 0.0454249134644 286.945007382 5900.87382572
34.4 0.0449303969941 285.416648122 5931.79929547
34.5 0.0444426761593 283.831343164 5961.33691652
34.6 0.0439616382813 282.279898268 5991.37069496
34.7 0.0434871728676 280.77355737 6022.15872544
34.8 0.0430191715637 279.28517053 6053.13739484
34.9 0.0425575281056 277.825298116 6084.54474073
35.0 0.0421021382736 276.359134213 6115.62467745
35.1 0.0416528998472 274.910462056 6146.89932942
35.2 0.0412097125614 273.474452486 6178.26638973
35.3 0.0407724780638 272.055585592 6209.83166302
35.4 0.0403410998728 270.641487045 6241.31658293
35.5 0.0399154833368 269.236467718 6272.81971392
35.6 0.0394955355947 267.841666132 6304.36908252
35.7 0.0390811655369 266.463241188 6336.11324424
35.8 0.0386722837675 265.09825483 6367.98828032
35.9 0.0382688025676 263.744368046 6399.94206953
36.0 0.0378706358592 262.393300827 6431.77466489
36.1 0.0374776991697 261.053511707 6463.69242971
36.2 0.0370899095983 259.73989369 6496.07109748
36.3 0.0367071857819 258.419258108 6528.08685841
36.4 0.0363294478629 257.112416383 6560.26031218
36.5 0.0359566174569 255.823422201 6592.70134471
36.6 0.035588617622 254.538429734 6625.05824183
36.7 0.0352253728281 253.267168494 6657.5848206
36.8 0.0348668089273 251.996100935 6689.92737122
36.9 0.0345128531252 250.634819259 6719.65713423
37.0 0.0341634339523 249.383726329 6752.12336217
37.1 0.0338184812364 248.152305288 6784.93366446
37.2 0.0334779260758 246.928620351 6817.76930337
37.3 0.0331417008131 245.703958852 6850.38868186
37.4 0.032809739009 244.508059043 6883.62327139
37.5 0.0324819754177 243.205974186 6913.65558605
37.6 0.032158345962 242.007159855 6946.40486201
37.7 0.0318387877094 240.825897182 6979.46748153
37.8 0.031523238849 239.658086436 7012.7332696
37.9 0.0312116386682 238.497250508 7046.01736008
38.0 0.0309039275305 237.321972428 7078.68203611
38.1 0.0306000468538 236.095707144 7109.60957752
38.2 0.0302999390888 234.969691043 7143.34874339
38.3 0.0300035476984 233.835712842 7176.66029541
38.4 0.0297108171372 232.722902577 7210.435053
38.5 0.0294216928316 231.615969545 7244.20860984
38.6 0.0291361211603 230.514269859 7277.96112151
38.7 0.0288540494352 229.42392141 7311.88751497
38.8 0.0285754258832 228.340371385 7345.84680394
38.9 0.0283001996275 227.249654899 7379.38697239
39.0 0.0280283206699 226.086936882 7410.37171552
39.1 0.0277597398739 225.031032114 7444.64582824
39.2 0.0274944089472 223.978951861 7478.86392129
39.3 0.0272322804253 222.934226405 7513.14390607
39.4 0.026973307655 221.90029673 7547.60508161
39.5 0.0267174447792 220.864709618 7581.82551882
39.6 0.0264646467205 219.84985528 7616.57475567
39.7 0.0262148691664 218.827632636 7650.88548274
39.8 0.0259680685546 217.825232231 7685.70546725
39.9 0.0257242020583 216.748492021 7717.69650257
40.0 0.0254832275719 215.730657709 7751.56933601
40.1 0.0252451036971 214.748615867 7786.53869109
40.2 0.0250097897295 213.764722481 7821.25792449
40.3 0.024777245645 212.803156547 7856.6133958
40.4 0.0245474320872 211.832778185 7891.46286828
40.5 0.024320310354 210.877854431 7926.70523158
40.6 0.0240958423858 209.928522411 7961.97759002
40.7 0.0238739907528 208.807948786 7990.51429174
40.8 0.0236547186434 207.819816003 8023.86010101
40.9 0.0234379898524 206.828405462 8056.85952987
41.0 0.0232237687694 205.903057083 8092.2295655
41.1 0.0230120203678 204.940119933 8125.92480991
41.2 0.0228027101939 204.034774566 8161.7086326
41.3 0.0225958043558 203.124597319 8197.1183387
41.4 0.0223912695134 202.196246865 8231.60132292
41.5 0.0221890728677 201.245173505 8264.94683874
41.6 0.0219891821511 200.358019395 8300.71532856
41.7 0.0217915656173 199.485217865 8336.90012887
41.8 0.0215961920315 198.61264066 8372.91704546
41.9 0.0214030306615 197.688538821 8406.56150547
42.0 0.0212120512679 196.798765061 8441.45467602
42.1 0.0210232240953 195.934071649 8477.2300981
42.2 0.0208365198635 195.046890682 8511.83562923
42.3 0.0206519097586 194.122028629 8544.57280797
42.4 0.0204693654246 193.277580334 8580.63719151
42.5 0.0202888589551 192.444532153 8617.02578021
42.6 0.0201103628851 191.626441383 8653.90810807
42.7 0.019933850183 190.801075768 8690.28471714
42.8 0.0197592942426 189.988381598 8727.05925548
42.9 0.019586668876 189.180404759 8763.87391849
43.0 0.0194159483052 188.371951263 8800.48749616
43.1 0.0192471071557 187.581578277 8837.7696193
43.2 0.0190801204483 186.780280702 8874.35963674
43.3 0.018914963593 186.005187644 8912.01934477
43.4 0.0187516123813 185.208885205 8948.4854402
43.5 0.0185900429797 184.437927482 8985.99631539
43.6 0.0184302319233 183.667219838 9023.34594791
43.7 0.0182721561088 182.898709512 9060.62711055
43.8 0.0181157927885 182.12897746 9097.66771316
43.9 0.0179611195637 181.382812654 9135.71074703
44.0 0.017808114379 180.623627849 9172.92360401
44.1 0.0176567555159 179.860341117 9209.7426021
44.2 0.0175070215869 179.077407569 9245.35595121
44.3 0.01735889153 178.275365626 9279.76251469
44.4 0.0172123446029 177.54133292 9317.50549622
44.5 0.0170673603773 176.815040637 9355.47936148
44.6 0.0169239187337 176.091971882 9393.44926077
44.7 0.0167819998558 175.371948951 9431.40592996
44.8 0.0166415842255 174.65707852 9469.46367168
44.9 0.0165026526177 173.951153156 9507.83267125
45.0 0.0163651860949 173.241774512 9545.83775305
45.1 0.0162291660031 172.541732337 9584.18087212
45.2 0.0160945739659 171.850797298 9622.85783563
45.3 0.0159613918807 171.147817912 9660.6831784
45.4 0.0158296019134 170.429478899 9697.44805568
45.5 0.0156991864941 169.743925135 9735.88892331
45.6 0.0155701283126 169.061575582 9774.33660382
45.7 0.0154424103141 168.392967572 9813.40577294
45.8 0.0153160156946 167.722482276 9852.19426052
45.9 0.0151909278969 167.055799299 9891.03195992
46.0 0.0150671306063 166.396009577 9930.10489365
46.1 0.0149446077467 165.690649567 9966.26336961
46.2 0.0148233434767 165.003988121 10003.3349856
46.3 0.0147033221851 164.356295606 10042.5809614
46.4 0.0145845284879 163.712542413 10081.8962159
46.5 0.0144669472237 163.07222916 10121.2517398
46.6 0.0143505634507 162.430719428 10160.3588159
46.7 0.0142353624425 161.737851784 10196.0497749
46.8 0.0141213296849 161.109772764 10235.6241844
46.9 0.0140084508724 160.477475557 10274.7556622
47.0 0.0138967119044 159.857651488 10314.5112207
47.1 0.0137860988823 159.244771733 10354.5463271
47.2 0.0136765981059 158.623768699 10393.880491
47.3 0.0135681960702 157.962012961 10430.3432395
47.4 0.0134608794622 157.354607471 10470.1967846
47.5 0.013354635158 156.749625974 10510.0387234
47.6 0.0132494502194 156.150110267 10550.0746744
47.7 0.0131453118909 155.553682655 10590.1476015
47.8 0.0130422075972 154.962501656 10630.4067832
47.9 0.0129401249397 154.373497337 10670.6446376
48.0 0.0128390516941 153.785976094 10710.8127074
48.1 0.0127389758071 153.202983605 10751.1234934
48.2 0.0126398853943 152.62832559 10791.8497103
48.3 0.012541768737 152.052416606 10832.3182637
48.4 0.0124446142798 151.476862337 10872.6388713
48.5 0.0123484106277 150.91230731 10913.5783399
48.6 0.0122531465439 150.340130886 10953.7943082
48.7 0.0121588109472 149.789099504 10995.3824294
48.8 0.0120653929094 149.226000497 11035.9177031
48.9 0.0119728816528 148.613070247 11072.563131
49.0 0.0118812665482 148.052245258 11112.8836783
49.1 0.0117905371121 147.505132348 11154.0592723
49.2 0.011700683005 146.919956758 11192.1652782
49.3 0.0116116940283 146.312855677 11228.3722902
49.4 0.011523560123 145.775134789 11269.6979498
49.5 0.0114362713667 145.23426378 11310.6082262
49.6 0.0113498179723 144.707723961 11352.4657004
49.7 0.0112641902851 144.176385476 11393.7798712
49.8 0.0111793787811 143.649708908 11435.2921502
49.9 0.0110953740653 143.124895692 11476.7828307
50.0 0.0110121668689 142.606667704 11518.6331672
50.1 0.0109297480482 142.086059769 11560.1219554
50.2 0.0108481085821 141.517593501 11597.5146034
50.3 0.0107672395705 141.002537563 11639.0816352
50.4 0.0106871322323 140.487565909 11680.4812141
50.5 0.0106077779035 139.987471185 11722.9488707
50.6 0.0105291680358 139.479164441 11764.5606548
50.7 0.0104512941944 138.972179847 11806.1082807
50.8 0.0103741480565 138.43162862 11844.6055913
50.9 0.0102977214094 137.934786677 11886.6467775
51.0 0.0102220061491 137.449909661 11929.5537417
51.1 0.0101469942785 136.958008574 11971.6855216
51.2 0.0100726779058 136.470976948 12014.0727893
51.3 0.00999904924287 135.990836755 12056.9006242
51.4 0.00992610060376 135.503890562 12098.9557042
51.5 0.00985382440315 135.030501004 12142.0528941
51.6 0.0097822131548 134.554217919 12184.7250356
51.7 0.00971125947012 134.083265199 12227.7133397
51.8 0.00964095605667 133.584345075 12267.9668409
51.9 0.00957129571675 133.041063256 12303.9119933
52.0 0.00950227134598 132.532644511 12342.837213
52.1 0.00943387593191 132.066409433 12385.493227
52.2 0.00936610255267 131.606138678 12428.5388161
52.3 0.00929894437562 131.145126086 12471.3447735
52.4 0.00923239465604 130.697752838 12515.2835142
52.5 0.0091664467358 130.243401134 12558.3909879
52.6 0.00910109404216 129.791109404 12601.5276274
52.7 0.00903633008643 129.34577483 12645.1731346
52.8 0.0089721484628 128.90183156 12688.7905029
52.9 0.00890854284709 128.457004993 12732.153961
53.0 0.00884550699558 128.021555093 12776.2824684
53.1 0.00878303474385 127.579978444 12819.6342861
53.2 0.00872112000557 127.145493624 12863.5309999
53.3 0.00865975677143 126.713931021 12907.5594177
53.4 0.00859893910798 126.283356107 12951.5241055
53.5 0.00853866115657 125.853211753 12995.3664924
53.6 0.00847891713222 125.405439987 13037.2070505
53.7 0.0084197013226 124.896674887 13072.4663757
53.8 0.00836100808699 124.47038448 13116.1293722
53.9 0.00830283185521 124.05668029 13160.9540567
54.0 0.00824516712663 123.639616685 13205.2612655
54.1 0.00818800846919 123.221401662 13249.2781315
54.2 0.00813135051842 122.811539365 13294.0278771
54.3 0.00807518797642 122.401498136 13338.5958768
54.4 0.00801951561101 121.975422405 13381.2392785
54.5 0.00796432825471 121.533501426 13421.9406327
54.6 0.00790962080387 121.129604647 13466.6506158
54.7 0.00785538821775 120.730487155 13511.729668
54.8 0.00780162551762 120.330913069 13556.5955503
54.9 0.00774832778594 119.928981314 13601.02864
55.0 0.00769549016542 119.536825585 13646.4057925
55.1 0.00764310785822 119.142238576 13691.3432836
55.2 0.00759117612514 118.750062817 13736.3927671
55.3 0.00753969028472 118.362171271 13781.7748299
55.4 0.00748864571253 117.972831379 13826.8244422
55.5 0.00743803784028 117.591309056 13872.62842
55.6 0.00738786215513 117.202270347 13917.3810457
55.7 0.00733811419883 116.825345423 13963.408139
55.8 0.00728878956705 116.44456324 14008.8136572
55.9 0.00723988390856 116.053373249 14052.7924138
56.0 0.00719139292454 115.640908839 14093.9924408
56.1 0.00714331236783 115.268706777 14139.9087597
56.2 0.00709563804224 114.886419557 14184.4179791
56.3 0.00704836580185 114.481291268 14225.9078974
56.4 0.00700149155029 114.110255448 14271.4409547
56.5 0.00695501124011 113.74900366 14318.0365559
56.6 0.00690892087204 113.382689464 14363.834732
56.7 0.00686321649442 112.990082549 14406.1134212
56.8 0.00681789420248 112.609027382 14449.6612572
56.9 0.00677295013773 112.250523024 14495.9238953
57.0 0.00672838048735 111.895502921 14542.4760985
57.1 0.00668418148352 111.538945204 14588.6668277
57.2 0.00664034940285 111.149263044 14630.3316817
57.3 0.0065968805658 110.787358231 14675.4519334
57.4 0.00655377133601 110.437173676 14721.953884
57.5 0.00651101811982 110.088764728 14768.5301819
57.6 0.0064686173656 109.74358143 14815.3782508
57.7 0.00642656556326 109.398456472 14862.073208
57.8 0.00638485924366 109.017926016 14903.7641438
57.9 0.00634349497805 108.667566906 14949.3782143
58.0 0.00630246937756 108.328490783 14996.3756016
58.1 0.00626177909266 107.991890004 15043.5558446
58.2 0.00622142081263 107.655187485 15090.5613715
58.3 0.00618139126504 107.317990055 15137.333666
58.4 0.00614168721526 106.988510599 15185.0342814
58.5 0.00610230546594 106.644292237 15230.4736708
58.6 0.00606324285654 106.29682524 15275.2610102
58.7 0.00602449626281 105.973157131 15323.2956311
58.8 0.00598606259637 105.646113096 15370.6848044
58.9 0.00594793880417 105.317960842 15417.7486702
59.0 0.00591012186807 104.995693277 15465.5114825
59.1 0.00587260880437 104.675172262 15513.373185
59.2 0.00583539666337 104.332931284 15557.8365562
59.3 0.0057984825289 103.994259562 15602.6333853
59.4 0.00576186351791 103.677119343 15650.4819914
59.5 0.00572553678005 103.362045906 15698.4828393
59.6 0.00568949949718 103.050682927 15746.890122
59.7 0.00565374888303 102.737324581 15794.8342904
59.8 0.00561828218275 102.425728803 15842.8883173
59.9 0.0055830966725 102.117526154 15891.3081996
60.0 0.00554818965906 101.809080449 15939.5315528
60.1 0.00551355847944 101.502024176 15987.8121375
60.2 0.00547920050047 101.196459223 16036.1673736
60.3 0.00544511311846 100.892817861 16084.6677644
60.4 0.00541129375876 100.553426652 16127.2739118
60.5 0.00537773987545 100.252069566 16175.7846616
60.6 0.00534444895092 99.9493467208 16223.912134
60.7 0.00531141849556 99.6584666504 16273.8065601
60.8 0.00527864604736 99.3282408111 16317.0910368
60.9 0.00524612917159 99.0208866512 16363.9288687
61.0 0.00521386546042 98.7273771259 16412.8840131
61.1 0.00518185253263 98.3958749587 16455.3257912
61.2 0.00515008803321 98.0998413173 16503.4965706
61.3 0.00511856963309 97.8144168805 16553.2926349
61.4 0.00508729502876 97.5255130954 16602.3448766
61.5 0.005056261942 97.2388045334 16651.6119379
61.6 0.00502546811951 96.9450801675 16699.5111951
61.7 0.00499491133264 96.6309872565 16743.7049358
61.8 0.00496458937705 96.3113474939 16786.7113872
61.9 0.00493450007244 96.0302612328 16836.2422584
62.0 0.0049046412622 95.7492158204 16885.6218337
62.1 0.00487501081317 95.4712048566 16935.3786816
62.2 0.00484560661531 95.1901682197 16984.4383797
62.3 0.00481642658143 94.9188061327 17035.0681955
62.4 0.0047874686469 94.6428470296 17084.7196521
62.5 0.00475873076936 94.3684651488 17134.4967906
62.6 0.00473021092847 94.0965604527 17184.566393
62.7 0.00470190712563 93.825381988 17234.61215
62.8 0.00467381738369 93.5564301725 17284.9110464
62.9 0.0046459397467 93.2827094077 17334.1677342
63.0 0.00461827227968 93.020993212 17385.4992582
63.1 0.0045908130683 92.753377669 17435.5763397
63.2 0.00456356021868 92.4862048997 17485.5763975
63.3 0.00453651185713 92.2070513697 17533.1360021
63.4 0.00450966612986 91.920645166 17579.1175402
63.5 0.00448302120282 91.6582748556 17629.5124428
63.6 0.00445657526137 91.3836831348 17677.3836602
63.7 0.0044303265101 91.1010779755 17723.5067614
63.8 0.00440427317259 90.8442382412 17774.4614685
63.9 0.00437841349117 90.5865576581 17825.0957598
64.0 0.00435274572668 90.3303965244 17875.8714232
64.1 0.00432726815829 90.0768724961 17927.0135215
64.2 0.00430197908323 89.8225164201 17977.8341548
64.3 0.00427687681658 89.5709408951 18029.055182
64.4 0.00425195969111 89.3201757981 18080.2848209
64.5 0.00422722605699 89.0685010642 18131.1732495
64.6 0.00420267428163 88.8203872983 18182.6300657
64.7 0.00417830274946 88.5741868026 18234.325899
64.8 0.00415410986173 88.3235973279 18284.9602442
64.9 0.00413009403631 88.0789572221 18336.6676581
65.0 0.00410625370748 87.836781397 18388.7368601
65.1 0.00408258732576 87.5780221752 18437.1641173
65.2 0.00405909335768 87.318163267 18485.1663964
65.3 0.00403577028562 87.0775790849 18537.0744587
65.4 0.00401261660763 86.8276834459 18586.8348735
65.5 0.00398963083719 86.5590610961 18632.3852812
65.6 0.00396681150312 86.3213634705 18684.4031094
65.7 0.00394415714929 86.0838664517 18736.3097068
65.8 0.00392166633454 85.8504228954 18788.9466225
65.9 0.00389933763243 85.6032202329 18838.4062105
66.0 0.00387716963114 85.3399471969 18884.1245358
66.1 0.00385516093321 85.111642302 18937.3963405
66.2 0.00383331015546 84.8761270239 18988.9108587
66.3 0.00381161592876 84.6451184461 19041.2749939
66.4 0.0037900768979 84.4171387471 19094.168735
66.5 0.00376869172142 84.1879027258 19146.6263944
66.6 0.00374745907144 83.9594571891 19199.1089898
66.7 0.00372637763352 83.7289067832 19250.9514146
66.8 0.00370544610647 83.5085326284 19304.9824579
66.9 0.00368466320226 83.2798385769 19356.939033
67.0 0.0036640276458 83.0546438152 19409.5494305
67.1 0.00364353817483 82.8337548643 19463.0140718
67.2 0.00362319353975 82.6107139973 19515.8214873
67.3 0.00360299250351 82.3887448222 19568.7267804
67.4 0.00358293384141 82.1685855219 19621.9080106
67.5 0.00356301634102 81.948185102 19674.8774133
67.6 0.00354323880199 81.7309279739 19728.4486694
67.7 0.00352360003594 81.511582651 19781.3621044
67.8 0.00350409886631 81.2976372433 19835.4342422
67.9 0.00348473412824 81.0784477482 19888.0730342
68.0 0.0034655046684 80.8669190653 19942.437996
68.1 0.00344640934493 80.6475575255 19994.7157844
68.2 0.00342744702722 80.4160379778 20043.7949869
68.3 0.00340861659586 80.1856478713 20092.954318
68.4 0.00338991694246 79.9438575795 20139.0393254
68.5 0.00337134696955 79.73677848 20193.6795327
68.6 0.00335290559047 79.5241349019 20246.7580654
68.7 0.00333459172921 79.3187464561 20301.5313256
68.8 0.00331640432032 79.1076427495 20354.689151
68.9 0.00329834230879 78.9014372979 20408.9513334
69.0 0.0032804046499 78.6907264839 20461.8904022
69.1 0.00326259030917 78.4247451627 20500.2155803
69.2 0.00324489826216 78.2181312977 20553.8204757
69.3 0.00322732749445 77.987522317 20600.9270653
69.4 0.00320987700143 77.7473730747 20645.2716542
69.5 0.0031925457883 77.5106435518 20690.2712067
69.6 0.00317533286985 77.314998754 20746.0439216
69.7 0.00315823727043 77.1120450922 20799.7064494
69.8 0.00314125802383 76.9133059984 20854.3502539
69.9 0.00312439417316 76.71529533 20909.0407602
70.0 0.00310764477073 76.5169387507 20963.4845113
70.1 0.00309100887799 76.322685199 21018.9030311
70.2 0.00307448556543 76.1243927805 21073.057805
70.3 0.00305807391241 75.9118935075 21123.0999583
70.4 0.00304177300717 75.7019660309 21173.6588405
70.5 0.00302558194662 75.5119250062 21229.6109993
70.6 0.00300949983635 75.3162293653 21283.822783
70.7 0.00299352579046 75.1193043917 21337.524352
70.8 0.00297765893148 74.899719943 21384.5895651
70.9 0.00296189839032 74.7130576725 21440.8670677
71.0 0.00294624330613 74.5232677317 21496.1010826
71.1 0.00293069282624 74.3311568621 21550.5095216
71.2 0.00291524610603 74.148229003 21607.4322259
71.3 0.00289990230892 73.9262593915 21652.7830831
71.4 0.0028846606062 73.7119003848 21700.1190644
71.5 0.00286952017698 73.52882922 21756.4775345
71.6 0.00285448020813 73.3408220653 21811.224332
71.7 0.00283953989416 73.1589143068 21867.6335187
71.8 0.00282469843713 72.9725750827 21922.5669302
71.9 0.00280995504662 72.7727768447 21973.2764162
72.0 0.00279530893959 72.5777086356 22025.2179641
72.1 0.00278075934034 72.3993925037 22082.0776657
72.2 0.00276630548042 72.216643521 22137.4364075
72.3 0.00275194659855 72.0271944213 22190.5730594
72.4 0.00273768194054 71.8279375008 22240.4920505
72.5 0.00272351075923 71.6498795944 22296.7943769
72.6 0.00270943231439 71.4694915554 22352.2180605
72.7 0.00269544587266 71.2434763098 22393.1409669
72.8 0.00268155070749 71.0625781175 22448.0109923
72.9 0.00266774609905 70.8853642947 22503.8851869
73.0 0.00265403133415 70.7122297321 22560.9048591
73.1 0.00264040570621 70.5349349198 22616.4453961
73.2 0.00262686851512 70.3561376946 22671.3412725
73.3 0.00261341906727 70.1716051263 22724.2123403
73.4 0.00260005667538 69.9900411619 22777.8614219
73.5 0.0025867806585 69.7999374931 22828.5367158
73.6 0.00257359034192 69.6297366402 22885.542858
73.7 0.0025604850571 69.4589770452 22942.2159779
73.8 0.00254746414162 69.2908177442 22999.5998495
73.9 0.00253452693911 69.1208680144 23056.2405578
74.0 0.00252167279918 68.9539098593 23113.7301917
74.1 0.00250890107736 68.7670011119 23164.3533147
74.2 0.00249621113505 68.5913547814 23218.5747286
74.3 0.00248360233944 68.4134263976 23271.8407306
74.4 0.00247107406347 68.2120201143 23316.892341
74.5 0.00245862568573 68.0235389165 23366.1140621
74.6 0.00244625659047 67.8523929117 23421.0904887
74.7 0.00243396616749 67.6847474378 23477.1079719
74.8 0.00242175381207 67.5016333279 23527.5704091
74.9 0.00240961892496 67.3385793378 23584.84074
75.0 0.00239756091232 67.1766577174 23642.3574098
75.1 0.00238557918559 66.9866030267 23689.7744628
75.2 0.00237367316155 66.8277020863 23748.0136145
75.3 0.00236184226217 66.6520403973 23800.1236009
75.4 0.0023500859146 66.4823625645 23854.1765894
75.5 0.00233840355113 66.321372275 23911.1761124
75.6 0.00232679460908 66.1581539966 23967.2108357
75.7 0.00231525853081 65.9551196861 24008.5844842
75.8 0.00230379476365 65.7979190583 24066.4135474
75.9 0.00229240275982 65.6248007472 24118.2417657
76.0 0.00228108197643 65.4392401878 24165.2664499
76.1 0.00226983187539 65.2775588896 24220.8962463
76.2 0.00225865192336 65.1003273659 24270.5556088
76.3 0.00224754159174 64.9424308448 24327.2273214
76.4 0.0022365003566 64.7629585056 24375.6144284
76.5 0.00222552769862 64.6090025685 24433.4079427
76.6 0.00221462310304 64.4589738819 24492.5397464
76.7 0.00220378605967 64.306728638 24550.6835364
76.8 0.00219301606276 64.127835214 24598.4537433
76.9 0.00218231261102 63.94464885 24644.3189171
77.0 0.00217167520756 63.7768260874 24695.8645648
77.1 0.00216110335982 63.6103195671 24747.7072376
77.2 0.00215059657955 63.4525032663 24802.7342683
77.3 0.00214015438277 63.2956910662 24857.9728191
77.4 0.00212977628972 63.1312436777 24910.0174769
77.5 0.00211946182481 62.9848027684 24968.9887592
77.6 0.00210921051658 62.816444103 25019.0834965
77.7 0.00209902189769 62.6683707271 25077.0647988
77.8 0.00208889550481 62.5047723182 25128.6475254
77.9 0.00207883087868 62.352608703 25184.6314334
78.0 0.00206882756396 62.1974011321 25239.2035518
78.1 0.00205888510928 62.0383261472 25292.0088204
78.2 0.00204900306714 61.8759170895 25343.2415229
78.3 0.00203918099393 61.7279719673 25400.2040214
78.4 0.00202941844981 61.5773703602 25455.8994066
78.5 0.00201971499877 61.4200293078 25508.6146628
78.6 0.00201007020851 61.2795106485 25568.1397072
78.7 0.00200048365046 61.1398823776 25627.8915403
78.8 0.00199095489969 60.9826714015 25680.0943251
78.9 0.00198148353494 60.8369368267 25736.9370683
79.0 0.00197206913852 60.6742962708 25786.4222115
79.1 0.00196271129633 60.5359087857 25846.0215246
79.2 0.00195340959776 60.3964612346 25905.0182296
79.3 0.00194416363573 60.2587427087 25964.6059471
79.4 0.00193497300661 60.1155441492 26021.6724822
79.5 0.00192583731019 59.9637138309 26074.8128446
79.6 0.00191675614966 59.8282115319 26134.8767529
79.7 0.00190772913155 59.6953068058 26195.9344652
79.8 0.00189875586575 59.5605184639 26256.0242702
79.9 0.00188983596542 59.4267371053 26316.413057
80.0 0.00188096904699 59.2932741274 26376.7987145
80.1 0.00187215473014 59.1579991972 26436.2293232
80.2 0.0018633926377 59.0269311099 26497.393856
80.3 0.00185468239574 58.8962371574 26558.5877801
80.4 0.0018460236334 58.7649656815 26619.3804809
80.5 0.00183741598298 58.6323185632 26679.4034192
80.6 0.00182885907983 58.5013435509 26740.03935
80.7 0.00182035256236 58.3722645202 26801.3995331
80.8 0.00181189607199 58.2424052813 26862.2595888
80.9 0.00180348925316 58.1125097846 26922.9575083
81.0 0.00179513175323 57.9840355354 26984.1695095
81.1 0.00178682322254 57.8571488679 27045.9804085
81.2 0.00177856331428 57.7268441454 27106.0479316
81.3 0.00177035168458 57.598451664 27166.8628075
81.4 0.00176218799238 57.4752206062 27229.9746254
81.5 0.00175407189946 57.3349978605 27284.8719762
81.6 0.00174600307038 57.1871246278 27335.9100683
81.7 0.0017379811725 57.0476422498 27390.739979
81.8 0.0017300058759 56.9221556693 27452.1163565
81.9 0.00172207685339 56.7962790007 27513.1583231
82.0 0.00171419378046 56.6731626625 27575.3944446
82.1 0.0017063563353 56.5250096429 27625.2556299
82.2 0.00169856419869 56.3800355238 27676.4283026
82.3 0.00169081705408 56.2369433307 27728.2913772
82.4 0.00168311458748 56.1122276647 27789.0236941
82.5 0.00167545648748 55.9799055649 27845.8189277
82.6 0.00166784244521 55.8373608538 27897.3181309
82.7 0.00166027215432 55.7028254569 27952.6009415
82.8 0.00165274531096 55.5581024263 28002.5464707
82.9 0.00164526161376 55.4238857917 28057.5610767
83.0 0.00163782076379 55.289047454 28112.0543052
83.1 0.00163042246456 55.1604546904 28169.5269379
83.2 0.00162306642196 55.0205826134 28221.029925
83.3 0.00161575234429 54.8925736126 28278.4074715
83.4 0.00160847994219 54.7479831372 28327.0199642
83.5 0.00160124892866 54.6239714815 28386.0640716
83.6 0.001594059019 54.492405312 28440.9936468
83.7 0.00158690993081 54.3680321913 28499.485964
83.8 0.00157980138397 54.2517493585 28562.0604702
83.9 0.00157273310061 54.1361202668 28624.8385666
84.0 0.00156570480508 54.0106813775 28682.2663609
84.1 0.00155871622396 53.8854113656 28739.5965652
84.2 0.00155176708601 53.7538891224 28793.3889128
84.3 0.00154485712217 53.6126485038 28841.7333999
84.4 0.00153798606554 53.4765170336 28892.5713761
84.5 0.00153115365131 53.3649858848 28956.512353
84.6 0.00152435961684 53.2492434508 29018.0256102
84.7 0.00151760370154 53.1250360721 29074.7518961
84.8 0.00151088564691 53.0088605739 29135.6970587
84.9 0.00150420519651 52.8776106503 29188.1613473
85.0 0.00149756209593 52.7542477616 29244.7649422
85.1 0.00149095609276 52.6379124057 29305.0832958
85.2 0.00148438693663 52.5049881271 29355.9604291
85.3 0.00147785437911 52.3949188887 29419.4233257
85.4 0.00147135817376 52.2832110579 29481.8222353
85.5 0.00146489807607 52.1740380763 29545.5070274
85.6 0.00145847384347 52.0632660325 29608.1433366
85.7 0.0014520852353 51.9546557746 29671.8657478
85.8 0.00144573201277 51.847820096 29736.4661668
85.9 0.001439413939 51.7290503099 29794.0601361
86.0 0.00143313077895 51.6141005004 29853.6709129
86.1 0.00142688229942 51.5080858025 29918.2957001
86.2 0.00142066826904 51.3993930718 29981.2244556
86.3 0.00141448845825 51.2927007417 30045.1761981
86.4 0.00140834263929 51.1869542984 30109.5437249
86.5 0.00140223058617 51.0812301848 30173.7868337
86.6 0.00139615207466 50.9743231475 30237.1890902
86.7 0.00139010688227 50.8703433861 30302.188332
86.8 0.00138409478826 50.7611467958 30363.9332132
86.9 0.00137811557359 50.6380527687 30417.1686333
87.0 0.00137216902092 50.5180186302 30472.0165647
87.1 0.00136625491459 50.3666586469 30507.670221
87.2 0.00136037304061 50.24220013 30559.3061548
87.3 0.00135452318667 50.1394355553 30623.9456429
87.4 0.00134870514206 50.0327427453 30686.037511
87.5 0.00134291869772 49.9145339839 30740.8770006
87.6 0.0013371636462 49.81350054 30806.117484
87.7 0.00133143978163 49.6919606743 30858.4889966
87.8 0.00132574689974 49.5869762135 30920.9421895
87.9 0.00132008479782 49.4864921901 30986.0549569
88.0 0.00131445327472 49.3856535178 31050.807945
88.1 0.00130885213083 49.2859055923 31116.1092998
88.2 0.00130328116805 49.1847302921 31180.3695594
88.3 0.00129774018984 49.0823000053 31243.6856512
88.4 0.0012922290011 48.9609706137 31294.7683217
88.5 0.00128674740826 48.8363201411 31343.4649214
88.6 0.00128129521922 48.7240812421 31399.8858394
88.7 0.00127587224332 48.6038682887 31450.9360316
88.8 0.00127047829137 48.5007032372 31512.8078602
88.9 0.00126511317562 48.3875947627 31568.0261144
89.0 0.00125977670972 48.2834330285 31628.8837974
89.1 0.00125446870876 48.1804477115 31690.3398749
89.2 0.00124918898919 48.0280623345 31719.000006
89.3 0.0012439373689 47.8969905004 31761.3550102
89.4 0.00123871366711 47.8019685356 31827.3862686
89.5 0.00123351770443 47.7059231366 31892.5997331
89.6 0.00122834930281 47.6100747734 31957.8047187
89.7 0.00122320828553 47.5164628746 32024.3757303
89.8 0.00121809447722 47.4203800485 32089.1440182
89.9 0.00121300770382 47.3258740082 32154.8378742
90.0 0.00120794779257 47.2148576886 32209.1300008
90.1 0.00120291457199 47.116125214 32271.6045046
90.2 0.00119790787192 47.0254032779 32339.4224756
90.3 0.00119292752344 46.9318380272 32405.1545285
90.4 0.00118797335891 46.8254892213 32461.8843439
90.5 0.00118304521192 46.728240668 32524.7354314
90.6 0.00117814291733 46.6253219343 32583.4601066
90.7 0.0011732663112 46.5259089793 32644.4472056
90.8 0.00116841523081 46.4347713051 32711.084362
90.9 0.00116358951468 46.3420038565 32776.4342673
91.0 0.00115878900249 46.2508061709 32842.7535348
91.1 0.00115401353514 46.160236912 32909.3828113
91.2 0.00114926295467 46.0691522624 32975.5071713
91.3 0.00114453710433 45.9614970973 33029.5828608
91.4 0.00113983582849 45.8704969533 33095.4382007
91.5 0.00113515897269 45.7689100599 33153.4815486
91.6 0.0011305063836 45.6528795791 33200.8150597
91.7 0.00112587790904 45.5641488563 33267.7899326
91.8 0.00112127339791 45.4742823556 33333.7970409
91.9 0.00111669270024 45.386215016 33400.9848601
92.0 0.00111213566717 45.2840435149 33457.6175368
92.1 0.00110760215093 45.1330559815 33477.8221937
92.2 0.0011030920048 45.0099038464 33518.2494377
92.3 0.00109860508317 44.9038528794 33571.1161823
92.4 0.00109414124149 44.8170486369 33638.1814442
92.5 0.00108970033623 44.7311856751 33705.8202088
92.6 0.00108528222495 44.6441610608 33772.4484853
92.7 0.00108088676623 44.557217161 33838.9979355
92.8 0.00107651381966 44.4720015454 33906.7238952
92.9 0.00107216324588 44.3812978295 33970.1167775
93.0 0.00106783490653 44.272521559 34019.4557457
93.1 0.00106352866425 44.1824526384 34082.9488307
93.2 0.00105924438266 44.0952790044 34148.5176918
93.3 0.00105498192641 43.9982765906 34206.2946466
93.4 0.00105074116109 43.9157675706 34275.1716628
93.5 0.00104652195326 43.819854742 34333.4211696
93.6 0.00104232417047 43.7133775629 34383.1526162
93.7 0.0010381476812 43.6292010227 34450.2180265
93.8 0.00103399235489 43.5457201144 34517.6944595
93.9 0.00102985806192 43.461531271 34584.46992
94.0 0.00102574467357 43.3644043609 34640.7665699
94.1 0.00102165206209 43.2800702619 34707.0970492
94.2 0.00101758010061 43.1982084974 34775.2702244
94.3 0.00101352866319 43.1152495061 34842.4229501
94.4 0.00100949762478 43.0252840776 34903.7497139
94.5 0.00100548686121 42.8946976301 34931.8089041
94.6 0.00100149624923 42.7845269891 34976.114345
94.7 0.000997525666446 42.6829362565 35027.1426995
94.8 0.000993574991331 42.588849026 35084.0860769
94.9 0.000989644103233 42.4991981985 35144.477238
95.0 0.000985732882356 42.4116184269 35206.3930051
95.1 0.000981841209751 42.3241501965 35268.2185521
95.2 0.000977968967315 42.2195193246 35315.5038804
95.3 0.000974116037781 42.1198937341 35366.6965493
95.4 0.000970282304712 42.0267984964 35423.127956
95.5 0.000966467652491 41.9500165693 35493.1361937
95.6 0.000962671966323 41.8711496971 35561.2513575
95.7 0.000958895132217 41.7677940785 35608.3518987
95.8 0.000955137036988 41.6544338645 35646.5935466
95.9 0.000951397568249 41.5636020275 35703.8230802
96.0 0.0009476766144 41.4515912034 35742.5704956
96.1 0.000943974064628 41.3389019031 35780.3705074
96.2 0.000940289808895 41.2543045683 35842.2101637
96.3 0.000936623737936 41.163930303 35898.8268591
96.4 0.000932975743251 41.0670094445 35949.4881412
96.5 0.000929345717097 40.9629799893 35993.6335465
96.6 0.000925733552487 40.8688936441 36046.2300464
96.7 0.000922139143179 40.758439545 36084.0810317
96.8 0.000918562383672 40.6841579038 36153.7106801
96.9 0.0009150031692 40.6080225167 36221.5601024
97.0 0.000911461395727 40.5328234422 36290.1073039
97.1 0.000907936959938 40.4583128528 36359.1375369
97.2 0.000904429759238 40.37154762 36416.9810241
97.3 0.000900939691743 40.2637353606 36455.5515398
97.4 0.000897466656275 40.1515770388 36489.8116159
97.5 0.000894010552356 40.0590100032 36541.5501747
97.6 0.000890571280203 39.9721738824 36598.2741553
97.7 0.000887148740723 39.899129484 36667.4481627
97.8 0.000883742835507 39.8268980478 36737.2399781
97.9 0.000880353466824 39.7396854184 36793.0335217
98.0 0.000876980537617 39.6502721326 36846.5497202
98.1 0.000873623951496 39.571630974 36909.8641885
98.2 0.000870283612734 39.4808874329 36961.6718198
98.3 0.000866959426261 39.3887989466 37011.9535216
98.4 0.000863651297661 39.3080546446 37072.6608724
98.5 0.000860359133162 39.2233396774 37129.4132063
98.6 0.000857082839637 39.1529087548 37199.5112174
98.7 0.000853822324593 39.0825005391 37269.5034629
98.8 0.000850577496173 39.0084022501 37335.8352257
98.9 0.000847348263142 38.9281659694 37396.1145735
99.0 0.00084413453489 38.8504054234 37458.5801507
99.1 0.000840936221426 38.7733772469 37521.5695118
99.2 0.000837753233367 38.6893068377 37577.5376701
99.3 0.000834585481941 38.5898268259 37618.2511586
99.4 0.000831432878977 38.5074267866 37675.3307572
99.5 0.000828295336904 38.4247808742 37731.9441232
99.6 0.000825172768742 38.3365653829 37782.840057
99.7 0.000822065088103 38.2526325593 37837.7020865
99.8 0.000818972209182 38.1568553248 37880.5643231
99.9 0.000815894046752 38.0380440133 37900.1473876
100.0 0.000812830516164 37.9687303827 37968.7303827
100.1 0.000809781533339 37.9008596653 38038.620802
100.2 0.000806747014763 37.8326373282 38108.0254293
100.3 0.000803726877487 37.7447922356 38157.4572233
100.4 0.000800721039118 37.6620866839 38211.8228874
100.5 0.000797729417815 37.584720199 38271.3802846
100.6 0.000794751932289 37.5157124184 38339.272529
100.7 0.000791788501795 37.4503418384 38410.7479763
100.8 0.000788839046127 37.3837714046 38480.8666031
100.9 0.000785903485619 37.3096301667 38543.0321741
101.0 0.000782981741134 37.23554482 38605.0660233
101.1 0.000780073734065 37.1616634347 38667.121272
101.2 0.00077717938633 37.0816100277 38722.5405013
101.3 0.000774298620367 37.0067661957 38783.1806327
101.4 0.00077143135913 36.9264145907 38837.826569
101.5 0.000768577526084 36.8474442636 38893.6860246
101.6 0.000765737045206 36.7535570509 38933.5080348
101.7 0.000762909840975 36.6724245516 38986.5390105
101.8 0.000760095838371 36.5919499856 39040.0160739
101.9 0.000757294962872 36.5154445817 39097.4902991
102.0 0.000754507140449 36.4398597964 39155.7296112
102.1 0.000751732297562 36.3523647599 39200.9066121
102.2 0.000748970361156 36.2802904234 39262.4599747
102.3 0.000746221258661 36.2184545968 39334.9376281
102.4 0.000743484917981 36.149271695 39399.289899
102.5 0.0007407612675 36.0636606186 39445.4975796
102.6 0.000738050236069 35.9847892751 39498.7983423
102.7 0.000735351753009 35.8930958279 39537.7206567
102.8 0.000732665748103 35.830422368 39608.3666779
102.9 0.000729992151598 35.7687425602 39679.9835381
103.0 0.000727330894196 35.7067694584 39751.1488922
103.1 0.000724681907052 35.6444822437 39821.8347387
103.2 0.000722045121772 35.5785741795 39888.3287754
103.3 0.000719420470411 35.5076178751 39948.9808676
103.4 0.000716807885465 35.4188595418 39989.3300942
103.5 0.000714207299872 35.3246419394 40023.1473832
103.6 0.000711618647006 35.2485884915 40077.2249976
103.7 0.000709041860674 35.165542212 40123.0744652
103.8 0.000706476875116 35.0979482453 40186.3092955
103.9 0.000703923624997 35.0394714349 40259.8343751
104.0 0.000701382045407 34.9779861888 40329.7772756
104.1 0.000698852071857 34.9023560434 40383.215136
104.2 0.000696333640276 34.8302353113 40440.4731705
104.3 0.000693826687008 34.7431644405 40480.0845985
104.4 0.000691331148806 34.6644385275 40529.1019163
104.5 0.000688846962836 34.5955045065 40589.3225292
104.6 0.000686374066666 34.5207784416 40642.5169305
104.7 0.000683912398268 34.4411529148 40689.6669854
104.8 0.000681461896013 34.3660046022 40741.8269633
104.9 0.000679022498669 34.2945505239 40798.1187169
105.0 0.000676594145398 34.2337286767 40866.8684583
105.1 0.000674176775753 34.177186424 40940.5965493
105.2 0.000671770329673 34.1040305209 40994.2404236
105.3 0.000669374747485 34.0384857203 41056.811493
105.4 0.000666989969895 33.9752790114 41122.0208939
105.5 0.000664615937992 33.9169845569 41193.0227895
105.6 0.000662252593239 33.8596410346 41265.0497131
105.7 0.000659899877472 33.8029002092 41337.686495
105.8 0.000657557732902 33.7446858445 41408.3917197
105.9 0.000655226102106 33.6708855248 41459.768561
106.0 0.000652904928025 33.5578675654 41462.4200122
106.1 0.000650594153967 33.4642024693 41488.4607745
106.2 0.000648293723598 33.4017092773 41552.8376783
106.3 0.000646003580941 33.3245399905 41598.7148146
106.4 0.000643723670377 33.2571634915 41656.5515469
106.5 0.000641453936636 33.2032624106 41731.1001352
106.6 0.000639194324801 33.144513632 41799.4246084
106.7 0.000636944780302 33.0661359095 41842.7566829
106.8 0.000634705248913 33.0067180658 41909.8388444
106.9 0.00063247567675 32.9537178535 41984.9353621
107.0 0.000630256010271 32.8929380362 42049.9786772
107.1 0.00062804619627 32.8002933919 42073.9714122
107.2 0.000625846181876 32.6953524699 42081.6824125
107.3 0.000623655914551 32.6336232405 42144.6339385
107.4 0.000621475342089 32.5533393941 42183.3520466
107.5 0.000619304412608 32.4646697767 42210.8128026
107.6 0.000617143074556 32.392524212 42259.401007
107.7 0.0006149912767 32.3099018806 42293.9884272
107.8 0.00061284896813 32.2468534692 42353.9038193
107.9 0.000610716098256 32.16169586 42384.4727342
108.0 0.0006085926168 32.0976102808 42442.4975343
108.1 0.000606478473804 32.0370165245 42504.9328382
108.2 0.000604373619615 31.9675594863 42555.3766369
108.3 0.000602278004895 31.8963712269 42603.2347114
108.4 0.00060019158061 31.8212641496 42645.5503137
108.5 0.000598114298033 31.7458018726 42687.0606439
108.6 0.000596046108739 31.6872805326 42751.0941592
108.7 0.000593986964603 31.6290922079 42815.3967094
108.8 0.000591936817802 31.5316144114 42826.1562581
108.9 0.000589895620804 31.4750558739 42892.1398408
109.0 0.000587863326377 31.4136043746 42951.2648251
109.1 0.000585839887578 31.356178557 43015.6979075
109.2 0.000583825257754 31.2587480573 43024.8888849
109.3 0.000581819390542 31.1853139699 43066.6716021
109.4 0.000579822239865 31.1286404086 43131.3479942
109.5 0.000577833759928 31.079757129 43206.6772705
109.6 0.000575853905221 31.0237197732 43271.9214899
109.7 0.000573882630512 30.9393815615 43297.3869115
109.8 0.000571919890847 30.8427212241 43305.1136872
109.9 0.000569965641549 30.7473451059 43314.0951133
110.0 0.000568019838216 30.665976557 43342.3292033
110.1 0.000566082436717 30.6089319144 43404.6384703
110.2 0.000564153393192 30.5380785537 43447.1102507
110.3 0.000562232664049 30.4625657715 43482.608573
110.4 0.000560320205963 30.3966190939 43531.4384012
110.5 0.000558415975873 30.3251161005 43572.0046658
110.6 0.000556519930982 30.2448370755 43599.5854802
110.7 0.000554632028753 30.1722303959 43637.8433692
110.8 0.000552752226909 30.0942437307 43667.9459602
110.9 0.000550880483429 30.0283301809 43715.2226918
111.0 0.00054901675655 29.9553166751 43751.8406011
111.1 0.000547161004761 29.886173757 43793.7718026
111.2 0.000545313186804 29.8166391108 43834.8037479
111.3 0.000543473261669 29.7663099905 43903.8339143
111.4 0.000541641188597 29.6839293705 43925.2894806
111.5 0.000539816927076 29.6223891037 43977.2279732
111.6 0.000538000436837 29.57542142 44050.6141824
111.7 0.000536191677856 29.5139457852 44102.2039784
111.8 0.000534390610351 29.4339494213 44125.768902
111.9 0.000532597194778 29.3732560134 44177.9240933
112.0 0.000530811391834 29.2980299572 44207.8955052
112.1 0.00052903316245 29.2151464181 44225.8756964
112.2 0.000527262467794 29.1464532111 44264.9302555
112.3 0.000525499269268 29.0945075691 44329.1624933
112.4 0.000523743528503 29.0020792722 44331.3385885
112.5 0.000521995207364 28.8959338173 44311.9018737
112.6 0.000520254267941 28.8508707927 44385.7214533
112.7 0.000518520672554 28.7822388662 44423.051566
112.8 0.000516794383747 28.7080182954 44451.3797746
112.9 0.000515075364289 28.6142955432 44449.0074565
113.0 0.00051336357717 28.547199619 44487.5267078
113.1 0.000511658985603 28.4519798624 44481.7380789
113.2 0.000509961553017 28.3858738882 44520.9885027
113.3 0.000508271243064 28.3397944492 44591.4165306
113.4 0.000506588019607 28.2596669463 44607.9666318
113.5 0.000504911846728 28.1957796509 44649.7555213
113.6 0.000503242688721 28.1157188028 44665.5343517
113.7 0.000501580510091 28.0423465212 44691.4904412
113.8 0.000499925275556 27.9469702414 44681.8497409
113.9 0.000498276950041 27.8826569437 44721.3879687
114.0 0.000496635498679 27.8362845249 44789.4652427
114.1 0.000495000886811 27.7688844833 44823.4543919
114.2 0.000493373079981 27.7039501512 44861.0727253
114.3 0.000491752043937 27.6333437088 44889.1369091
114.4 0.000490137744631 27.5619354793 44915.4939903
114.5 0.000488530148213 27.5082987429 44970.4930164
114.6 0.000486929221033 27.4379789067 44997.9034887
114.7 0.000485334929641 27.3654146892 45021.218054
114.8 0.000483747240782 27.2955887905 45048.6230085
114.9 0.000482166121397 27.2243994745 45073.3682019
115.0 0.000480591538621 27.14394467 45082.3059345
115.1 0.000479023459782 27.0831631006 45123.5032876
115.2 0.000477461852398 27.0228006984 45165.0876383
115.3 0.00047590668418 26.9564385093 45196.3015971
115.4 0.000474357923025 26.8818974881 45213.3833303
115.5 0.000472815537021 26.7970331759 45212.5827545
115.6 0.000471279494439 26.7307962716 45242.7332074
115.7 0.000469749763736 26.6586017614 45262.3876691
115.8 0.000468226313555 26.6076545861 45317.783949
115.9 0.00046670911272 26.5536796024 45367.7857464
116.0 0.000465198130236 26.4841831817 45390.9303158
116.1 0.00046369333529 26.430245998 45440.4018072
116.2 0.000462194697245 26.3642535019 45468.8242003
116.3 0.000460702185646 26.3137984208 45523.7372318
116.4 0.000459215770211 26.2591656339 45571.1765331
116.5 0.000457735420836 26.2050076037 45619.17207
116.6 0.00045626110759 26.1466859827 45659.6301325
116.7 0.000454792800715 26.1021047094 45723.8440639
116.8 0.000453330470626 26.0317893354 45742.6731109
116.9 0.000451874087908 25.9794474055 45792.7352004
117.0 0.000450423623317 25.9264218469 45841.3354765
117.1 0.000448979047776 25.8470851442 45843.0076137
117.2 0.000447540332377 25.763660722 45836.8539437
117.3 0.000446107448377 25.7194358306 45900.0566831
117.4 0.0004446803672 25.6775102218 45967.2055239
117.5 0.000443259060432 25.5984566912 45967.5374587
117.6 0.000441843499823 25.5275611264 45982.0048288
117.7 0.000440433657287 25.4466693568 45977.9397595
117.8 0.000439029504897 25.3539542452 45951.8612176
117.9 0.000437631014886 25.2653052587 45932.4554307
118.0 0.000436238159647 25.1969698742 45949.4167636
118.1 0.000434850911728 25.1600008946 46023.3026459
118.2 0.000433469243838 25.0883078518 46033.3742632
118.3 0.000432093128839 25.0051308208 46021.8162414
118.4 0.000430722539748 24.9380083206 46039.2717325
118.5 0.000429357449737 24.8442402189 46006.9381973
118.6 0.000427997832129 24.7502959581 45973.5264073
118.7 0.0004266436604 24.6734392765 45971.1957882
118.8 0.000425294908176 24.6128783804 45998.7558491
118.9 0.000423951549234 24.5505132256 46022.5531231
119.0 0.000422613557499 24.4922457104 46053.6522779
119.1 0.000421280907043 24.4450548347 46105.2848965
119.2 0.000419953572086 24.3971400028 46155.3156625
119.3 0.000418631526994 24.3474436552 46201.7238503
119.4 0.000417314746276 24.2854171361 46224.399052
119.5 0.000416003204589 24.1973251831 46196.9024994
119.6 0.000414696876729 24.0989154343 46148.9346569
119.7 0.000413395737636 24.0354365142 46167.2259469
119.8 0.000412099762392 23.955086054 46152.5801149
119.9 0.000410808926217 23.8896599142 46166.144009
120.0 0.000409523204473 23.8012093763 46134.6200174
120.1 0.000408242572659 23.6987169797 46075.0644445
120.2 0.000406967006411 23.612385186 46046.1238022
120.3 0.000405696481504 23.515620482 45996.0640169
120.4 0.000404430973848 23.4280711638 45963.2449823
120.5 0.000403170459486 23.3649903083 45977.8422103
120.6 0.000401914914597 23.3012482644 45990.6888439
120.7 0.000400664315494 23.2354993525 45999.1070147
120.8 0.000399418638621 23.1697339906 46007.0110424
120.9 0.000398177860554 23.1035837383 46013.6646833
121.0 0.000396941957999 23.0309112451 46006.7988278
121.1 0.000395710907793 22.9425194867 45967.8666579
121.2 0.000394484686901 22.8877106426 45995.6609795
121.3 0.000393263272418 22.7953486456 45947.4005137
121.4 0.000392046641565 22.7358750646 45964.8139916
121.5 0.000390834771689 22.6628443113 45954.315777
121.6 0.000389627640264 22.6033963688 45970.8546472
121.7 0.000388425224888 22.5581266896 46015.8904413
121.8 0.000387227503285 22.4998390552 46034.0375958
121.9 0.0003860344533 22.4368905675 46042.2057372
122.0 0.000384846052903 22.3906360991 46084.2598794
122.1 0.000383662280183 22.3462778654 46129.9575364
122.2 0.000382483113353 22.3089654569 46189.9942805
122.3 0.000381308530744 22.2337952513 46171.2509135
122.4 0.000380138510809 22.1801427596 46196.6925897
122.5 0.000378973032116 22.0896256169 46144.7563641
122.6 0.000377812073356 22.0474893784 46193.3595558
122.7 0.000376655613332 21.9965297784 46223.1920782
122.8 0.000375503630968 21.9190045554 46196.6941499
122.9 0.000374356105302 21.8369187285 46159.8822867
123.0 0.000373213015485 21.7719654203 46158.6597624
123.1 0.000372074340787 21.7254196081 46196.0566633
123.2 0.000370940060587 21.6598964846 46192.6891848
123.3 0.000369810154379 21.5749784651 46147.3045339
123.4 0.000368684601771 21.5109094375 46145.8661003
123.5 0.000367563382479 21.4600560559 46172.3424566
123.6 0.000366446476332 21.3676642372 46108.8297162
123.7 0.000365333863268 21.3076214175 46114.4445083
123.8 0.000364225523336 21.2413002652 46105.9567275
123.9 0.000363121436691 21.1791628364 46106.0197097
124.0 0.0003620215836 21.125342375 46123.7355403
124.1 0.000360925944434 21.0580845271 46111.6254434
124.2 0.000359834499671 20.9724734312 46058.6331736
124.3 0.000358747229898 20.9035868229 46041.6638325
124.4 0.000357664115804 20.841334162 46038.7472522
124.5 0.000356585138183 20.7685408585 46011.9597222
124.6 0.000355510277937 20.6825863829 45955.2719537
124.7 0.000354439516065 20.6123395356 45932.7570229
124.8 0.000353372833676 20.5690272748 45969.8089536
124.9 0.000352310211974 20.5111757649 45973.9911091
125.0 0.000351251632271 20.4655940994 46005.2826822
125.1 0.000350197075975 20.4140949285 46022.919409
125.2 0.000349146524596 20.3635278444 46042.2705618
125.3 0.000348099959745 20.2639850314 45950.1828255
125.4 0.000347057363131 20.1756725809 45882.6062372
125.5 0.00034601871656 20.1084136294 45862.1631323
125.6 0.000344984001937 20.05158787 45864.9749657
125.7 0.000343953201266 19.9853505315 45845.7231975
125.8 0.000342926296644 19.9158101334 45818.2718345
125.9 0.000341903270266 19.8615856484 45825.5111297
126.0 0.000340884104424 19.8023191768 45820.6383255
126.1 0.000339868781502 19.7626173709 45860.6521801
126.2 0.000338857283979 19.7174000227 45887.5748298
126.3 0.000337849594428 19.6699667281 45908.9952275
126.4 0.000336845695516 19.5974563186 45871.3565345
126.5 0.000335845570001 19.4857704522 45741.0563186
126.6 0.000334849200735 19.4245503751 45728.3284487
126.7 0.000333856570658 19.3507752384 45685.4051402
126.8 0.000332867662804 19.3058995205 45710.1800442
126.9 0.000331882460296 19.2454370356 45697.6077919
127.0 0.000330900946348 19.1781113937 45668.1421199
127.1 0.00032992310426 19.120565628 45661.3853842
127.2 0.000328948917424 19.0496350284 45622.0581276
127.3 0.000327978369318 18.9901012778 45609.4028488
127.4 0.00032701144351 18.9449316685 45630.7983103
127.5 0.000326048123652 18.904150051 45662.4412605
127.6 0.000325088393485 18.8510567592 45663.9682084
127.7 0.000324132236834 18.782020563 45626.301791
127.8 0.000323179637611 18.6905577628 45533.3140962
127.9 0.000322230579812 18.638863137 45536.4841419
128.0 0.000321285047518 18.5682744917 45492.9120548
128.1 0.000320343024893 18.4708037553 45382.5751108
128.2 0.000319404496186 18.4209754687 45388.5339877
128.3 0.000318469445728 18.3589767683 45363.9888386
128.4 0.000317537857932 18.290339465 45322.389847
128.5 0.000316609717293 18.2413478959 45328.9103871
128.6 0.000315685008389 18.1638524098 45263.9739699
128.7 0.000314763715876 18.0643505452 45143.2141923
128.8 0.000313845824493 17.9743970442 45045.2408695
128.9 0.000312931319058 17.8788449456 44932.1859957
129.0 0.000312020184469 17.7927055387 44841.7589554
129.1 0.000311112405702 17.7219908487 44789.3507777
129.2 0.000310207967811 17.663414725 44766.9586523
129.3 0.000309306855931 17.5867616879 44698.0445434
129.4 0.000308409055271 17.5200271535 44653.5712412
129.5 0.00030751455112 17.4522497716 44605.7328711
129.6 0.000306623328842 17.3363637278 44433.8726262
129.7 0.000305735373878 17.2597935883 44361.6520194
129.8 0.000304850671743 17.1851260352 44293.4853494
129.9 0.000303969208031 17.1090626046 44220.8853985
130.0 0.000303090968407 17.0600484831 44217.5453523
130.1 0.000302215938611 16.9978514866 44179.4817376
130.2 0.00030134410446 16.9333257002 44134.6954965
130.3 0.000300475451842 16.8694583351 44090.940924
130.4 0.000299609966717 16.827000999 44102.6186753
130.5 0.000298747635121 16.7677011881 44069.6583165
130.6 0.000297888443158 16.6746998616 43947.2554171
130.7 0.000297032377009 16.6248333715 43937.7369074
130.8 0.000296179422921 16.5572553645 43880.7920181
130.9 0.000295329567216 16.5005897251 43852.0987073
131.0 0.000294482796284 16.4448259956 43825.218068
131.1 0.000293639096586 16.3685093269 43742.8324347
131.2 0.000292798454653 16.3088105426 43704.0927125
131.3 0.000291960857086 16.2415276702 43644.3301198
131.4 0.000291126290552 16.1885269428 43622.2947769
131.5 0.00029029474179 16.1395834285 43610.6745215
131.6 0.000289466197604 16.0720377199 43548.161122
131.7 0.000288640644868 16.0062646181 43489.6943643
131.8 0.000287818070521 15.9288049142 43398.6412494
131.9 0.000286998461572 15.8529244848 43310.9788091
132.0 0.000286181805093 15.8021535872 43291.2024453
132.1 0.000285368088225 15.7530384209 43275.4467703
132.2 0.000284557298172 15.6918459509 43225.9172906
132.3 0.000283749422205 15.6512655053 43232.6336963
132.4 0.000282944447661 15.5955563837 43197.0669063
132.5 0.000282142361939 15.5265826288 43124.0476249
132.6 0.000281343152503 15.4694195749 43083.1065805
132.7 0.000280546806882 15.3838842832 42962.2931839
132.8 0.000279753312667 15.312943347 42881.2748294
132.9 0.000278962657513 15.2490140797 42819.0912714
133.0 0.000278174829137 15.1894366681 42768.411906
133.1 0.000277389815318 15.1249447898 42703.1723643
133.2 0.000276607603899 15.0865564295 42711.0706046
133.3 0.000275828182782 14.9967004356 42572.5004499
133.4 0.000275051539931 14.9110205365 42444.6571346
133.5 0.000274277663373 14.8153291727 42287.1386539
133.6 0.000273506541192 14.7429402211 42195.0540595
133.7 0.000272738161535 14.6943760061 42170.4423816
133.8 0.000271972512607 14.6387622541 42125.0131343
133.9 0.000271209582674 14.5487001806 41979.5412754
134.0 0.000270449360061 14.4929975612 41932.2954566
134.1 0.000269691833149 14.437556697 41885.1588005
134.2 0.000268936990382 14.3621182221 41779.2009673
134.3 0.000268184820259 14.3194259281 41767.7935193
134.4 0.000267435311337 14.2504755415 41679.1355186
134.5 0.000266688452231 14.1719715313 41561.5909205
134.6 0.000265944231614 14.1218356463 41526.4418035
134.7 0.000265202638215 14.0869145613 41535.5774882
134.8 0.000264463660818 14.0389939554 41505.9439949
134.9 0.000263727288266 13.9758669718 41430.6870682
135.0 0.000262993509456 13.8999302084 41316.5641984
135.1 0.000262262313341 13.8095113282 41158.2809703
135.2 0.000261533688928 13.7456807566 41078.2225755
135.3 0.00026080762528 13.6833519619 41001.8544507
135.4 0.000260084111516 13.6413194263 40985.6786011
135.5 0.000259363136807 13.5924086278 40948.317673
135.6 0.000258644690377 13.5336260208 40880.5607514
135.7 0.000257928761508 13.40534986 40601.5861291
135.8 0.00025721533953 13.2843513953 40342.8448337
135.9 0.00025650441383 13.2041638835 40206.6170869
136.0 0.000255795973846 13.1121849586 40033.2919816
136.1 0.000255090009068 13.0535764229 39960.830967
136.2 0.00025438650904 13.0169988871 39955.2422564
136.3 0.000253685463356 12.9708901185 39919.9268632
136.4 0.000252986861662 12.9097747919 39837.7526182
136.5 0.000252290693655 12.8716511925 39825.917233
136.6 0.000251596949084 12.8263390985 39791.3575495
136.7 0.000250905617747 12.7742177891 39735.0738122
136.8 0.000250216689494 12.738045296 39727.8737782
136.9 0.000249530154224 12.6673413698 39612.293768
137.0 0.000248846001886 12.608917315 39534.2455667
137.1 0.000248164222479 12.5570684328 39476.0983175
137.2 0.000247484806051 12.5245017795 39478.0673
137.3 0.000246807742698 12.4648373863 39394.0532235
137.4 0.000246133022566 12.3963916079 39281.4153196
137.5 0.00024546063585 12.3243904174 39156.5339439
137.6 0.00024479057279 12.2459141108 39010.0156152
137.7 0.000244122823677 12.1692948447 38868.306317
137.8 0.000243457378848 12.115404225 38798.2885406
137.9 0.000242794228688 12.0665626095 38743.768125
138.0 0.000242133363629 11.9926779964 38607.9957413
138.1 0.000241474774149 11.9346266554 38522.2717859
138.2 0.000240818450774 11.8776590524 38439.2628802
138.3 0.000240164384075 11.8004451171 38289.7828312
138.4 0.000239512564669 11.7543602792 38240.4509586
138.5 0.00023886298322 11.6803169323 38099.327023
138.6 0.000238215630436 11.6208698299 38004.8622195
138.7 0.000237570497071 11.5597937671 37904.2266094
138.8 0.000236927573924 11.5107359222 37842.2414623
138.9 0.000236286851839 11.4539362945 37754.0820487
139.0 0.000235648321704 11.3874975567 37633.2756666
139.1 0.00023501197445 11.3437472674 37586.6849703
139.2 0.000234377801055 11.296348529 37527.4026784
139.3 0.000233745792539 11.265355577 37522.1276741
139.4 0.000233115939965 11.2360513793 37522.1387617
139.5 0.000232488234439 11.181398566 37436.9536716
139.6 0.000231862667113 11.1269288246 37351.614477
139.7 0.000231239229178 11.0658337928 37243.2092478
139.8 0.000230617911869 11.0095131577 37150.0281388
139.9 0.000229998706465 10.9402570874 37012.2793462
140.0 0.000229381604285 10.8557640705 36821.8127959
140.1 0.00022876659669 10.7668338798 36614.9498394
140.2 0.000228153675083 10.7053291068 36500.2057481
140.3 0.000227542830908 10.6362540156 36358.6748649
140.4 0.000226934055652 10.5397292835 36122.0223756
140.5 0.000226327340841 10.4690422393 35972.6149497
140.6 0.000225722678042 10.4097429461 35861.35701
140.7 0.000225120058862 10.3739464292 35830.393246
140.8 0.00022451947495 10.3027942973 35676.5348307
140.9 0.000223920917993 10.2342053575 35530.4765257
141.0 0.00022332437972 10.1616819663 35369.6675248
141.1 0.000222729851897 10.094760726 35227.278215
141.2 0.000222137326332 10.055868481 35181.9197568
141.3 0.00022154679487 10.0000172112 35076.5438447
141.4 0.000220958249396 9.92939487356 34918.3841473
141.5 0.000220371681833 9.84730805554 34718.6956657
141.6 0.000219787084145 9.77886121081 34565.9018158
141.7 0.000219204448331 9.70984273722 34410.0063237
141.8 0.00021862376643 9.67788919121 34384.7097924
141.9 0.000218045030517 9.63347641679 34314.6152733
142.0 0.000217468232708 9.59537571819 34266.4153559
142.1 0.000216893365154 9.57005585384 34263.4409452
142.2 0.000216320420043 9.49540981365 34083.1125077
142.3 0.000215749389602 9.40473769916 33843.9055806
142.4 0.000215180266093 9.34359872091 33709.7428598
142.5 0.000214613041816 9.2949273359 33619.709505
142.6 0.000214047709106 9.2109059968 33400.7506823
142.7 0.000213484260336 9.13410654128 33206.6523448
142.8 0.000212922687915 9.07144272368 33062.8095767
142.9 0.000212362984285 9.01282194695 32932.7336668
143.0 0.000211805141927 8.97513679291 32878.4164823
143.1 0.000211249153357 8.87887008805 32608.4061879
143.2 0.000210695011125 8.81741227738 32464.9174487
143.3 0.000210142707817 8.7631656802 32347.0510453
143.4 0.000209592236052 8.6761114858 32106.9124121
143.5 0.000209043588488 8.59872820675 31901.1708228
143.6 0.000208496757813 8.52405769999 31704.2145043
143.7 0.000207951736751 8.46908408627 31579.446456
143.8 0.000207408518063 8.43335686643 31525.7360212
143.9 0.000206867094538 8.39123243661 31447.5222577
144.0 0.000206327459005 8.33755099803 31325.2358615
144.1 0.000205789604322 8.28777618425 31216.7915619
144.2 0.000205253523384 8.21133272885 31006.8426666
144.3 0.000204719209116 8.15674580703 30878.323316
144.4 0.000204186654478 8.07392089552 30641.7384706
144.5 0.000203655852463 8.01853968491 30508.1285641
144.6 0.000203126796096 7.97600638537 30422.6048412
144.7 0.000202599478435 7.92453055942 30302.2106189
144.8 0.000202073892569 7.86305512403 30142.6339723
144.9 0.000201550031623 7.78068024026 29901.6949705
145.0 0.000201027888748 7.69524993108 29647.534137
145.1 0.000200507457134 7.62935150508 29467.2991222
145.2 0.000199988729996 7.55884668204 29268.0881199
145.3 0.000199471700585 7.51774613634 29181.7838304
145.4 0.000198956362181 7.44430055214 28968.9460165
145.5 0.000198442708097 7.4053006939 28889.189894
145.6 0.000197930731675 7.34148491944 28711.7525353
145.7 0.00019742042629 7.27853792009 28536.6061856
145.8 0.000196911785346 7.21809791319 28370.2119919
145.9 0.000196404802278 7.14874576589 28167.646509
146.0 0.000195899470552 7.06011102799 27887.6807013
146.1 0.000195395783664 6.98428888261 27656.8349611
146.2 0.000194893735139 6.89806222618 27383.318031
146.3 0.000194393318533 6.83163421162 27187.0138578
146.4 0.000193894527431 6.81117005963 27172.8900988
146.5 0.000193397355449 6.74930219984 26992.8941545
146.6 0.00019290179623 6.65323715068 26674.6860155
146.7 0.000192407843449 6.57736777573 26435.8597723
146.8 0.000191915490808 6.52109798899 26274.6117849
146.9 0.000191424732038 6.47109758331 26137.6818682
147.0 0.000190935560901 6.41007166014 25955.2257028
147.1 0.000190447971185 6.32641511623 25679.8029744
147.2 0.000189961956708 6.24888556771 25427.7493656
147.3 0.000189477511316 6.172076117 25177.1892504
147.4 0.000188994628883 6.09833372272 24937.737665
147.5 0.000188513303312 5.98397694652 24530.4178186
147.6 0.000188033528532 5.92561570598 24351.0089569
147.7 0.000187555298501 5.85713101751 24128.8229551
147.8 0.000187078607205 5.77242404281 23838.3626601
147.9 0.000186603448657 5.67962137856 23512.7733136
148.0 0.000186129816897 5.61342993499 23295.8377656
148.1 0.000185657705993 5.50685778542 22909.6641932
148.2 0.000185187110039 5.42841047599 22638.7091105
148.3 0.000184718023156 5.35409144536 22383.5085894
148.4 0.000184250439492 5.29942275895 22209.2364053
148.5 0.000183784353223 5.23076344291 21975.1630754
148.6 0.000183319758549 5.14609864122 21672.3689141
148.7 0.000182856649699 5.07725833801 21434.7329549
148.8 0.000182395020925 5.01229815181 21212.1913915
148.9 0.000181934866508 4.94958626016 20997.9380586
149.0 0.000181476180753 4.90441416983 20857.069719
149.1 0.000181018957992 4.83982826824 20632.5923458
149.2 0.000180563192583 4.75954346672 20339.774108
149.3 0.000180108878907 4.70269214182 20145.7597746
149.4 0.000179656011373 4.62785029788 19873.3907066
149.5 0.000179204584415 4.55051816506 19588.8247879
149.6 0.00017875459249 4.49383027498 19391.8101321
149.7 0.000178306030083 4.4189513528 19115.0023518
149.8 0.000177858891702 4.37268610099 18960.7793623
149.9 0.000177413171879 4.29708187147 18678.1369569
150.0 0.000176968865173 4.24752080718 18507.4585495
150.1 0.000176525966167 4.18740086677 18289.6945044
150.2 0.000176084469465 4.13655070194 18111.3243153
150.3 0.0001756443697 4.08624070458 17934.3253942
150.4 0.000175205661526 3.99784637689 17588.7812358
150.5 0.000174768339623 3.92256387988 17299.2597481
150.6 0.000174332398692 3.86311521813 17078.2084121
150.7 0.000173897833461 3.7830548514 16764.621172
150.8 0.00017346463868 3.72392478736 16542.3715342
150.9 0.000173032809122 3.62652375094 16148.5103608
151.0 0.000172602339584 3.52875793531 15751.0019929
151.1 0.000172173224886 3.45561835432 15461.6478478
151.2 0.000171745459873 3.38649893855 15188.8168649
151.3 0.00017131903941 3.32107833382 14931.1902123
151.4 0.000170893958387 3.25372153084 14663.4886724
151.5 0.000170470211716 3.17954072393 14363.5651651
151.6 0.000170047794332 3.12061472347 14131.1743236
151.7 0.000169626701191 3.0485243907 13837.8090158
151.8 0.000169206927274 2.96491430338 13490.5195605
151.9 0.000168788467584 2.84552331852 12978.2718844
152.0 0.000168371317143 2.73583028227 12507.8129122
152.1 0.000167955470999 2.66005446103 12190.4454473
152.2 0.000167540924219 2.58113787204 11857.0429067
152.3 0.000167127671895 2.49157435012 11472.9341371
152.4 0.000166715709138 2.43302366585 11230.051904
152.5 0.000166305031082 2.36541255055 10944.0086933
152.6 0.000165895632882 2.31580473968 10740.0151871
152.7 0.000165487509714 2.22634126986 10349.692376
152.8 0.000165080656777 2.16414908492 10084.5134894
152.9 0.00016467506929 2.11955181774 9900.18272882
153.0 0.000164270742492 2.01715935202 9444.30712973
153.1 0.000163867671646 1.95435235451 9171.97386554
153.2 0.000163465852033 1.88329079342 8859.44877401
153.3 0.000163065278956 1.81393680244 8553.42741518
153.4 0.000162665947739 1.72265356989 8142.24195759
153.5 0.000162267853726 1.64482517466 7792.7934109
153.6 0.000161870992282 1.57463970854 7477.92856396
153.7 0.000161475358792 1.50418855942 7160.25386224
153.8 0.00016108094866 1.43914799678 6866.84042633
153.9 0.000160687757313 1.36432798746 6525.21728906
154.0 0.000160295780196 1.32913940753 6371.92640617
154.1 0.000159905012774 1.29031471191 6200.393147
154.2 0.000159515450533 1.25118545683 6026.53890167
154.3 0.000159127088978 1.20860188154 5835.14399424
154.4 0.000158739923634 1.15097415209 5570.00076838
154.5 0.000158353950045 1.11543771233 5410.72821716
154.6 0.000157969163774 1.05882990667 5148.21465626
154.7 0.000157585560405 1.0174310389 4958.55142106
154.8 0.000157203135541 0.99576154852 4864.34000557
154.9 0.000156821884802 0.926963164277 4538.88441058
155.0 0.00015644180383 0.856644773182 4204.40780602
155.1 0.000156062888284 0.823083104387 4049.15603752
155.2 0.000155685133843 0.798946028149 3939.62037145
155.3 0.000155308536205 0.743808420555 3676.32142243
155.4 0.000154933091084 0.704675942754 3491.05449119
155.5 0.000154558794216 0.662420093249 3289.38589165
155.6 0.000154185641355 0.614778316812 3059.94318522
155.7 0.000153813628271 0.594363070997 2965.23748494
155.8 0.000153442750754 0.561824610927 2809.4455234
155.9 0.000153073004614 0.530050131339 2656.73565685
156.0 0.000152704385675 0.49835421556 2503.68927131
156.1 0.000152336889783 0.465793876096 2345.55873509
156.2 0.000151970512799 0.432416434289 2182.55063703
156.3 0.000151605250604 0.416987771677 2109.57227696
156.4 0.000151241099096 0.387852730798 1966.73683358
156.5 0.000150878054191 0.357750433878 1818.30708174
156.6 0.000150516111822 0.32395663634 1650.36863576
156.7 0.00015015526794 0.298867664287 1526.08732977
156.8 0.000149795518512 0.282824861267 1447.51733889
156.9 0.000149436859526 0.267112149527 1370.26614394
157.0 0.000149079286983 0.243600571786 1252.54703024
157.1 0.000148722796904 0.235449495152 1213.43722909
157.2 0.000148367385326 0.223213548866 1153.03709312
157.3 0.000148013048303 0.193109273493 999.835132593
157.4 0.000147659781906 0.166057623972 861.759306575
157.5 0.000147307582224 0.162230368082 843.840915999
157.6 0.000146956445361 0.151310460169 788.85649534
157.7 0.000146606367438 0.129656416138 677.521466335
157.8 0.000146257344594 0.118228144327 619.226136629
157.9 0.000145909372984 0.103828725797 545.060432193
158.0 0.000145562448777 0.102665041378 540.191582043
158.1 0.000145216568162 0.102433493272 540.212552702
158.2 0.000144871727342 0.100504111578 531.255388694
158.3 0.000144527922537 0.0962483505666 509.928184305
158.4 0.000144185149983 0.0824658030565 437.910325895
158.5 0.000143843405932 0.066746874093 355.252521483
158.6 0.000143502686651 0.0540321564754 288.239074877
158.7 0.000143162988426 0.0540217046506 288.843453104
158.8 0.000142824307555 0.0455580591884 244.147635466
158.9 0.000142486640353 0.0418776432657 224.937560036
159.0 0.000142149983153 0.0364251308606 196.0977822
159.1 0.0001418143323 0.0357997268049 193.171238643
159.2 0.000141479684156 0.0308172758314 166.666212324
159.3 0.000141146035099 0.0248560811114 134.733602976
159.4 0.000140813381522 0.0238323975482 129.479294883
159.5 0.000140481719833 0.0181666481865 98.9227317756
159.6 0.000140151046456 0.0178632914178 97.4924227746
159.7 0.000139821357828 0.0178321738177 97.5441288178
159.8 0.000139492650404 0.014976651446 82.1104468654
159.9 0.000139164920652 0.0118802064132 65.2820689423
160.0 0.000138838165055 0.0118556044276 65.2948964252
160.1 0.000138512380111 0.0108625315479 59.9613753253
160.2 0.000138187562334 0.00297177735076 16.4414905078
160.3 0.000137863708252 0.0 0.0
160.4 0.000137540814406 0.0 0.0
160.5 0.000137218877353 0.0 0.0
160.6 0.000136897893665 0.0 0.0
160.7 0.000136577859928 0.0 0.0
160.8 0.000136258772742 0.0 0.0
160.9 0.000135940628721 0.0 0.0
161.0 0.000135623424493 0.0 0.0
161.1 0.000135307156702 0.0 0.0
161.2 0.000134991822004 0.0 0.0
161.3 0.00013467741707 0.0 0.0
161.4 0.000134363938585 0.0 0.0
161.5 0.000134051383247 0.0 0.0
161.6 0.000133739747769 0.0 0.0
161.7 0.000133429028876 0.0 0.0
161.8 0.000133119223309 0.0 0.0
161.9 0.000132810327821 0.0 0.0
162.0 0.000132502339179 0.0 0.0
162.1 0.000132195254164 0.0 0.0
162.2 0.000131889069568 0.0 0.0
162.3 0.000131583782199 0.0 0.0
162.4 0.000131279388879 0.0 0.0
162.5 0.000130975886439 0.0 0.0
162.6 0.000130673271728 0.0 0.0
162.7 0.000130371541604 0.0 0.0
162.8 0.000130070692941 0.0 0.0
162.9 0.000129770722625 0.0 0.0
163.0 0.000129471627555 0.0 0.0
163.1 0.000129173404641 0.0 0.0
163.2 0.00012887605081 0.0 0.0
163.3 0.000128579562996 0.0 0.0
163.4 0.000128283938151 0.0 0.0
163.5 0.000127989173237 0.0 0.0
163.6 0.000127695265229 0.0 0.0
163.7 0.000127402211114 0.0 0.0
163.8 0.000127110007892 0.0 0.0
163.9 0.000126818652575 0.0 0.0
164.0 0.000126528142187 0.0 0.0
164.1 0.000126238473766 0.0 0.0
164.2 0.000125949644361 0.0 0.0
164.3 0.000125661651031 0.0 0.0
164.4 0.000125374490852 0.0 0.0
164.5 0.000125088160906 0.0 0.0
164.6 0.000124802658293 0.0 0.0
164.7 0.000124517980121 0.0 0.0
164.8 0.00012423412351 0.0 0.0
164.9 0.000123951085594 0.0 0.0
165.0 0.000123668863516 0.0 0.0
165.1 0.000123387454433 0.0 0.0
165.2 0.000123106855513 0.0 0.0
165.3 0.000122827063935 0.0 0.0
165.4 0.000122548076889 0.0 0.0
165.5 0.000122269891578 0.0 0.0
165.6 0.000121992505216 0.0 0.0
165.7 0.000121715915028 0.0 0.0
165.8 0.000121440118249 0.0 0.0
165.9 0.000121165112128 0.0 0.0
166.0 0.000120890893924 0.0 0.0
166.1 0.000120617460905 0.0 0.0
166.2 0.000120344810354 0.0 0.0
166.3 0.000120072939563 0.0 0.0
166.4 0.000119801845834 0.0 0.0
166.5 0.000119531526482 0.0 0.0
166.6 0.000119261978831 0.0 0.0
166.7 0.000118993200217 0.0 0.0
166.8 0.000118725187986 0.0 0.0
166.9 0.000118457939497 0.0 0.0
167.0 0.000118191452117 0.0 0.0
167.1 0.000117925723224 0.0 0.0
167.2 0.000117660750208 0.0 0.0
167.3 0.000117396530468 0.0 0.0
167.4 0.000117133061415 0.0 0.0
167.5 0.000116870340469 0.0 0.0
167.6 0.000116608365062 0.0 0.0
167.7 0.000116347132634 0.0 0.0
167.8 0.000116086640638 0.0 0.0
167.9 0.000115826886535 0.0 0.0
168.0 0.000115567867798 0.0 0.0
168.1 0.000115309581908 0.0 0.0
168.2 0.000115052026359 0.0 0.0
168.3 0.000114795198653 0.0 0.0
168.4 0.000114539096302 0.0 0.0
168.5 0.000114283716828 0.0 0.0
168.6 0.000114029057765 0.0 0.0
168.7 0.000113775116655 0.0 0.0
168.8 0.000113521891049 0.0 0.0
168.9 0.000113269378509 0.0 0.0
169.0 0.000113017576608 0.0 0.0
169.1 0.000112766482926 0.0 0.0
169.2 0.000112516095054 0.0 0.0
169.3 0.000112266410594 0.0 0.0
169.4 0.000112017427155 0.0 0.0
169.5 0.000111769142357 0.0 0.0
169.6 0.000111521553829 0.0 0.0
169.7 0.00011127465921 0.0 0.0
169.8 0.000111028456148 0.0 0.0
169.9 0.0001107829423 0.0 0.0
170.0 0.000110538115333 0.0 0.0
170.1 0.000110293972922 0.0 0.0
170.2 0.000110050512754 0.0 0.0
170.3 0.000109807732522 0.0 0.0
170.4 0.00010956562993 0.0 0.0
170.5 0.00010932420269 0.0 0.0
170.6 0.000109083448524 0.0 0.0
170.7 0.000108843365163 0.0 0.0
170.8 0.000108603950346 0.0 0.0
170.9 0.000108365201822 0.0 0.0
171.0 0.000108127117349 0.0 0.0
171.1 0.000107889694692 0.0 0.0
171.2 0.000107652931627 0.0 0.0
171.3 0.000107416825937 0.0 0.0
171.4 0.000107181375416 0.0 0.0
171.5 0.000106946577864 0.0 0.0
171.6 0.000106712431092 0.0 0.0
171.7 0.000106478932919 0.0 0.0
171.8 0.00010624608117 0.0 0.0
171.9 0.000106013873683 0.0 0.0
172.0 0.0001057823083 0.0 0.0
172.1 0.000105551382876 0.0 0.0
172.2 0.000105321095271 0.0 0.0
172.3 0.000105091443354 0.0 0.0
172.4 0.000104862425004 0.0 0.0
172.5 0.000104634038106 0.0 0.0
172.6 0.000104406280554 0.0 0.0
172.7 0.000104179150253 0.0 0.0
172.8 0.000103952645111 0.0 0.0
172.9 0.000103726763049 0.0 0.0
173.0 0.000103501501994 0.0 0.0
173.1 0.00010327685988 0.0 0.0
173.2 0.000103052834651 0.0 0.0
173.3 0.000102829424258 0.0 0.0
173.4 0.00010260662666 0.0 0.0
173.5 0.000102384439826 0.0 0.0
173.6 0.000102162861729 0.0 0.0
173.7 0.000101941890353 0.0 0.0
173.8 0.000101721523688 0.0 0.0
173.9 0.000101501759734 0.0 0.0
174.0 0.000101282596497 0.0 0.0
174.1 0.00010106403199 0.0 0.0
174.2 0.000100846064236 0.0 0.0
174.3 0.000100628691264 0.0 0.0
174.4 0.000100411911111 0.0 0.0
174.5 0.000100195721822 0.0 0.0
174.6 9.99801214496e-05 0.0 0.0
174.7 9.97651080532e-05 0.0 0.0
174.8 9.95506797004e-05 0.0 0.0
174.9 9.93368344657e-05 0.0 0.0
175.0 9.91235704316e-05 0.0 0.0
175.1 9.89108856875e-05 0.0 0.0
175.2 9.86987783305e-05 0.0 0.0
175.3 9.84872464649e-05 0.0 0.0
175.4 9.82762882023e-05 0.0 0.0
175.5 9.80659016616e-05 0.0 0.0
175.6 9.78560849689e-05 0.0 0.0
175.7 9.76468362576e-05 0.0 0.0
175.8 9.74381536681e-05 0.0 0.0
175.9 9.7230035348e-05 0.0 0.0
176.0 9.70224794522e-05 0.0 0.0
176.1 9.68154841425e-05 0.0 0.0
176.2 9.66090475876e-05 0.0 0.0
176.3 9.64031679636e-05 0.0 0.0
176.4 9.61978434533e-05 0.0 0.0
176.5 9.59930722464e-05 0.0 0.0
176.6 9.57888525398e-05 0.0 0.0
176.7 9.55851825372e-05 0.0 0.0
176.8 9.53820604489e-05 0.0 0.0
176.9 9.51794844924e-05 0.0 0.0
177.0 9.49774528918e-05 0.0 0.0
177.1 9.4775963878e-05 0.0 0.0
177.2 9.45750156887e-05 0.0 0.0
177.3 9.43746065682e-05 0.0 0.0
177.4 9.41747347676e-05 0.0 0.0
177.5 9.39753985446e-05 0.0 0.0
177.6 9.37765961636e-05 0.0 0.0
177.7 9.35783258955e-05 0.0 0.0
177.8 9.33805860178e-05 0.0 0.0
177.9 9.31833748146e-05 0.0 0.0
178.0 9.29866905764e-05 0.0 0.0
178.1 9.27905316002e-05 0.0 0.0
178.2 9.25948961896e-05 0.0 0.0
178.3 9.23997826544e-05 0.0 0.0
178.4 9.22051893111e-05 0.0 0.0
178.5 9.20111144823e-05 0.0 0.0
178.6 9.18175564969e-05 0.0 0.0
178.7 9.16245136905e-05 0.0 0.0
178.8 9.14319844047e-05 0.0 0.0
178.9 9.12399669872e-05 0.0 0.0
179.0 9.10484597924e-05 0.0 0.0
179.1 9.08574611805e-05 0.0 0.0
179.2 9.0666969518e-05 0.0 0.0
179.3 9.04769831777e-05 0.0 0.0
179.4 9.02875005383e-05 0.0 0.0
179.5 9.00985199848e-05 0.0 0.0
179.6 8.99100399081e-05 0.0 0.0
179.7 8.97220587053e-05 0.0 0.0
179.8 8.95345747794e-05 0.0 0.0
179.9 8.93475865395e-05 0.0 0.0
180.0 8.91610924006e-05 0.0 0.0
180.1 8.89750907837e-05 0.0 0.0
180.2 8.87895801156e-05 0.0 0.0
180.3 8.86045588292e-05 0.0 0.0
180.4 8.8420025363e-05 0.0 0.0
180.5 8.82359781616e-05 0.0 0.0
180.6 8.80524156752e-05 0.0 0.0
180.7 8.786933636e-05 0.0 0.0
180.8 8.76867386779e-05 0.0 0.0
180.9 8.75046210964e-05 0.0 0.0
181.0 8.73229820889e-05 0.0 0.0
181.1 8.71418201344e-05 0.0 0.0
181.2 8.69611337176e-05 0.0 0.0
181.3 8.67809213288e-05 0.0 0.0
181.4 8.6601181464e-05 0.0 0.0
181.5 8.64219126248e-05 0.0 0.0
181.6 8.62431133183e-05 0.0 0.0
181.7 8.60647820572e-05 0.0 0.0
181.8 8.58869173597e-05 0.0 0.0
181.9 8.57095177495e-05 0.0 0.0
182.0 8.55325817557e-05 0.0 0.0
182.1 8.53561079131e-05 0.0 0.0
182.2 8.51800947617e-05 0.0 0.0
182.3 8.50045408471e-05 0.0 0.0
182.4 8.482944472e-05 0.0 0.0
182.5 8.46548049367e-05 0.0 0.0
182.6 8.44806200589e-05 0.0 0.0
182.7 8.43068886533e-05 0.0 0.0
182.8 8.41336092923e-05 0.0 0.0
182.9 8.39607805532e-05 0.0 0.0
183.0 8.37884010188e-05 0.0 0.0
183.1 8.3616469277e-05 0.0 0.0
183.2 8.3444983921e-05 0.0 0.0
183.3 8.32739435491e-05 0.0 0.0
183.4 8.31033467649e-05 0.0 0.0
183.5 8.29331921769e-05 0.0 0.0
183.6 8.27634783989e-05 0.0 0.0
183.7 8.25942040498e-05 0.0 0.0
183.8 8.24253677536e-05 0.0 0.0
183.9 8.22569681391e-05 0.0 0.0
184.0 8.20890038404e-05 0.0 0.0
184.1 8.19214734967e-05 0.0 0.0
184.2 8.17543757517e-05 0.0 0.0
184.3 8.15877092547e-05 0.0 0.0
184.4 8.14214726595e-05 0.0 0.0
184.5 8.1255664625e-05 0.0 0.0
184.6 8.10902838149e-05 0.0 0.0
184.7 8.0925328898e-05 0.0 0.0
184.8 8.07607985477e-05 0.0 0.0
184.9 8.05966914425e-05 0.0 0.0
185.0 8.04330062656e-05 0.0 0.0
185.1 8.02697417049e-05 0.0 0.0
185.2 8.01068964532e-05 0.0 0.0
185.3 7.99444692081e-05 0.0 0.0
185.4 7.9782458672e-05 0.0 0.0
185.5 7.96208635518e-05 0.0 0.0
185.6 7.94596825593e-05 0.0 0.0
185.7 7.92989144109e-05 0.0 0.0
185.8 7.91385578277e-05 0.0 0.0
185.9 7.89786115355e-05 0.0 0.0
186.0 7.88190742645e-05 0.0 0.0
186.1 7.86599447498e-05 0.0 0.0
186.2 7.85012217309e-05 0.0 0.0
186.3 7.8342903952e-05 0.0 0.0
186.4 7.81849901617e-05 0.0 0.0
186.5 7.80274791133e-05 0.0 0.0
186.6 7.78703695645e-05 0.0 0.0
186.7 7.77136602775e-05 0.0 0.0
186.8 7.7557350019e-05 0.0 0.0
186.9 7.74014375602e-05 0.0 0.0
187.0 7.72459216767e-05 0.0 0.0
187.1 7.70908011484e-05 0.0 0.0
187.2 7.69360747598e-05 0.0 0.0
187.3 7.67817412998e-05 0.0 0.0
187.4 7.66277995614e-05 0.0 0.0
187.5 7.64742483422e-05 0.0 0.0
187.6 7.6321086444e-05 0.0 0.0
187.7 7.61683126731e-05 0.0 0.0
187.8 7.60159258398e-05 0.0 0.0
187.9 7.58639247588e-05 0.0 0.0
188.0 7.57123082493e-05 0.0 0.0
188.1 7.55610751343e-05 0.0 0.0
188.2 7.54102242414e-05 0.0 0.0
188.3 7.52597544021e-05 0.0 0.0
188.4 7.51096644525e-05 0.0 0.0
188.5 7.49599532324e-05 0.0 0.0
188.6 7.4810619586e-05 0.0 0.0
188.7 7.46616623617e-05 0.0 0.0
188.8 7.45130804119e-05 0.0 0.0
188.9 7.43648725932e-05 0.0 0.0
189.0 7.42170377661e-05 0.0 0.0
189.1 7.40695747953e-05 0.0 0.0
189.2 7.39224825496e-05 0.0 0.0
189.3 7.37757599019e-05 0.0 0.0
189.4 7.36294057288e-05 0.0 0.0
189.5 7.34834189112e-05 0.0 0.0
189.6 7.33377983338e-05 0.0 0.0
189.7 7.31925428856e-05 0.0 0.0
189.8 7.30476514591e-05 0.0 0.0
189.9 7.2903122951e-05 0.0 0.0
190.0 7.2758956262e-05 0.0 0.0
190.1 7.26151502964e-05 0.0 0.0
190.2 7.24717039628e-05 0.0 0.0
190.3 7.23286161733e-05 0.0 0.0
190.4 7.21858858441e-05 0.0 0.0
190.5 7.20435118951e-05 0.0 0.0
190.6 7.190149325e-05 0.0 0.0
190.7 7.17598288366e-05 0.0 0.0
190.8 7.16185175862e-05 0.0 0.0
190.9 7.1477558434e-05 0.0 0.0
191.0 7.13369503188e-05 0.0 0.0
191.1 7.11966921835e-05 0.0 0.0
191.2 7.10567829744e-05 0.0 0.0
191.3 7.09172216417e-05 0.0 0.0
191.4 7.07780071393e-05 0.0 0.0
191.5 7.06391384246e-05 0.0 0.0
191.6 7.05006144589e-05 0.0 0.0
191.7 7.03624342071e-05 0.0 0.0
191.8 7.02245966378e-05 0.0 0.0
191.9 7.00871007229e-05 0.0 0.0
192.0 6.99499454385e-05 0.0 0.0
192.1 6.98131297637e-05 0.0 0.0
192.2 6.96766526816e-05 0.0 0.0
192.3 6.95405131787e-05 0.0 0.0
192.4 6.94047102451e-05 0.0 0.0
192.5 6.92692428745e-05 0.0 0.0
192.6 6.9134110064e-05 0.0 0.0
192.7 6.89993108142e-05 0.0 0.0
192.8 6.88648441294e-05 0.0 0.0
192.9 6.87307090173e-05 0.0 0.0
193.0 6.85969044889e-05 0.0 0.0
193.1 6.84634295589e-05 0.0 0.0
193.2 6.83302832454e-05 0.0 0.0
193.3 6.81974645698e-05 0.0 0.0
193.4 6.8064972557e-05 0.0 0.0
193.5 6.79328062353e-05 0.0 0.0
193.6 6.78009646364e-05 0.0 0.0
193.7 6.76694467953e-05 0.0 0.0
193.8 6.75382517506e-05 0.0 0.0
193.9 6.7407378544e-05 0.0 0.0
194.0 6.72768262206e-05 0.0 0.0
194.1 6.71465938288e-05 0.0 0.0
194.2 6.70166804205e-05 0.0 0.0
194.3 6.68870850506e-05 0.0 0.0
194.4 6.67578067774e-05 0.0 0.0
194.5 6.66288446627e-05 0.0 0.0
194.6 6.65001977712e-05 0.0 0.0
194.7 6.63718651711e-05 0.0 0.0
194.8 6.62438459337e-05 0.0 0.0
194.9 6.61161391335e-05 0.0 0.0
195.0 6.59887438483e-05 0.0 0.0
195.1 6.58616591591e-05 0.0 0.0
195.2 6.57348841499e-05 0.0 0.0
195.3 6.56084179082e-05 0.0 0.0
195.4 6.54822595244e-05 0.0 0.0
195.5 6.5356408092e-05 0.0 0.0
195.6 6.52308627078e-05 0.0 0.0
195.7 6.51056224716e-05 0.0 0.0
195.8 6.49806864864e-05 0.0 0.0
195.9 6.48560538583e-05 0.0 0.0
196.0 6.47317236964e-05 0.0 0.0
196.1 6.46076951128e-05 0.0 0.0
196.2 6.44839672228e-05 0.0 0.0
196.3 6.43605391448e-05 0.0 0.0
196.4 6.423741e-05 0.0 0.0
196.5 6.41145789129e-05 0.0 0.0
196.6 6.39920450107e-05 0.0 0.0
196.7 6.38698074239e-05 0.0 0.0
196.8 6.37478652857e-05 0.0 0.0
196.9 6.36262177325e-05 0.0 0.0
197.0 6.35048639036e-05 0.0 0.0
197.1 6.33838029412e-05 0.0 0.0
197.2 6.32630339905e-05 0.0 0.0
197.3 6.31425561995e-05 0.0 0.0
197.4 6.30223687193e-05 0.0 0.0
197.5 6.29024707038e-05 0.0 0.0
197.6 6.27828613098e-05 0.0 0.0
197.7 6.2663539697e-05 0.0 0.0
197.8 6.25445050278e-05 0.0 0.0
197.9 6.24257564679e-05 0.0 0.0
198.0 6.23072931853e-05 0.0 0.0
198.1 6.21891143513e-05 0.0 0.0
198.2 6.20712191396e-05 0.0 0.0
198.3 6.19536067272e-05 0.0 0.0
198.4 6.18362762934e-05 0.0 0.0
198.5 6.17192270208e-05 0.0 0.0
198.6 6.16024580942e-05 0.0 0.0
198.7 6.14859687017e-05 0.0 0.0
198.8 6.13697580339e-05 0.0 0.0
198.9 6.12538252842e-05 0.0 0.0
199.0 6.11381696487e-05 0.0 0.0
199.1 6.10227903263e-05 0.0 0.0
199.2 6.09076865185e-05 0.0 0.0
199.3 6.07928574297e-05 0.0 0.0
199.4 6.06783022667e-05 0.0 0.0
199.5 6.05640202394e-05 0.0 0.0
199.6 6.04500105599e-05 0.0 0.0
199.7 6.03362724434e-05 0.0 0.0
199.8 6.02228051074e-05 0.0 0.0
199.9 6.01096077723e-05 0.0 0.0
