# r frac rho dNdR
0.0 0.0 inf nan
0.1 0.0 15135612.4844 0.0
0.2 0.0 1494719.89288 0.0
0.3 0.0 385846.894561 0.0
0.4 0.0 147611.308129 0.0
0.5 0.0 70055.1690683 0.0
0.6 0.0 38104.3733446 0.0
0.7 0.0 22770.4989143 0.0
0.8 0.0 14577.3789401 0.0
0.9 0.0 9836.26042196 0.0
1.0 0.0 6918.30970919 0.0
1.1 0.0 5032.09036632 0.0
1.2 0.0 3763.00363811 0.0
1.3 0.0 2880.24348735 0.0
1.4 0.0 2248.70435425 0.0
1.5 0.0 1785.89201202 0.0
1.6 0.0 1439.59144767 0.0
1.7 0.0 1175.71105713 0.0
1.8 0.0 971.381510949 0.0
1.9 0.0 810.89191969 0.0
2.0 0.0 683.218809816 0.0
2.1 0.0 580.48039369 0.0
2.2 0.0 496.944909303 0.0
2.3 0.0150810314735 428.379843363 429.462858131
2.4 0.0622682900329 371.61604135 1674.91873223
2.5 0.117217361258 324.250288401 2985.1227407
2.6 0.145823762775 284.438917904 3523.49677343
2.7 0.178324317708 250.752359168 4096.31165427
2.8 0.210546101265 222.071167253 4606.43880324
2.9 0.205814819134 197.510726754 4296.088196
3.0 0.290198870508 176.366058503 5788.46085223
3.1 0.266589536511 158.070906033 5088.95128923
3.2 0.318729786427 142.167089483 5830.84564413
3.3 0.341940017102 128.281326111 6002.76184873
3.4 0.338279948761 116.107538243 5705.64006763
3.5 0.385807338184 105.393234192 6259.34902008
3.6 0.391160845991 95.9289404037 6111.10702586
3.7 0.400745901647 87.5399393963 6035.157986
3.8 0.425134355449 80.0797645014 6177.68907908
3.9 0.421329090533 73.4250435072 5912.95721436
4.0 0.464421686584 67.4713855996 6300.31069599
4.1 0.45868714801 62.1300808206 6019.99413008
4.2 0.472187265703 57.3254364677 6000.2602212
4.3 0.464327094215 52.9926159041 5717.23652691
4.4 0.470081984651 49.0758760087 5612.50686473
4.5 0.474512005638 45.5271227096 5497.33623393
4.6 0.468752906945 42.3047216783 5273.0069478
4.7 0.473206260006 39.3725147615 5171.88924084
4.8 0.479611891218 36.6990031022 5096.08365003
4.9 0.466651484071 34.2566659486 4823.24994607
5.0 0.483841466728 32.0213904026 4867.35636295
5.1 0.473154315144 29.9719922641 4635.20165837
5.2 0.461066690673 28.0898119808 4400.77466468
5.3 0.493672896352 26.358372763 4593.24364648
5.4 0.467992837575 24.7630903487 4246.60075175
5.5 0.476181159005 23.2910258335 4215.95598197
5.6 0.482646336783 21.930674538 4171.25674705
5.7 0.475019476488 20.6717851266 4009.11924741
5.8 0.488685323423 19.5052042089 4029.44886497
5.9 0.479871928502 18.4227424674 3867.1722243
6.0 0.475185067654 17.4170590285 3744.12184294
6.1 0.48168728484 16.4815613377 3712.21453996
6.2 0.47501748071 15.6103182462 3581.9093621
6.3 0.486998349547 14.7979843888 3594.35540323
6.4 0.476019343865 14.0397342348 3439.9592686
6.5 0.484805389038 13.3312044473 3431.41626001
6.6 0.479008284819 12.668443396 3321.72760232
6.7 0.482558588827 12.0478668447 3279.59094182
6.8 0.480980102543 11.4662189789 3204.60887862
6.9 0.481114166387 10.9205380638 3143.40418698
7.0 0.481062418531 10.4081261253 3083.04540493
7.1 0.482197601417 9.92652213338 3032.13631931
7.2 0.480515593182 9.47347824028 2965.45818322
7.3 0.482211520546 9.04693869066 2921.42548417
7.4 0.481360139753 8.64502107014 2863.58107889
7.5 0.482780256715 8.26599960651 2820.83232938
7.6 0.482261587654 7.90829027505 2768.23096266
7.7 0.483285215134 7.57043749245 2725.9369185
7.8 0.483192510514 7.25110221201 2678.6951448
7.9 0.483405540327 6.94905125688 2634.51809146
8.0 0.483951915959 6.66314774904 2593.41187445
8.1 0.483690672918 6.39234250933 2549.22196363
8.2 0.484556328135 6.13566631971 2512.13845442
8.3 0.484184854531 5.89222295194 2469.76948634
8.4 0.484649468067 5.66118287876 2432.78293704
8.5 0.4846900087 5.44177759359 2394.70803239
8.6 0.484810834193 5.23329447349 2358.0567669
8.7 0.485075072255 5.035072128 2323.07388429
8.8 0.485139082019 4.84649618285 2288.07020303
8.9 0.485312203236 4.66699545352 2254.49079771
9.0 0.48562710996 4.49603846885 2222.4286367
9.1 0.485516504645 4.33313030902 2189.26531356
9.2 0.486012643292 4.17780972659 2159.64188946
9.3 0.486023159229 4.02964652247 2128.62754163
9.4 0.486076560965 3.88823915169 2098.56883828
9.5 0.486521971252 3.7532125369 2070.91698778
9.6 0.486455711842 3.62421606937 2041.78363634
9.7 0.486743031941 3.50092177986 2014.81642734
9.8 0.486893506304 3.38302266326 1987.92916354
9.9 0.487088463077 3.27023114269 1961.85337738
10.0 0.487269167586 3.16227766017 1936.32742183
10.1 0.487422719361 3.05890938238 1911.28297579
10.2 0.487663852577 2.95988901094 1887.14903424
10.3 0.487783212032 2.86499368796 1863.09427834
10.4 0.488003579491 2.77401398841 1839.95921702
10.5 0.488183701001 2.68675299152 1817.18640394
10.6 0.488286953529 2.60302542454 1794.6308338
10.7 0.488517706851 2.52265687247 1773.02929669
10.8 0.488687142905 2.44548304811 1751.67263262
10.9 0.48882138567 2.37134911744 1730.64724189
11.0 0.488912076742 2.30010907552 1709.91464095
11.1 0.488743214764 2.23162516885 1688.72064814
11.2 0.488859204397 2.16576736025 1668.94302289
11.3 0.488974870161 2.10241283286 1649.57205148
11.4 0.489125023292 2.04144553 1630.71191643
11.5 0.489229617829 1.98275572814 1612.08337479
11.6 0.489297325839 1.92623964017 1593.70891
11.7 0.489364175669 1.87179904675 1575.69799558
11.8 0.489419886237 1.81934095338 1558.0076507
11.9 0.489446030508 1.76877727132 1540.5710995
12.0 0.489408401528 1.72002452046 1523.27535181
12.1 0.489378161846 1.67300355245 1506.33668578
12.2 0.48930844105 1.6276392926 1489.60252138
12.3 0.48919466214 1.58386049908 1473.05419176
12.4 0.489031408054 1.54159953823 1456.67128274
12.5 0.488838483305 1.50079217461 1440.50853082
12.6 0.488571756755 1.46137737493 1424.43190079
12.7 0.488293474646 1.4232971247 1408.61983196
12.8 0.487958323561 1.38649625664 1392.93623261
12.9 0.487536198821 1.35092229022 1377.29356748
13.0 0.486956020002 1.31652528128 1361.49330821
13.1 0.486366271125 1.28325768123 1345.9526361
13.2 0.48577935275 1.25107420498 1330.69905388
13.3 0.485195755282 1.21993170716 1315.72660919
13.4 0.484606232344 1.18978906589 1301.00339347
13.5 0.484048126156 1.16060707381 1286.62254605
13.6 0.483482784835 1.13234833552 1272.47348563
13.7 0.482926975859 1.10497717145 1258.59432564
13.8 0.482395171458 1.07845952727 1245.0157352
13.9 0.481817688275 1.05276288888 1231.5520494
14.0 0.481299783193 1.02785620226 1218.46753494
14.1 0.480770912393 1.00370979816 1205.57556553
14.2 0.480112304317 0.980295321062 1192.57669645
14.3 0.479376584469 0.957585662314 1179.60441832
14.4 0.478892790376 0.935554897107 1167.46111287
14.5 0.478257824512 0.914178225018 1155.15117722
14.6 0.477736865695 0.89343191394 1143.31471528
14.7 0.477234597346 0.873293247163 1131.71365491
14.8 0.476762167268 0.853740473417 1120.36865713
14.9 0.476270664191 0.834752759686 1109.15973773
15.0 0.475796381171 0.816310146624 1098.16781533
15.1 0.475309150801 0.798393506416 1087.31888274
15.2 0.474861696747 0.780984502937 1076.72946089
15.3 0.474378375197 0.76406555406 1066.22345006
15.4 0.47393355163 0.74761979599 1055.96507193
15.5 0.473421334865 0.731631049509 1045.71470243
15.6 0.472721690589 0.716083788004 1035.20993752
15.7 0.472265224444 0.700963107188 1025.39287877
15.8 0.471838379178 0.686254696399 1015.78695419
15.9 0.471399232745 0.671944811404 1006.29795185
16.0 0.470939861513 0.658020248599 996.906755572
16.1 0.470506398681 0.644468320544 987.708347467
16.2 0.469793607298 0.631276832744 978.063039314
16.3 0.469369596852 0.618434061613 969.155420498
16.4 0.468958056108 0.605928733547 960.402116634
16.5 0.468550296017 0.593750005048 951.782237032
16.6 0.468150262156 0.581887443843 943.301004624
16.7 0.467746205198 0.570331010931 934.932087812
16.8 0.467378712236 0.55907104353 926.75375452
16.9 0.466955658645 0.548098238839 918.58071291
17.0 0.466590510242 0.537403638613 910.634733157
17.1 0.466199606452 0.526978614468 902.748922357
17.2 0.465822277868 0.5168148539 894.997866241
17.3 0.46544884679 0.506904346979 887.360401599
17.4 0.465094563778 0.497239373667 879.863161094
17.5 0.464703872771 0.487812491739 872.39902316
17.6 0.464353580054 0.47861652528 865.110707555
17.7 0.463984260701 0.469644553708 857.88472627
17.8 0.463638247221 0.46088990132 850.797717747
17.9 0.463280820232 0.452346127312 843.78368409
18.0 0.462935761304 0.444007016265 836.884333747
18.1 0.462581713831 0.435866569063 830.059137042
18.2 0.462247517625 0.427918994227 823.358155653
18.3 0.461899700329 0.420158699638 816.719799647
18.4 0.46156743452 0.412580284639 810.19422111
18.5 0.461236839252 0.405178532482 803.755088316
18.6 0.460896994763 0.39794840312 797.381940141
18.7 0.46059038404 0.39088502631 791.146621865
18.8 0.460253175386 0.38398369503 784.937611523
18.9 0.459753567277 0.377239859178 778.531437136
19.0 0.459343771672 0.370649119544 772.356615565
19.1 0.459025635239 0.364207222052 766.411640289
19.2 0.458724207106 0.35791005224 760.56769738
19.3 0.458401459117 0.351753629988 754.760322361
19.4 0.458106160578 0.345734104462 749.068747831
19.5 0.457797102791 0.339847749277 743.423909845
19.6 0.457500234898 0.334090957868 737.86693575
19.7 0.457204898871 0.328460239048 732.379190754
19.8 0.456907967775 0.322952212758 726.95451901
19.9 0.456608284982 0.317563605991 721.590038159
20.0 0.456332614088 0.312291248889 716.326765322
20.1 0.456045854173 0.307132070996 711.108154845
20.2 0.455754273576 0.302083097666 705.943231564
20.3 0.455466633186 0.297141446621 700.844613658
20.4 0.455193552643 0.292304324646 695.827424905
20.5 0.454915169249 0.287569024419 690.860096505
20.6 0.454652753488 0.282932921465 685.973935395
20.7 0.454359549327 0.278393471238 681.09746083
20.8 0.454108371525 0.273948206316 676.33911269
20.9 0.45383202509 0.269594733706 671.597359038
21.0 0.453563876444 0.265330732259 666.921114835
21.1 0.453300687229 0.261153950181 662.304569456
21.2 0.453050841475 0.257062202652 657.758928187
21.3 0.452780276036 0.253053369522 653.233870931
21.4 0.452461449106 0.249125393113 648.689681544
21.5 0.452217614036 0.245276276092 644.302478509
21.6 0.451952669826 0.241504079434 639.933423381
21.7 0.451719636934 0.237806920461 635.656937312
21.8 0.451449394094 0.234182970954 631.374789998
21.9 0.451208773969 0.230630455337 627.180123441
22.0 0.45097466432 0.227147648932 623.039549325
22.1 0.450729687697 0.223732876275 618.928357805
22.2 0.450482063888 0.220384509498 614.85736892
22.3 0.449917681746 0.217100966774 610.399836746
22.4 0.449562262945 0.213880710811 606.271800103
22.5 0.449318919953 0.210722247409 602.337630305
22.6 0.449102932857 0.207624124069 598.481109404
22.7 0.448854889381 0.20458492865 594.622277094
22.8 0.44864425241 0.201603288077 590.852772051
22.9 0.448408938317 0.198677867096 587.089858913
23.0 0.448013594495 0.19580736707 583.157353225
23.1 0.447715782623 0.192990524827 579.391627478
23.2 0.447495702906 0.190226111536 575.76443319
23.3 0.447263789954 0.187512931638 572.158915216
23.4 0.447062381323 0.184849821805 568.628656064
23.5 0.446834326464 0.182235649936 565.100195361
23.6 0.446611904154 0.179669314192 561.614193142
23.7 0.446226496071 0.177149742066 557.95918939
23.8 0.445960374119 0.174675889478 554.489099188
23.9 0.445749999591 0.172246739913 551.122355849
24.0 0.44546593065 0.169861303573 547.698176274
24.1 0.445104461132 0.167518616575 544.213077939
24.2 0.444699872436 0.165217740166 540.709846734
24.3 0.444284899618 0.162957759968 537.22845808
24.4 0.444005675173 0.160737785246 533.944377781
24.5 0.443820278591 0.158556948206 530.804324789
24.6 0.44360617076 0.156414403313 527.660274738
24.7 0.44342986014 0.154309326633 524.591055472
24.8 0.443049894118 0.152240915194 521.31143201
24.9 0.442785408246 0.150208386374 518.198366234
25.0 0.442618701267 0.148210977307 515.228658744
25.1 0.442415972667 0.146247944305 512.245173746
25.2 0.442228160302 0.144318562302 509.306869083
25.3 0.442048789419 0.142422124321 506.40568349
25.4 0.441870574338 0.140557940946 503.532799406
25.5 0.441667426274 0.138725339826 500.658268127
25.6 0.44149863066 0.136923665186 497.849037027
25.7 0.441313001681 0.135152277352 495.046735867
25.8 0.441137602534 0.133410552299 492.281524229
25.9 0.440962171413 0.131697881208 489.541500447
26.0 0.440769634863 0.130013670041 486.807483176
26.1 0.440598502095 0.128357339122 484.121756721
26.2 0.440450427242 0.126728322743 481.48545169
26.3 0.440245176297 0.125126068769 478.810611989
26.4 0.44007614699 0.123550038268 476.198947936
26.5 0.439921819662 0.121999705145 473.626393442
26.6 0.439744968667 0.120474555788 471.052540209
26.7 0.439572253539 0.118974088728 468.505879141
26.8 0.439402061079 0.117497814308 465.984348391
26.9 0.439246858002 0.116045254359 463.500783301
27.0 0.439079810201 0.114615941894 461.02649821
27.1 0.438912620815 0.113209420802 458.573636364
27.2 0.438739237527 0.11182524556 456.135641853
27.3 0.43859932585 0.110462980946 453.753383855
27.4 0.438422620608 0.109122201764 451.353758767
27.5 0.438052789703 0.10780249258 448.776910806
27.6 0.437872237167 0.106503447464 446.415334294
27.7 0.437724312459 0.105224669737 444.107024698
27.8 0.43757044329 0.103965771726 441.812314214
27.9 0.437413426964 0.102726374534 439.533864745
28.0 0.43725291773 0.101506107805 437.271143445
28.1 0.437098005132 0.100304609506 435.033017618
28.2 0.436951772208 0.0991215257089 432.822235685
28.3 0.436803095953 0.0979565103809 430.627487855
28.4 0.43661267067 0.0968092251832 428.410023355
28.5 0.436288139236 0.0956793392725 426.080008926
28.6 0.436113554131 0.0945665291096 423.915175694
28.7 0.43597865819 0.093470478273 421.806582484
28.8 0.435842813005 0.0923908772789 419.714351337
28.9 0.435679193157 0.0913274234052 417.61258167
29.0 0.435546933033 0.0902798205213 415.557865417
29.1 0.435392029851 0.0892477789224 413.498304863
29.2 0.435187431394 0.0882310151687 411.408430699
29.3 0.435044620972 0.087229251929 409.393606516
29.4 0.434891830832 0.0862422178287 407.385616216
29.5 0.434657854948 0.0852696473027 405.318003753
29.6 0.434228705841 0.0843112804512 403.085802287
29.7 0.434033981668 0.0833668629006 401.08826428
29.8 0.433905381245 0.082436145668 399.167437829
29.9 0.433758396232 0.0815188850292 397.244932837
30.0 0.433632859619 0.0806148423907 395.35712255
30.1 0.433508019711 0.0797237841649 393.48474156
30.2 0.433339768044 0.078845481649 391.587758682
30.3 0.433237617346 0.0779797109071 389.765056221
30.4 0.433104015934 0.0771262526557 387.928308453
30.5 0.432954489173 0.0762848921518 386.091576322
30.6 0.4328459983 0.0754554190849 384.305464064
30.7 0.432705051776 0.0746376274709 382.504374614
30.8 0.432568882846 0.0738313155498 380.72130362
30.9 0.432467422982 0.0730362856857 378.982276298
31.0 0.432315530072 0.0722523442692 377.212461248
31.1 0.432205103588 0.071479301623 375.492125311
31.2 0.431908633268 0.0707169719098 373.623851568
31.3 0.431589018139 0.0699651730424 371.749880132
31.4 0.431401655914 0.0692237265963 370.003594698
31.5 0.431260077035 0.068492457725 368.309548423
31.6 0.431149539339 0.067771195077 366.654567718
31.7 0.43086100603 0.067059770715 364.861167782
31.8 0.430693284906 0.0663580200377 363.183093747
31.9 0.430365955985 0.0656657817032 361.383448612
32.0 0.430050289006 0.0649828975545 359.606999956
32.1 0.429928670791 0.0643092125468 358.005359782
32.2 0.429789918661 0.0636445746771 356.401251365
32.3 0.429671178479 0.0629888349151 354.825404975
32.4 0.429572709522 0.0623418471362 353.277707483
32.5 0.42944871366 0.0617034680562 351.720325605
32.6 0.429337215797 0.0610735571672 350.184416367
32.7 0.429215637808 0.0604519766761 348.651398752
32.8 0.429116655558 0.0598385914434 347.1476941
32.9 0.429000387958 0.0592332689249 345.640835052
33.0 0.428877543542 0.0586358791134 344.139474597
33.1 0.428779635446 0.0580462944835 342.668752146
33.2 0.428655178793 0.0574643899363 341.187339128
33.3 0.428569047774 0.0568900427461 339.746814341
33.4 0.428433857926 0.0563231325091 338.277710896
33.5 0.428334353762 0.0557635410916 336.847035944
33.6 0.428227850198 0.0552111525819 335.42091625
33.7 0.428117207037 0.0546658532407 334.001548547
33.8 0.428022877526 0.0541275314553 332.604765962
33.9 0.427845623977 0.0535960776929 331.153510126
34.0 0.427591010682 0.0530713844563 329.652733714
34.1 0.427487270547 0.0525533462398 328.278305689
34.2 0.427381867411 0.0520418594873 326.912084066
34.3 0.427273993704 0.0515368225498 325.553375871
34.4 0.427181362373 0.0510381356457 324.215555102
34.5 0.426984485998 0.0505457008208 322.808061866
34.6 0.426819273355 0.0500594219096 321.434074718
34.7 0.426703510773 0.0495792044978 320.106567074
34.8 0.42659669009 0.0491049558852 318.794748475
34.9 0.426515360517 0.0486365850503 317.510775236
35.0 0.42640640296 0.0481740026146 316.214952495
35.1 0.426306474708 0.0477171208087 314.934513026
35.2 0.426208380755 0.0472658534389 313.66400266
35.3 0.426119358285 0.0468201158543 312.408630554
35.4 0.426020255178 0.0463798249151 311.154252698
35.5 0.425917928437 0.0459448989615 309.905862887
35.6 0.425814327614 0.045515257783 308.664822378
35.7 0.425719459966 0.045090822589 307.438290795
35.8 0.425628922472 0.0446715159798 306.222952801
35.9 0.425539187498 0.0442572619179 305.016169642
36.0 0.425437022185 0.0438479857008 303.808410967
36.1 0.425336204264 0.0434436139336 302.609504582
36.2 0.425261315757 0.0430440745025 301.436791201
36.3 0.425158309326 0.0426492965494 300.251826402
36.4 0.425061353851 0.0422592104462 299.078801122
36.5 0.424977445517 0.0418737477707 297.922502524
36.6 0.424883833524 0.0414928412816 296.766870161
36.7 0.424796866062 0.041116424896 295.623287306
36.8 0.424693992725 0.0407444336657 294.475999796
36.9 0.424422056442 0.0403768037547 293.219250074
37.0 0.424319782992 0.0400134724177 292.087407513
37.1 0.424235034566 0.0396543779779 290.974785095
37.2 0.424147723201 0.0392994598068 289.86745979
37.3 0.424042937118 0.0389486583028 288.755232899
37.4 0.423972154414 0.0386019148717 287.673098467
37.5 0.423700919071 0.0382591719067 286.462231913
37.6 0.423593178788 0.0379203727695 285.369207901
37.7 0.423500667557 0.0375854617712 284.293253708
37.8 0.423416512794 0.037254384154 283.229602785
37.9 0.423329488863 0.0369270860735 282.170654076
38.0 0.42320151643 0.0366035145807 281.091077162
38.1 0.422966706607 0.0362836176051 279.94749149
38.2 0.422895925206 0.0359673439375 278.919230428
38.3 0.422795949703 0.0356546432142 277.878102814
38.4 0.422719435293 0.0353454659001 276.858740681
38.5 0.422638951144 0.0350397632737 275.843024727
38.6 0.422553406803 0.0347374874111 274.830218589
38.7 0.422474142412 0.0344385911711 273.827652928
38.8 0.422392964744 0.0341430281806 272.829940202
38.9 0.422284038911 0.03385075282 271.820411082
39.0 0.422026103607 0.0335617202091 270.721410959
39.1 0.421952574558 0.0332758861932 269.747016672
39.2 0.421872116629 0.0329932073295 268.77406277
39.3 0.421791452024 0.0327136408742 267.806812625
39.4 0.421717253429 0.0324371447691 266.849440246
39.5 0.421625969576 0.032163677629 265.887002986
39.6 0.421560438205 0.0318931987296 264.946484992
39.7 0.421467013553 0.0316256679946 263.994071985
39.8 0.421398056744 0.0313610459847 263.062580501
39.9 0.421171055396 0.0310992938851 262.038256317
40.0 0.421044102121 0.0308403734945 261.082079937
40.1 0.42097335166 0.030584247214 260.166281562
40.2 0.420885558799 0.0303308780356 259.245351361
40.3 0.420828440619 0.0300802295322 258.34864318
40.4 0.420740676196 0.0298322658464 257.43840461
40.5 0.420670396716 0.0295869516808 256.544131172
40.6 0.420598194502 0.0293442522872 255.653876934
40.7 0.420168338505 0.0291041334574 254.552096939
40.8 0.419990028105 0.0288665615134 253.60874474
40.9 0.419791211158 0.0286315032973 252.658534723
41.0 0.419713094194 0.0283989261629 251.786252821
41.1 0.419545172752 0.0281687979659 250.865275679
41.2 0.419482095367 0.0279410870554 250.012097246
41.3 0.419396444416 0.0277157622649 249.150371494
41.4 0.419260382656 0.0274927929039 248.263705535
41.5 0.419063908864 0.0272721487493 247.346445686
41.6 0.418987559122 0.0270538000376 246.505111258
41.7 0.418928891047 0.0268377174562 245.678902001
41.8 0.418858446384 0.0266238721361 244.850459833
41.9 0.418666592562 0.0264122356438 243.955931008
42.0 0.418534493272 0.0262027799739 243.101182197
42.1 0.41844327083 0.0259954775415 242.274911597
42.2 0.418291540105 0.025790301175 241.41834082
42.3 0.418045933971 0.0255872241088 240.51256804
42.4 0.41796077286 0.0253862199767 239.703921892
42.5 0.417888316423 0.0251872628045 238.907028599
42.6 0.417836586572 0.0249903270036 238.126356051
42.7 0.417757268654 0.0247953873643 237.334310219
42.8 0.41769397677 0.0246024190492 236.555704933
42.9 0.417629454138 0.0244113975871 235.780678456
43.0 0.417552275019 0.0242222988665 235.002773484
43.1 0.417503688882 0.0240350991298 234.245166942
43.2 0.417419327561 0.023849774967 233.471674096
43.3 0.41738216776 0.0236663033099 232.728715884
43.4 0.417286060797 0.0234846614264 231.957011149
43.5 0.417235700677 0.0233048269148 231.214848787
43.6 0.417174745082 0.0231267776985 230.470836253
43.7 0.417107603057 0.0229504920201 229.727425058
43.8 0.417026467955 0.0227759484362 228.980329364
43.9 0.416988255969 0.0226031258126 228.260745112
44.0 0.416909131465 0.0224320033186 227.52267495
44.1 0.416809363009 0.0222625604221 226.777320899
44.2 0.416652631109 0.0220947768849 226.005054357
44.3 0.416439608911 0.0219286327575 225.206489468
44.4 0.416374035292 0.0217641083748 224.491717999
44.5 0.416315864185 0.0216011843508 223.784709783
44.6 0.416254598213 0.0214398415746 223.079774792
44.7 0.416189869784 0.0212800612056 222.37670358
44.8 0.416126747608 0.0211218246689 221.678185182
44.9 0.416074412147 0.0209651136515 220.989060378
45.0 0.416003307698 0.0208099100977 220.293599587
45.1 0.41594413389 0.0206561962048 219.608073267
45.2 0.415896564231 0.0205039544192 218.932226611
45.3 0.415809433417 0.0203531674325 218.23912474
45.4 0.415674279916 0.0202038181773 217.52449762
45.5 0.415608512896 0.0200558898232 216.84980059
45.6 0.415540321224 0.0199093657736 216.177328724
45.7 0.415495762227 0.0197642296612 215.520583687
45.8 0.415436507492 0.0196204653448 214.859609487
45.9 0.415376592369 0.0194780569058 214.201685854
46.0 0.415323807516 0.0193369886441 213.550796877
46.1 0.415146867412 0.0191972450752 212.839578014
46.2 0.415006075018 0.0190588109264 212.150505494
46.3 0.414953110474 0.0189216711338 211.509734675
46.4 0.414900286566 0.0187858108385 210.872285397
46.5 0.414846414649 0.0186512153842 210.237531263
46.6 0.414779722984 0.0185178703129 209.599505102
46.7 0.414571570007 0.0183857613627 208.893420047
46.8 0.414519267934 0.0182548744646 208.26924535
46.9 0.41444644914 0.0181251957389 207.637923896
47.0 0.414396228624 0.0179967114929 207.021060345
47.1 0.414354552864 0.0178694082178 206.41153505
47.2 0.414282241657 0.0177432725857 205.789827617
47.3 0.414093490148 0.0176182914469 205.113544017
47.4 0.414037312806 0.0174944518272 204.506147456
47.5 0.413978133525 0.0173717409252 203.900283333
47.6 0.413924056965 0.0172501461093 203.299923581
47.7 0.413868888184 0.0171296549158 202.701991924
47.8 0.413818453037 0.0170102550456 202.109317462
47.9 0.41376464892 0.0168919343621 201.517913962
48.0 0.413705645367 0.0167746808887 200.926885848
48.1 0.413649680858 0.016658482806 200.340224117
48.2 0.413607174119 0.0165433284501 199.762928401
48.3 0.413552273771 0.0164292063094 199.182473751
48.4 0.413489297592 0.016316105023 198.600964151
48.5 0.413447390348 0.0162040133782 198.032371963
48.6 0.413375652924 0.0160929203079 197.45228189
48.7 0.413353212876 0.0159828148891 196.898484577
48.8 0.413288691363 0.0158736863402 196.32735904
48.9 0.413076733942 0.015765524019 195.689141216
49.0 0.413000174176 0.0156583174207 195.118007133
49.1 0.412953064843 0.0155520561759 194.563494665
49.2 0.412790324026 0.0154467300485 193.957302305
49.3 0.412556278371 0.0153423289335 193.320626046
49.4 0.412508610037 0.0152388428557 192.774138166
49.5 0.412443414544 0.0151362619669 192.22207944
49.6 0.412410391219 0.0150345765449 191.687598677
49.7 0.412355236123 0.0149337769908 191.145384936
49.8 0.412304931654 0.014833853828 190.607977964
49.9 0.412251533153 0.0147347976999 190.071679551
50.0 0.412208720646 0.0146365993681 189.542774573
50.1 0.412150664495 0.014539249711 189.009361819
50.2 0.411944883335 0.014442739722 188.41088781
50.3 0.411885703788 0.0143470605076 187.882133103
50.4 0.411818420055 0.014252203286 187.352163796
50.5 0.411786523809 0.0141581593853 186.840726399
50.6 0.411722292846 0.0140649202421 186.317030616
50.7 0.411653691311 0.0139724773998 185.793797973
50.8 0.411477031355 0.0138808225072 185.22435344
50.9 0.411421743659 0.0137899473167 184.712070351
51.0 0.411394143265 0.0136998436832 184.214551347
51.1 0.411337545996 0.0136105035621 183.706367856
51.2 0.411287554309 0.0135219190086 183.203465312
51.3 0.41125041062 0.0134340821756 182.708578758
51.4 0.411184741467 0.0133469853125 182.203315211
51.5 0.411152313307 0.0132606207643 181.715057238
51.6 0.411103266097 0.0131749809693 181.221696191
51.7 0.411062698752 0.0130900584588 180.734310024
51.8 0.41092832576 0.0130058458549 180.20799913
51.9 0.4106486438 0.01292233587 179.620539871
52.0 0.410467602407 0.0128395213049 179.078838189
52.1 0.41040902227 0.0127573950479 178.592910258
52.2 0.410361272992 0.0126759500734 178.113877556
52.3 0.410303539431 0.012595179441 177.632678413
52.4 0.410280920893 0.0125150762937 177.168807132
52.5 0.410228886963 0.0124356338576 176.694339208
52.6 0.410175758924 0.0123568454398 176.221525778
52.7 0.410137108709 0.012278704428 175.757030007
52.8 0.410095428354 0.0122012042892 175.293307577
52.9 0.410043480184 0.0121243385684 174.827269369
53.0 0.410014074357 0.0120481008875 174.372889231
53.1 0.409957671294 0.0119724849446 173.909066251
53.2 0.409916670945 0.0118974845126 173.453815596
53.3 0.409877792013 0.0118230934385 173.001469438
53.4 0.40983482923 0.0117493056421 172.549395893
53.5 0.409785979691 0.0116761151149 172.096838258
53.6 0.409672245259 0.0116035159196 171.619087273
53.7 0.409350905265 0.0115315021886 171.056694843
53.8 0.409291732513 0.0114600681236 170.606112405
53.9 0.40926680219 0.0113892079941 170.171738935
54.0 0.40922372403 0.0113189161368 169.731726591
54.1 0.409169701446 0.0112491869546 169.289099945
54.2 0.40913633953 0.0111800149157 168.856924666
54.3 0.409095374826 0.011111394553 168.423489787
54.4 0.408993617011 0.0110433204627 167.966962537
54.5 0.408831161056 0.0109757873039 167.487554415
54.6 0.408789269122 0.0109087897973 167.059512472
54.7 0.40875660498 0.0108423227251 166.637073586
54.8 0.408715521617 0.0107763809293 166.213022386
54.9 0.408659507221 0.0107109593117 165.784731188
55.0 0.408629943905 0.0106460528325 165.368980177
55.1 0.408585270068 0.0105816565099 164.948901392
55.2 0.4085420472 0.0105177654191 164.531198278
55.3 0.408506800257 0.0104543746917 164.11847716
55.4 0.408459804008 0.0103914795149 163.702798563
55.5 0.408433175854 0.0103290751308 163.29702699
55.6 0.408373727038 0.0102671568354 162.879878624
55.7 0.408349805702 0.0102057199786 162.478632722
55.8 0.408305793647 0.0101447599625 162.071100028
55.9 0.408218503413 0.0100842722416 161.648145906
56.0 0.408049227218 0.0100242523216 161.194592072
56.1 0.408015059218 0.00996469575893 160.796215314
56.2 0.407938548433 0.00990559816005 160.382857666
56.3 0.407773905047 0.00984695518076 159.936668419
56.4 0.407723775006 0.00978876252562 159.537176372
56.5 0.407702153531 0.00973101594728 159.150478754
56.6 0.407655972248 0.00967371124586 158.755819971
56.7 0.407508475299 0.00961684426836 158.323437505
56.8 0.40739567513 0.00956041090803 157.906318542
56.9 0.407357857755 0.00950440710379 157.519935439
57.0 0.407326358426 0.00944882883964 157.137584151
57.1 0.407282940587 0.00939367214407 156.752219419
57.2 0.407111841005 0.00933893308951 156.319414469
57.3 0.407035677054 0.00928460779175 155.924782812
57.4 0.406996196075 0.00923069240941 155.54579623
57.5 0.406957017044 0.00917718314336 155.16847555
57.6 0.406923560552 0.0091240762362 154.79487297
57.7 0.406884139868 0.00907136797176 154.420529041
57.8 0.406706438071 0.00901905467452 153.995350206
57.9 0.406634620531 0.00896713270914 153.611927966
58.0 0.406598804442 0.00891559847993 153.243636724
58.1 0.406566200338 0.00886444843037 152.878044031
58.2 0.406527145547 0.00881367904259 152.511507956
58.3 0.406480131673 0.00876328683692 152.143472123
58.4 0.406456327289 0.00871326837136 151.785588036
58.5 0.406370409505 0.00866362024117 151.405997944
58.6 0.406265771441 0.00861433907835 151.020982869
58.7 0.406245971265 0.00856542155122 150.668989463
58.8 0.40620732732 0.00851686436393 150.311427809
58.9 0.406158453288 0.00846866425606 149.951517638
59.0 0.406126344373 0.00842081800215 149.599220427
59.1 0.406095134916 0.00837332241126 149.24865507
59.2 0.405973559107 0.00832617432657 148.866345166
59.3 0.405859544288 0.00827937062494 148.488335266
59.4 0.405823508339 0.00823290821649 148.140303054
59.5 0.405789768517 0.00818678404422 147.794482981
59.6 0.405764854162 0.00814099508356 147.453234416
59.7 0.405726346916 0.00809553834203 147.108399667
59.8 0.405689047063 0.00805041085877 146.765358619
59.9 0.405659479101 0.00800560970423 146.426455838
60.0 0.405623260338 0.00796113197975 146.086485141
60.1 0.405586891135 0.00791697481719 145.747791067
60.2 0.405550814319 0.00787313537855 145.410525354
60.3 0.405516805537 0.0078296108556 145.075315203
60.4 0.405333055929 0.00778639846956 144.68795861
60.5 0.405296582892 0.00774349547069 144.354592188
60.6 0.405248965038 0.00770089913797 144.01855927
60.7 0.40524385036 0.00765860677875 143.698902447
60.8 0.405072890785 0.0076166157284 143.321797758
60.9 0.404989143958 0.00757492334997 142.9769649
61.0 0.404956379405 0.00753352703387 142.651430154
61.1 0.404761836679 0.00749242419754 142.270284582
61.2 0.404707212113 0.00745161228513 141.939706276
61.3 0.404690902361 0.00741108876714 141.623808636
61.4 0.404654815575 0.00737085114018 141.302211751
61.5 0.404622426943 0.0073308969266 140.983133682
61.6 0.404555363667 0.0072912236742 140.653218129
61.7 0.404397480652 0.00725182895593 140.293059228
61.8 0.404210239819 0.0072127103696 139.924131085
61.9 0.404179040472 0.00717386553756 139.610532274
62.0 0.404142696959 0.00713529210646 139.296349584
62.1 0.40411386923 0.00709698774689 138.985942189
62.2 0.404066929396 0.00705895015317 138.670491825
62.3 0.40405581862 0.00702117704303 138.368504389
62.4 0.404019949486 0.00698366615733 138.059190897
62.5 0.4039855749 0.00694641525984 137.751551438
62.6 0.403956602807 0.00690942213689 137.446906201
62.7 0.403925572372 0.0068726845972 137.142704096
62.8 0.403898975022 0.00683620047153 136.841142808
62.9 0.40384659331 0.00679996761248 136.531990805
63.0 0.40384106199 0.00676398389423 136.239801772
63.1 0.403804860293 0.00672824721226 135.938372015
63.2 0.403765448868 0.00669275548314 135.636986321
63.3 0.403668443277 0.00665750664427 135.317414894
63.4 0.403534149962 0.00662249865361 134.986566926
63.5 0.40350003006 0.00658772948951 134.690400269
63.6 0.40340689552 0.0065531971504 134.37567118
63.7 0.40327291342 0.00651889965463 134.048536693
63.8 0.403247717741 0.00648483504017 133.758710293
63.9 0.403213814332 0.00645100136444 133.467067062
64.0 0.403181695494 0.00641739670408 133.1770853
64.1 0.403156407732 0.00638401915469 132.890419168
64.2 0.403122467112 0.00635086683067 132.601955785
64.3 0.403096089113 0.00631793786496 132.317030242
64.4 0.403068474521 0.00628523040886 132.032739215
64.5 0.403031858634 0.00625274263179 131.746541644
64.6 0.403006480868 0.00622047272113 131.465052784
64.7 0.402984965387 0.00618841888197 131.185843375
64.8 0.402938620652 0.00615657933694 130.899579542
64.9 0.402914564671 0.00612495232598 130.621581292
65.0 0.402897021896 0.00609353610621 130.346694828
65.1 0.402798466896 0.00606232895164 130.046643708
65.2 0.402689676704 0.00603132915307 129.744388044
65.3 0.402664814007 0.00600053501786 129.470218964
65.4 0.402592043199 0.00596994486974 129.181662248
65.5 0.402427231528 0.00593955704864 128.864675063
65.6 0.402401123702 0.0059093699105 128.593170491
65.7 0.402371258596 0.00587938182711 128.321438743
65.8 0.402355690167 0.00584959118592 128.055228119
65.9 0.402270854474 0.00581999638984 127.767964633
66.0 0.402105332338 0.00579059585713 127.456157894
66.1 0.402099631735 0.00576138802117 127.196037965
66.2 0.402055262972 0.00573237133032 126.92463105
66.3 0.402027594189 0.00570354424777 126.659450333
66.4 0.402009747633 0.00567490525134 126.398296627
66.5 0.401981366587 0.00564645283333 126.134758961
66.6 0.40195219207 0.00561818550039 125.87190307
66.7 0.401908345707 0.00559010177333 125.605388482
66.8 0.401908843566 0.00556220018696 125.353645
66.9 0.401864809866 0.00553447928998 125.088920364
67.0 0.40183310092 0.00550693764477 124.828955677
67.1 0.401817752249 0.00547957382729 124.574974487
67.2 0.401787510179 0.00545238642691 124.317271704
67.3 0.401758001959 0.00542537404624 124.060696053
67.4 0.401732867623 0.00539853530105 123.806363503
67.5 0.401702112742 0.00537186882007 123.551187611
67.6 0.401682351479 0.00534537324486 123.300274151
67.7 0.401647916507 0.0053190472297 123.04573546
67.8 0.401635711342 0.00529288944141 122.798877028
67.9 0.401593212701 0.00526689855925 122.543627122
68.0 0.401584294449 0.00524107327478 122.299488496
68.1 0.401532101635 0.00521541229171 122.043036888
68.2 0.401414732232 0.00518991432577 121.767701793
68.3 0.401298204823 0.00516457810461 121.493582412
68.4 0.401119685137 0.00513940236764 121.201686618
68.5 0.401110681347 0.00511438586593 120.961934958
68.6 0.401069404321 0.00508952736206 120.7132887
68.7 0.401060448602 0.00506482563002 120.475204348
68.8 0.401018336265 0.00504027945508 120.227990311
68.9 0.400996776152 0.00501588763364 119.987771604
69.0 0.400948035998 0.00499164897319 119.740253406
69.1 0.400612610129 0.0049675622921 119.408129713
69.2 0.400575421436 0.00494362641957 119.165899554
69.3 0.40041077135 0.00491984019549 118.886647761
69.4 0.400192115493 0.00489620247032 118.592357258
69.5 0.399985948466 0.004872712105 118.30278284
69.6 0.399987252712 0.00484936797082 118.075456649
69.7 0.399946634542 0.00482616894933 117.836541645
69.8 0.399923715901 0.00480311393221 117.603638036
69.9 0.399900481061 0.00478020182119 117.371424387
70.0 0.399871335437 0.00475743152792 117.138258614
70.1 0.399859564818 0.00473480197387 116.910955224
70.2 0.399822559266 0.00471231209026 116.677046885
70.3 0.399706611923 0.0046899608179 116.420929108
70.4 0.399599719439 0.00466774710715 116.168311085
70.5 0.399593599834 0.00464566991779 115.945786505
70.6 0.399553536652 0.00462372821889 115.714169793
70.7 0.399502831685 0.00460192098881 115.480248958
70.8 0.39932717275 0.00458024721499 115.211057266
70.9 0.399322719769 0.00455870589395 114.992079904
71.0 0.39929761808 0.00453729603112 114.76788974
71.1 0.399256067935 0.00451601664081 114.53972191
71.2 0.399259912578 0.00449486674608 114.325307951
71.3 0.399049196174 0.00447384537867 114.050274357
71.4 0.398874797483 0.0044529515789 113.7865309
71.5 0.398865451256 0.00443218439558 113.570670145
71.6 0.398825417804 0.00441154288595 113.346794597
71.7 0.398814648662 0.00439102611554 113.131956331
71.8 0.398775832088 0.00437063315814 112.90987813
71.9 0.398659327661 0.00435036309569 112.666572064
72.0 0.398564471509 0.00433021501821 112.430178815
72.1 0.398557626587 0.00431018802368 112.219345977
72.2 0.398522552397 0.00429028121802 112.001263606
72.3 0.398446519768 0.00427049371496 111.77240185
72.4 0.398312016433 0.00425082463599 111.527917746
72.5 0.398290999533 0.00423127311025 111.315957851
72.6 0.39825320624 0.00421183827449 111.10000364
72.7 0.397956682424 0.00419251927298 110.812704693
72.8 0.397907681359 0.00417331525741 110.595164455
72.9 0.397875467067 0.00415422538685 110.382985852
73.0 0.397862403263 0.00413524882767 110.176794576
73.1 0.397822176767 0.00411638475344 109.963756708
73.2 0.397769636851 0.00409763234488 109.748007492
73.3 0.397680725265 0.0040789907898 109.522936677
73.4 0.397604645892 0.004060459283 109.302122159
73.5 0.397475977874 0.00404203702621 109.067589804
73.6 0.397456717755 0.00402372322804 108.863786174
73.7 0.397430595602 0.0040055171039 108.65875581
73.8 0.397415699554 0.0039874178759 108.457442362
73.9 0.397386885868 0.00396942477285 108.252976752
74.0 0.397371631549 0.00395153703013 108.052848201
74.1 0.3972375251 0.00393375388967 107.821093683
74.2 0.397164470213 0.00391607459985 107.606627683
74.3 0.397074310317 0.00389849841547 107.388219995
74.4 0.396843630402 0.00388102459766 107.132575196
74.5 0.396683739212 0.00386365241383 106.896837472
74.6 0.396620941027 0.00384638113761 106.687975928
74.7 0.396574885832 0.00382921004877 106.484271844
74.8 0.396434306018 0.00381213843321 106.255875156
74.9 0.396407702749 0.00379516558282 106.058703329
75.0 0.396384215353 0.0037782907955 105.862981926
75.1 0.396190793921 0.00376151337505 105.622569461
75.2 0.396177733684 0.00374483263114 105.430925997
75.3 0.396061604897 0.00372824787925 105.212499683
75.4 0.395977171539 0.00371175844058 105.003169827
75.5 0.395940816734 0.00369536364206 104.807225288
75.6 0.395887577867 0.00367906281621 104.607430071
75.7 0.39559190557 0.00366285530118 104.344312554
75.8 0.395567039166 0.0036467404406 104.153345655
75.9 0.395442787969 0.00363071758362 103.936848345
76.0 0.395239468415 0.00361478608477 103.70028665
76.1 0.395176433282 0.00359894530398 103.501218116
76.2 0.395015427955 0.00358319460648 103.277153724
76.3 0.394967956798 0.00356753336278 103.083426598
76.4 0.394785439914 0.00355196094858 102.855114173
76.5 0.394754689856 0.00353647674478 102.666992295
76.6 0.39474456416 0.00352108013737 102.48480308
76.7 0.394717510991 0.00350577051742 102.298783651
76.8 0.394523123432 0.00349054728102 102.07004164
76.9 0.394298114958 0.00347540982923 101.834109383
77.0 0.394163780475 0.00346035756802 101.622296947
77.1 0.394033747183 0.00344538990826 101.412249489
77.2 0.393953846033 0.00343050626563 101.21573339
77.3 0.39387660978 0.00341570606062 101.020504561
77.4 0.393748191199 0.00340098871844 100.812770132
77.5 0.393728548807 0.003386353669 100.633479428
77.6 0.393568302581 0.00337180034685 100.418856415
77.7 0.39353152904 0.00335732819117 100.23634721
77.8 0.39339370325 0.00334293664569 100.028696233
77.9 0.393324219605 0.00332862515865 99.83903172
78.0 0.39323202083 0.0033143931828 99.6441877957
78.1 0.393111752056 0.00330024017529 99.4428370171
78.2 0.392966627974 0.00328616559768 99.2358251313
78.3 0.392909786219 0.00327216891589 99.0517034604
78.4 0.392832621226 0.00325824960015 98.8630227408
78.5 0.392708906645 0.00324440712494 98.663217742
78.6 0.392689334166 0.00323064096901 98.4901407043
78.7 0.392672297819 0.00321695061527 98.3182152913
78.8 0.392538920557 0.00320333555081 98.1177219604
78.9 0.392475905931 0.00318979526681 97.9353952304
79.0 0.392300231607 0.00317632925855 97.7255506524
79.1 0.392277874531 0.00316293702533 97.5544735586
79.2 0.392245480817 0.00314961807048 97.3814124368
79.3 0.392221152597 0.00313637190126 97.210864334
79.4 0.392157931199 0.00312319802888 97.0311980322
79.5 0.392034967243 0.00311009596844 96.8373100112
79.6 0.392015424772 0.00309706523889 96.6695081551
79.7 0.392009841519 0.00308410536302 96.505637421
79.8 0.391988832385 0.00307121586737 96.3384564993
79.9 0.391971375579 0.00305839628227 96.1726388724
80.0 0.39195295723 0.00304564614174 96.0070724535
80.1 0.39191947207 0.0030329649835 95.8383071502
80.2 0.391910797099 0.00302035234891 95.676094463
80.3 0.39190160721 0.00300780778294 95.5142297761
80.4 0.391885566792 0.00299533083415 95.3511702067
80.5 0.391857310818 0.00298292105466 95.1856189051
80.6 0.391837186851 0.0029705780001 95.022523083
80.7 0.39182676534 0.00295830122957 94.8622511232
80.8 0.391808120678 0.00294609030565 94.7004567364
80.9 0.391786228583 0.00293394479433 94.5383485203
81.0 0.39177092953 0.00292186426499 94.3782990108
81.1 0.391763406826 0.00290984829038 94.2205829855
81.2 0.391729757094 0.00289789644658 94.0570488425
81.3 0.391706073363 0.00288600831296 93.8963776312
81.4 0.39171457888 0.00287418347217 93.7438740021
81.5 0.391604188263 0.00286242151011 93.5634002282
81.6 0.391438083226 0.00285072201588 93.3701652458
81.7 0.391325956488 0.00283908458176 93.1903544756
81.8 0.391306704592 0.0028275088032 93.0331500572
81.9 0.391281835405 0.00281599427878 92.8750632745
82.0 0.391273076767 0.00280454061016 92.7212477401
82.1 0.391088222597 0.00279314740208 92.526209544
82.2 0.390921791189 0.00278181426233 92.3360960106
82.3 0.390764905773 0.00277054080171 92.1487902461
82.4 0.390732502777 0.00275932663402 91.9913388197
82.5 0.390644079756 0.00274817137601 91.8211694874
82.6 0.390480996072 0.00273707464739 91.6339701086
82.7 0.3903705599 0.00272603607074 91.4596507825
82.8 0.390185326265 0.00271505527157 91.2683387274
82.9 0.390070476482 0.00270413187823 91.0940212373
83.0 0.38994799021 0.00269326552191 90.9184255927
83.1 0.389866370761 0.00268245583659 90.7528489395
83.2 0.389701767076 0.00267170245907 90.5684597249
83.3 0.389617927084 0.00266100502889 90.4033436486
83.4 0.389413057554 0.00265036318831 90.2106612182
83.5 0.389351278869 0.00263977658235 90.0516329289
83.6 0.389232559881 0.00262924485866 89.8799070767
83.7 0.389162116228 0.0026187676676 89.7198020437
83.8 0.389146703121 0.00260834466216 89.5728173729
83.9 0.389133226771 0.00259797549794 89.426689088
84.0 0.389046341485 0.00258765983313 89.2641258477
84.1 0.388957626388 0.00257739732852 89.1016037207
84.2 0.388820637669 0.00256718764742 88.9285005463
84.3 0.388609962008 0.0025570304557 88.7390639996
84.4 0.388432853831 0.0025469254217 88.5578249042
84.5 0.388431411168 0.00253687221628 88.4170898831
84.6 0.388396597577 0.00252687051273 88.2691601211
84.7 0.388297125999 0.00251691998682 88.1069708478
84.8 0.388253433529 0.00250702031671 87.9578747046
84.9 0.388096292134 0.00249717118296 87.7835323571
85.0 0.387993884101 0.00248737226854 87.6220447131
85.1 0.38794022984 0.00247762325875 87.4720031672
85.2 0.387761232726 0.00246792384123 87.2941608317
85.3 0.387748032857 0.00245827370595 87.154088556
85.4 0.387720032988 0.00244867254518 87.0110798136
85.5 0.387708166342 0.00243912005345 86.8720797851
85.6 0.387681761951 0.00242961592758 86.7302084027
85.7 0.387668803914 0.00242015986659 86.5917301077
85.8 0.387666491795 0.00241075157176 86.4560047676
85.9 0.387572192368 0.00240139074655 86.3001666
86.0 0.387503628308 0.00239207709661 86.1504822049
86.1 0.387499452307 0.00238281032974 86.0155031468
86.2 0.387472526606 0.00237359015591 85.8758487637
86.3 0.387458063225 0.00236441628721 85.739333072
86.4 0.387448168135 0.00235528843782 85.6041976312
86.5 0.387435875666 0.00234620632404 85.4688996814
86.6 0.387412022263 0.00233716966424 85.3314218972
86.7 0.387407850206 0.00232817817882 85.1986454643
86.8 0.387361342628 0.00231923159024 85.0569312189
86.9 0.387205876233 0.002310329623 84.891714167
87.0 0.387070728024 0.00230147200357 84.7314024591
87.1 0.386692037314 0.00229265846043 84.5183024319
87.2 0.386516286692 0.00228388872401 84.3500943644
87.3 0.386504580795 0.00227516252674 84.2180968253
87.4 0.386460016911 0.00226647960293 84.0793049382
87.5 0.386323680626 0.00225783968886 83.9209522297
87.6 0.38631753812 0.00224924252269 83.7912726219
87.7 0.386149567861 0.00224068784448 83.6268930729
87.8 0.38610738648 0.00223217539615 83.4901656534
87.9 0.386097710558 0.00222370492152 83.3608237996
88.0 0.386082791002 0.00221527616619 83.2306962096
88.1 0.386073929211 0.00220688887765 83.102219353
88.2 0.386051407389 0.00219854280516 82.9711481743
88.3 0.386016509996 0.0021902376998 82.8377703848
88.4 0.385830131688 0.00218197331443 82.6722904664
88.5 0.385614383177 0.00217374940367 82.5009796814
88.6 0.385493575955 0.00216556572389 82.3504206396
88.7 0.385306683383 0.00215742203322 82.1861725536
88.8 0.385252079362 0.0021493180915 82.0505471252
88.9 0.385115741044 0.00214125366027 81.8979016217
89.0 0.385047838001 0.00213322850279 81.7601998467
89.1 0.384986700043 0.00212524238399 81.6242994676
89.2 0.384527447674 0.00211729507047 81.4044796301
89.3 0.384235006837 0.00210938633048 81.2205337331
89.4 0.384228832124 0.00210151593392 81.0975136687
89.5 0.384212050686 0.00209368365231 80.9725803129
89.6 0.38419445858 0.00208588925879 80.8478039213
89.7 0.384192550855 0.00207813252811 80.7266499812
89.8 0.384168293813 0.00207041323658 80.6011227961
89.9 0.384154421928 0.00206273116211 80.4780998366
90.0 0.384003902166 0.00205508608417 80.3268134591
90.1 0.383950586544 0.00204747778377 80.1962349439
90.2 0.383960165934 0.00203990604346 80.0791167596
90.3 0.383944225032 0.00203237064733 79.9569866211
90.4 0.383821145367 0.00202487138097 79.8128950561
90.5 0.383770038228 0.00201740803145 79.684129625
90.6 0.383669792665 0.00200998038737 79.5455129122
90.7 0.38359578631 0.00200258823877 79.4126936322
90.8 0.383587583019 0.00199523137718 79.2938248806
90.9 0.383563594126 0.00198790959555 79.172004372
91.0 0.383550270649 0.00198062268831 79.0526971327
91.1 0.383539862811 0.0019733704513 78.9342973662
91.2 0.383522874848 0.00196615268177 78.8148498993
91.3 0.383365362135 0.00195896917837 78.6668740273
91.4 0.383344190235 0.00195181974119 78.5472251827
91.5 0.383232058371 0.00194470417164 78.409273473
91.6 0.382996094789 0.00193762227255 78.2463837104
91.7 0.38298646746 0.0019305738481 78.1301005079
91.8 0.382965021401 0.0019235587038 78.0117068572
91.9 0.382956462069 0.00191657664653 77.8962374836
92.0 0.382826427979 0.00190962748448 77.7563894919
92.1 0.382280218823 0.00190271102717 77.532499584
92.2 0.381965943263 0.00189582708542 77.3561901027
92.3 0.381793680923 0.00188897547134 77.2090698987
92.4 0.381782536157 0.00188215599836 77.0948701338
92.5 0.381777206298 0.00187536848114 76.9821325641
92.6 0.381759751056 0.00186861273564 76.867238781
92.7 0.381740754067 0.00186188857908 76.752326275
92.8 0.38173435788 0.00185519582991 76.6402347169
92.9 0.381678582492 0.00184853430783 76.5185264265
93.0 0.381464724721 0.00184190383374 76.3654818645
93.1 0.381409402522 0.00183530422981 76.2445291195
93.2 0.381376770292 0.00182873531936 76.1284132841
93.3 0.381256708803 0.00182219692696 75.9951638864
93.4 0.381259888041 0.00181568887833 75.8867870739
93.5 0.381144366178 0.00180921100039 75.7550885462
93.6 0.380934225201 0.00180276312124 75.6049482565
93.7 0.38091587778 0.00179634507011 75.4932092889
93.8 0.380901434624 0.00178995667742 75.3825230164
93.9 0.380878626221 0.0017835977747 75.2704603931
94.0 0.380740033478 0.00177726819464 75.1358292524
94.1 0.380711355165 0.00177096777104 75.0232025229
94.2 0.380702265426 0.00176469633883 74.9147122015
94.3 0.380681365878 0.00175845373404 74.8041710526
94.4 0.380596326705 0.0017522397938 74.6813197474
94.5 0.380148892633 0.00174605435633 74.4877696064
94.6 0.37987898679 0.00173989726094 74.3294659124
94.7 0.379682330779 0.00173376834801 74.1858845049
94.8 0.379549752891 0.00172766745899 74.0551737111
94.9 0.379454236931 0.00172159443638 73.9320154892
95.0 0.379374841291 0.00171554912373 73.8123036481
95.1 0.379294104788 0.00170953136565 73.6926313204
95.2 0.379056937607 0.00170354100775 73.542908723
95.3 0.378861878181 0.00169757789671 73.4017281735
95.4 0.378722914872 0.00169164188018 73.2717602714
95.5 0.378728690872 0.00168573280686 73.1700838582
95.6 0.378713609521 0.00167985052642 73.0646319006
95.7 0.378474553706 0.00167399488955 72.9162882219
95.8 0.378141783488 0.00166816574792 72.7502935504
95.9 0.378010673195 0.00166236295417 72.6234694709
96.0 0.377684109234 0.00165658636192 72.4594652059
96.1 0.377348158069 0.00165083582576 72.2940839332
96.2 0.377265883469 0.00164511120122 72.1776604422
96.3 0.37712839734 0.00163941234479 72.0509771058
96.4 0.376928341639 0.00163373911391 71.9126730852
96.5 0.376660215713 0.00162809136694 71.7617490004
96.6 0.37648073666 0.00162246896319 71.6280741033
96.7 0.376147585882 0.00161687176287 71.4655380226
96.8 0.37614569535 0.00161129962711 71.3662671419
96.9 0.376124674419 0.00160575241795 71.263611471
97.0 0.376110315802 0.00160022999834 71.1624653483
97.1 0.376100359862 0.00159473223211 71.0623957497
97.2 0.375974300851 0.00158925898397 70.9406607828
97.3 0.375649485006 0.00158381011954 70.781776071
97.4 0.375280940102 0.00157838550528 70.6150660519
97.5 0.375092578843 0.00157298500855 70.4826380698
97.6 0.374955374502 0.00156760849754 70.3601394252
97.7 0.374945364313 0.00156225584131 70.2617782547
97.8 0.374941059896 0.00155692690977 70.1647207898
97.9 0.37479354149 0.00155162157366 70.0411318289
98.0 0.374622796574 0.00154633970458 69.9135128614
98.1 0.37455149888 0.00154108117492 69.8047431626
98.2 0.374363294436 0.00153584585792 69.6744791511
98.3 0.374159749168 0.00153063362764 69.5416860281
98.4 0.37406154244 0.00152544435894 69.4287733727
98.5 0.373923250726 0.00152027792747 69.3087052313
98.6 0.373919004276 0.00151513420971 69.2137430838
98.7 0.373913088248 0.00151001308292 69.1186976813
98.8 0.373869916345 0.00150491442512 69.0170002279
98.9 0.373765793087 0.00149983811516 68.9043096139
99.0 0.373683251949 0.00149478403263 68.795865218
99.1 0.373605618289 0.0014897520579 68.6885843107
99.2 0.373457880307 0.0014847420721 68.5686898174
99.3 0.373158761487 0.00147975395712 68.4213303323
99.4 0.373022192926 0.00147478759561 68.3041010282
99.5 0.372880916702 0.00146984287095 68.1862950563
99.6 0.372683163181 0.00146491966728 68.0584608859
99.7 0.372524588298 0.00146001786947 67.9380840994
99.8 0.372248077958 0.0014551373631 67.7965201007
99.9 0.371743661199 0.00145027803452 67.6138524702
100.0 0.371720241992 0.00144543977075 67.5190114649
100.1 0.371709082587 0.00144062245955 67.4266174545
100.2 0.371692624149 0.0014358259894 67.3334799254
100.3 0.371481180729 0.00143105024946 67.2052855985
100.4 0.371317868807 0.00142629512961 67.0860988833
100.5 0.371204922015 0.0014215605204 66.9762869616
100.6 0.371172489781 0.0014168463131 66.8812451581
100.7 0.371174207854 0.00141215239963 66.7925714687
100.8 0.371162238129 0.00140747867262 66.7016436528
100.9 0.371073151469 0.00140282502535 66.5970871007
101.0 0.370982536725 0.00139819135179 66.4925042454
101.1 0.370891871602 0.00139357754655 66.3881598539
101.2 0.370737417414 0.00138898350491 66.2726592728
101.3 0.37063283887 0.00138440912282 66.166338645
101.4 0.370470881056 0.00137985429687 66.0500396281
101.5 0.370320488734 0.00137531892427 65.936077607
101.6 0.370017648585 0.00137080290292 65.7952792192
101.7 0.369840644176 0.00136630613131 65.677168944
101.8 0.369667932807 0.00136182850858 65.5601019757
101.9 0.369533055019 0.0013573699345 65.4500149218
102.0 0.369405311467 0.00135293030947 65.3414502639
102.1 0.369154451238 0.00134850953448 65.2113932563
102.2 0.369057867115 0.00134410751117 65.1088659772
102.3 0.369063560128 0.00133972414175 65.0245988531
102.4 0.368992561717 0.00133535932906 64.9270294919
102.5 0.368751628099 0.00133101297653 64.7998246812
102.6 0.368577190066 0.00132668498821 64.6845938149
102.7 0.368268891982 0.0013223752687 64.5461740529
102.8 0.36825609657 0.00131808372322 64.4598121879
102.9 0.368251791645 0.00131381025756 64.3751316677
103.0 0.368242754931 0.00130955477809 64.2898176436
103.1 0.36822875333 0.00130531719176 64.2038320695
103.2 0.368175548797 0.0013010974061 64.1112157422
103.3 0.368068150839 0.00129689532917 64.0093876476
103.4 0.367773859479 0.00129271086964 63.8753362627
103.5 0.367420107605 0.00128854393671 63.7312908949
103.6 0.367252732773 0.00128439444014 63.6198774045
103.7 0.367010141646 0.00128026229024 63.4957117585
103.8 0.366926609062 0.00127614739789 63.3993226133
103.9 0.366936611361 0.00127204967447 63.3192958007
104.0 0.366913435666 0.00126796903193 63.233730571
104.1 0.366739901845 0.00126390538275 63.1224796355
104.2 0.366601071425 0.00125985863995 63.0174536318
104.3 0.366302506713 0.00125582871706 62.8852484963
104.4 0.366089424942 0.00125181552814 62.7680128371
104.5 0.365977575276 0.00124781898778 62.6683860772
104.6 0.365802341631 0.00124383901109 62.558148689
104.7 0.365572885539 0.00123987551367 62.4389063126
104.8 0.365388636992 0.00123592841164 62.3276543135
104.9 0.365241493872 0.00123199762166 62.2229819542
105.0 0.365205665865 0.00122808306083 62.1374905222
105.1 0.365213837054 0.00122418464681 62.0596680221
105.2 0.365042597766 0.00122030229772 61.9515703027
105.3 0.36495078364 0.00121643593217 61.857184279
105.4 0.364882170843 0.00121258546929 61.7669402896
105.5 0.364864574321 0.00120875082866 61.6855251963
105.6 0.364855570743 0.00120493193037 61.6057423559
105.7 0.364851450323 0.00120112869498 61.5269600749
105.8 0.364829796073 0.0011973410435 61.445399149
105.9 0.364637696241 0.00119356889746 61.3353491004
106.0 0.364017962631 0.00118981217882 61.1537113763
106.1 0.363604869553 0.00118607081003 61.0071785732
106.2 0.363528092081 0.00118234471398 60.9173480546
106.3 0.363289499063 0.00117863381404 60.8006376884
106.4 0.363155483826 0.00117493803403 60.701676959
106.5 0.363166853578 0.00117125729821 60.6272114046
106.6 0.363123592795 0.00116759153131 60.5438001003
106.7 0.362863228778 0.00116394065849 60.4244216994
106.8 0.362808860044 0.00116030460537 60.339578167
106.9 0.362823422875 0.00115668329799 60.2663729992
107.0 0.362750693692 0.00115307666285 60.1788457455
107.1 0.362324192554 0.00114948462688 60.0328976356
107.2 0.361758697891 0.00114590711742 59.8642896397
107.3 0.361668713962 0.00114234406226 59.774668802
107.4 0.36137093322 0.00113879538961 59.6509472022
107.5 0.360977408487 0.00113526102811 59.5117257967
107.6 0.360765106497 0.0011317409068 59.4026672856
107.7 0.360433718965 0.00112823495517 59.2742727921
107.8 0.360318448858 0.00112474310309 59.1816710511
107.9 0.35995384688 0.00112126528087 59.048374596
108.0 0.359822772302 0.00111780141919 58.9536470442
108.1 0.359728976935 0.00111435144919 58.8652315521
108.2 0.359533694032 0.00111091530237 58.7604254392
108.3 0.359316778142 0.00110749291065 58.6523245446
108.4 0.359053447761 0.00110408420634 58.5369010632
108.5 0.358783759796 0.00110068912214 58.4207047211
108.6 0.35870348588 0.00109730759116 58.3355766643
108.7 0.358625247439 0.0010939395469 58.2509665372
108.8 0.358099074766 0.00109058492321 58.093874629
108.9 0.35803519007 0.00108724365438 58.0120508836
109.0 0.357913881214 0.00108391567504 57.9211130601
109.1 0.357836655336 0.00108060092021 57.837501545
109.2 0.357300447085 0.00107729932529 57.6799782886
109.3 0.357035780938 0.00107401082606 57.5666011863
109.4 0.356961004704 0.00107073535867 57.4840591845
109.5 0.356974013505 0.00106747285963 57.4158166584
109.6 0.356903313681 0.00106422326582 57.3342718971
109.7 0.356504838893 0.00106098651449 57.2003138936
109.8 0.355961430205 0.00105776254324 57.0434352165
109.9 0.355429685283 0.00105455129005 56.8887843117
110.0 0.35505698524 0.00105135269325 56.7599137831
110.1 0.35496374092 0.0010481666915 56.6759553275
110.2 0.354708381156 0.00104499322385 56.5663267171
110.3 0.354396576364 0.00104183222967 56.4479526867
110.4 0.354193825807 0.0010386836487 56.3471937876
110.5 0.35392416616 0.00103554742101 56.2360267729
110.6 0.353549647693 0.00103242348702 56.1084669559
110.7 0.353262358465 0.00102931178749 55.9950215482
110.8 0.352909661631 0.00102621226352 55.8714745492
110.9 0.3526962481 0.00102312485654 55.7702295375
111.0 0.352397236303 0.00102004950833 55.6556893422
111.1 0.35214148943 0.00101698616098 55.5482295906
111.2 0.351878920002 0.00101393475692 55.4399333459
111.3 0.351841145086 0.00101089523892 55.3672520284
111.4 0.351422417017 0.00100786755005 55.2348488266
111.5 0.35124810095 0.00100485163372 55.1411128339
111.6 0.351244926676 0.00100184743366 55.0744163394
111.7 0.351067798475 0.000998854893923 54.9806168279
111.8 0.350668091306 0.000995873958866 54.8522057975
111.9 0.350496091063 0.000992904573169 54.7596579751
112.0 0.350148503544 0.000989946681825 54.6399116265
112.1 0.349706803359 0.000987000230136 54.5057631258
112.2 0.349432485878 0.000984065163713 54.3979725521
112.3 0.349357055109 0.000981141428475 54.3213442655
112.4 0.348793175585 0.000978228970645 54.1690209215
112.5 0.348060956572 0.000975327736747 53.9909281419
112.6 0.348062014208 0.000972437673609 53.9268496273
112.7 0.347776955548 0.000969558728355 53.8186274751
112.8 0.347422039705 0.000966690848408 53.6998454992
112.9 0.34682830402 0.000963833981484 53.5444564289
113.0 0.346554632368 0.000960988075594 53.4387705818
113.1 0.345936839446 0.000958153079038 53.2803153605
113.2 0.345670339519 0.000955328940408 53.1762574329
113.3 0.345645950598 0.000952515608581 53.109627832
113.4 0.345204263717 0.00094971303272 52.9790933865
113.5 0.344958586952 0.000946921162272 52.8788948233
113.6 0.344512663571 0.000944139946966 52.7482541811
113.7 0.344146142094 0.000941369336812 52.6300456582
113.8 0.343506729593 0.000938609282095 52.4704129948
113.9 0.34324644327 0.00093585973338 52.3689805261
114.0 0.343205264732 0.000933120641505 52.3011579761
114.1 0.342903015247 0.000930391957581 52.1937384006
114.2 0.342629045158 0.000927673632989 52.0908519896
114.3 0.342282693087 0.000924965619383 51.9771970332
114.4 0.341924051415 0.00092226786868 51.8619261007
114.5 0.341783839892 0.000919580333067 51.7799988653
114.6 0.341434326206 0.000916902964992 51.6665731409
114.7 0.341054500835 0.000914235717168 51.5488129866
114.8 0.340706426818 0.000911578542567 51.4361033005
114.9 0.340338981757 0.000908931394423 51.3207176501
115.0 0.339853147457 0.000906294226223 51.1877516653
115.1 0.339611267537 0.000903666991716 51.0917785455
115.2 0.339372663836 0.000901049644899 50.996503388
115.3 0.339056620853 0.000898442140026 50.8898090883
115.4 0.338635340767 0.0008958444316 50.7675681308
115.5 0.338081294143 0.000893256474376 50.625712364
115.6 0.337759691986 0.000890678223353 50.5189349694
115.7 0.33736048685 0.000888109633779 50.4007939441
115.8 0.337228130179 0.000885550661147 50.3227294755
115.9 0.337055714013 0.000883001261192 50.2388574363
116.0 0.336684234042 0.000880461389891 50.1255254884
116.1 0.336508507227 0.000877931003462 50.0415482062
116.2 0.336177311923 0.000875410058359 49.9346548852
116.3 0.33604232228 0.000872898511277 49.8571011452
116.4 0.335852282296 0.000870396319144 49.7715509662
116.5 0.335666542103 0.000867903439123 49.6868172885
116.6 0.335425623584 0.000865419828609 49.5941033006
116.7 0.335359312109 0.00086294544523 49.527372321
116.8 0.334960472345 0.000860480246841 49.4117249215
116.9 0.334790853716 0.000858024191528 49.330100913
117.0 0.334610708702 0.000855577237603 49.2470981457
117.1 0.334088744751 0.000853139343602 49.1140184897
117.2 0.333511108529 0.000850710468287 48.9730517945
117.3 0.333438754594 0.000848290570642 48.9065021818
117.4 0.333394857974 0.000845879609873 48.8442574286
117.5 0.332866863699 0.000843477545405 48.7112962677
117.6 0.332442352606 0.00084108433688 48.5937483086
117.7 0.331885025274 0.000838699944161 48.4570600259
117.8 0.331170428061 0.000836324327324 48.2977305457
117.9 0.330505721989 0.000833957446659 48.1460151266
118.0 0.330103999004 0.000831599262672 48.0328946599
118.1 0.33011146504 0.000829249736079 47.9794880013
118.2 0.329661526154 0.000826908827806 47.8597813623
118.3 0.329057972557 0.000824576498988 47.7180539397
118.4 0.328663062479 0.000822252710971 47.6068537296
118.5 0.327914146092 0.000819937425303 47.4446696364
118.6 0.327159537193 0.000817630603741 47.2820138511
118.7 0.32662775972 0.000815332208244 47.1518777788
118.8 0.32630931926 0.000813042200976 47.0527824952
118.9 0.325964853399 0.000810760544299 46.9501467834
119.0 0.325672730762 0.00080848720078 46.8552577735
119.1 0.325526127635 0.00080622213318 46.7814798275
119.2 0.325368319246 0.000803965304462 46.7062441996
119.3 0.325185136182 0.000801716677783 46.6275241617
119.4 0.324835375179 0.000799476216497 46.5251074429
119.5 0.32413431459 0.000797243884151 46.3726464178
119.6 0.32329166645 0.000795019644487 46.2002784593
119.7 0.322914728834 0.000792803461437 46.0947598894
119.8 0.322308583181 0.000790595299125 45.9567807428
119.9 0.321900658824 0.000788395121862 45.8473274003
120.0 0.321179748589 0.00078620289415 45.6935760697
120.1 0.320265873028 0.000784018580678 45.5127311424
120.2 0.319566950418 0.00078184214632 45.362787702
120.3 0.318723497587 0.000779673556136 45.1926705846
120.4 0.318001587112 0.000777512775368 45.0401324578
120.5 0.317609104831 0.000775359769443 44.9345260107
120.6 0.317205409372 0.000773214503967 44.8275554457
120.7 0.316772113092 0.00077107694473 44.71662975
120.8 0.316336268983 0.000768947057698 44.6055768484
120.9 0.315892835891 0.000766824809017 44.4936872259
121.0 0.315357750762 0.000764710165009 44.3691365542
121.1 0.314604504944 0.000762603092174 44.2141875755
121.2 0.314309205728 0.000760503557187 44.1238555957
121.3 0.313495552854 0.000758411526894 43.961021496
121.4 0.313131456981 0.000756326968317 43.8615043124
121.5 0.312578282407 0.000754249848648 43.7357372731
121.6 0.312210085827 0.000752180135253 43.636087333
121.7 0.312035915951 0.000750117795664 43.5637316593
121.8 0.311679884978 0.000748062797584 43.4661598312
121.9 0.31125714359 0.000746015108884 43.3594960673
122.0 0.311064084037 0.0007439746976 43.2850138262
122.1 0.31089583163 0.000741941531935 43.2141299495
122.2 0.310824246426 0.000739915580258 43.1568101825
122.3 0.310223220705 0.0007378968111 43.026172487
122.4 0.309920117782 0.000735885193155 42.9370826021
122.5 0.309099289964 0.00073388069528 42.7765261175
122.6 0.308953063232 0.000731883286491 42.7095641541
122.7 0.308681596204 0.000729892935967 42.625441206
122.8 0.308035016404 0.000727909613043 42.4897465919
122.9 0.307321403312 0.000725933287213 42.3450986124
123.0 0.306846213179 0.000723963928128 42.233568913
123.1 0.306628474503 0.000722001505597 42.1576656794
123.2 0.30614090274 0.000720045989582 42.0448564489
123.3 0.305376435632 0.000718097350199 41.8942927417
123.4 0.304904327899 0.000716155557719 41.7841083443
123.5 0.304617488678 0.000714220582565 41.6995121624
123.6 0.303738396052 0.000712292395311 41.5341004069
123.7 0.30331632066 0.000710370966682 41.4314607703
123.8 0.302802578288 0.000708456267553 41.316523252
123.9 0.302346137377 0.000706548268949 41.2096321721
124.0 0.302006338549 0.000704646942039 41.1188409157
124.1 0.301472245674 0.000702752258144 41.0018084924
124.2 0.300672561556 0.000700864188729 40.8489335803
124.3 0.300109770683 0.000698982705404 40.7285254141
124.4 0.29963981645 0.000697107779923 40.6209500656
124.5 0.299015829393 0.000695239384187 40.4927351445
124.6 0.298199380816 0.000693377490237 40.3387489134
124.7 0.29760647908 0.000691522070256 40.2152893863
124.8 0.297400408175 0.000689673096569 40.1442991145
124.9 0.296982311878 0.000687830541642 40.0448600596
125.0 0.296740015645 0.000685994378079 39.9693017949
125.1 0.296410190857 0.000684164578623 39.8821167078
125.2 0.296092068228 0.000682341116156 39.7966794436
125.3 0.29505900728 0.000680523963697 39.6154237533
125.4 0.294185878284 0.000678713094399 39.4559938029
125.5 0.293616801566 0.000676908481554 39.3376285297
125.6 0.293197775578 0.000675110098586 39.2395861481
125.7 0.29263885888 0.000673317919053 39.1230393609
125.8 0.292029040567 0.000671531916649 38.9999317094
125.9 0.291641510144 0.000669752065197 38.9067293674
126.0 0.291177861181 0.000667978338652 38.8035701681
126.1 0.29100010828 0.000666210711103 38.7386782445
126.2 0.290739639783 0.000664449156764 38.6629133801
126.3 0.290444835314 0.000662693649984 38.5827369962
126.4 0.289777519963 0.000660944165235 38.4532876021
126.5 0.288527387241 0.000659200677122 38.2468438583
126.6 0.288021184986 0.000657463160372 38.1393363053
126.7 0.287326277784 0.000655731589842 38.007083661
126.8 0.287058270373 0.000654005940514 37.9315096786
126.9 0.286556568971 0.000652286187494 37.8252371016
127.0 0.28595027708 0.000650572306012 37.705386739
127.1 0.28548746249 0.000648864271422 37.6046773481
127.2 0.284822380145 0.0006471620592 37.4775546567
127.3 0.284325235364 0.000645465644947 37.3727633148
127.4 0.284041222024 0.000643775004381 37.2961671829
127.5 0.283821451663 0.000642090113343 37.2281481425
127.6 0.283415125295 0.000640410947794 37.1358171131
127.7 0.28276680637 0.000638737483813 37.0119944642
127.8 0.281777752281 0.000637069697599 36.8438682273
127.9 0.281385499655 0.000635407565469 36.7540369878
128.0 0.280705699137 0.000633751063855 36.6268639141
128.1 0.279616244511 0.000632100169307 36.4465503341
128.2 0.27924517931 0.000630454858492 36.3601440212
128.3 0.278687521676 0.00062881510819 36.249637501
128.4 0.278026596793 0.000627180895296 36.1259333158
128.5 0.277662076291 0.000625552196822 36.0409508174
128.6 0.276861268947 0.000623928989888 35.8995637593
128.7 0.275721562423 0.000622311251731 35.714563123
128.8 0.274723863654 0.000620698959697 35.5483128205
128.9 0.273636942079 0.000619092091246 35.3708652101
129.0 0.272690505838 0.000617490623946 35.2119170222
129.1 0.271977407861 0.000615894535477 35.0833882591
129.2 0.271448112409 0.000614303803627 34.9788012448
129.3 0.270638400722 0.000612718406294 34.8383244234
129.4 0.269978535543 0.000611138321484 34.7173982214
129.5 0.269299996799 0.000609563527311 34.5943139651
129.6 0.267875471737 0.000607994001993 34.3757443462
129.7 0.267054617497 0.000606429723859 34.2350043662
129.8 0.266260238265 0.00060487067134 34.0979360896
129.9 0.265441276578 0.000603316822975 33.9579964746
130.0 0.265039557074 0.000601768157404 33.871659043
130.1 0.264430903162 0.000600224653375 33.7590716212
130.2 0.263783562951 0.000598686289737 33.641772931
130.3 0.263143983983 0.000597153045443 33.5256952208
130.4 0.262836343839 0.000595624899547 33.4520940324
130.5 0.26226368705 0.000594101831204 33.3449400424
130.6 0.261160897793 0.000592583819674 33.1706635918
130.7 0.260730880477 0.000591070844313 33.08209831
130.8 0.260020813334 0.00058956288458 32.9582087006
130.9 0.259479695686 0.000588059920032 32.8559567051
131.0 0.258950586421 0.000586561930324 32.7554240912
131.1 0.258095245078 0.000585068895212 32.6138643645
131.2 0.257499252858 0.000583580794547 32.5053239296
131.3 0.256781026265 0.00058209760828 32.3815819216
131.4 0.256286252759 0.000580619316455 32.2862336826
131.5 0.255853747276 0.000579145899215 32.1989075656
131.6 0.255124075585 0.000577677336798 32.0743908056
131.7 0.254419908652 0.000576213609537 31.9533221491
131.8 0.253527136571 0.000574754697859 31.8088278444
131.9 0.252656436798 0.000573300582285 31.6673852127
132.0 0.252183421926 0.00057185124343 31.5760157245
132.1 0.251734898731 0.000570406662001 31.487886813
132.2 0.251091223554 0.0005689668188 31.3755427436
132.3 0.250775393499 0.000567531694717 31.3043429927
132.4 0.250215300463 0.000566101270737 31.2028186438
132.5 0.249439921171 0.000564675527934 31.0746716043
132.6 0.248851783283 0.000563254447472 30.9700779914
132.7 0.247804372216 0.000561838010607 30.8085878331
132.8 0.246988893098 0.000560426198683 30.6762216639
132.9 0.246283812474 0.000559018993133 30.5578121928
133.0 0.245646562722 0.000557616375477 30.4480410636
133.1 0.244927365785 0.000556218327327 30.3283358917
133.2 0.244628860992 0.000554824830378 30.2609038726
133.3 0.243493243776 0.000553435866414 30.0901518301
133.4 0.242421851808 0.000552051417306 29.9276638216
133.5 0.241183986264 0.000550671465011 29.7449632604
133.6 0.240322042762 0.000549295991569 29.6089370736
133.7 0.239846044928 0.000547924979109 29.520678811
133.8 0.239252923445 0.000546558409842 29.4181884153
133.9 0.2380938324 0.000545196266064 29.2463744693
134.0 0.237494086432 0.000543838530153 29.1435353719
134.1 0.236896414576 0.000542485184574 29.0411486254
134.2 0.235967972597 0.000541136211871 28.8984502954
134.3 0.235575176699 0.000539791594672 28.8215632378
134.4 0.23474816494 0.000538451315688 28.6917507868
134.5 0.233760769203 0.000537115357708 28.5426065312
134.6 0.233238690334 0.000535783703605 28.4505114413
134.7 0.23296623713 0.000534456336333 28.389011502
134.8 0.232477182356 0.000533133238923 28.3012580841
134.9 0.231734089359 0.000531814394489 28.1827765337
135.0 0.230775759106 0.000530499786221 28.0383725792
135.1 0.229573555777 0.00052918939739 27.8646477449
135.2 0.228810192458 0.000527883211346 27.7444719633
135.3 0.228069261331 0.000526581211515 27.6272445866
135.4 0.227664525121 0.000525283381402 27.5509270954
135.5 0.227143188457 0.000523989704587 27.4606571666
135.6 0.226454711522 0.00052270016473 27.3503722043
135.7 0.224599518447 0.000521414745564 27.0995256427
135.8 0.22286100571 0.0005201334309 26.863231723
135.9 0.221802933532 0.000518856204625 26.7093351554
136.0 0.220543204913 0.000517583050698 26.5314758092
136.1 0.219841638612 0.000516313953155 26.4210412251
136.2 0.219509192954 0.000515048896106 26.3551354697
136.3 0.219014375928 0.000513787863735 26.2698770224
136.4 0.218263991908 0.000512530840298 26.1541555112
136.5 0.217900318353 0.000511277810127 26.0849480379
136.6 0.217413288126 0.000510028757623 26.001117339
136.7 0.216808865967 0.000508783667262 25.9034191084
136.8 0.216473359074 0.000507542523591 25.838003325
136.9 0.215548834604 0.000506305311227 25.7024736534
137.0 0.214830594838 0.000505072014862 25.5917765415
137.1 0.214222122253 0.000503842619255 25.4943528367
137.2 0.213940906076 0.000502617109236 25.4360216269
137.3 0.213194942851 0.000501395469707 25.3225969648
137.4 0.212296127825 0.000500177685638 25.1912498374
137.5 0.211333493536 0.000498963742068 25.0525871086
137.6 0.210256673326 0.000497753624106 24.9006653308
137.7 0.20920848013 0.000496547316928 24.7524201671
137.8 0.208548306556 0.000495344805781 24.650321059
137.9 0.207972932266 0.000494146075975 24.5584279173
138.0 0.206963376505 0.000492951112893 24.4154868882
138.1 0.206224304702 0.00049175990198 24.3046954073
138.2 0.205501571078 0.000490572428752 24.1960366015
138.3 0.204425732377 0.000489388678788 24.0460477403
138.4 0.203886585415 0.000488208637735 23.9594120136
138.5 0.202859973395 0.000487032291305 23.8157099188
138.6 0.202084059633 0.000485859625275 23.7016834312
138.7 0.201277297933 0.000484690625488 23.5842570545
138.8 0.200677502225 0.00048352527785 23.4912791822
138.9 0.199940535877 0.000482363568332 23.3824334255
139.0 0.199032721407 0.000481205482971 23.2538310563
139.1 0.198519159075 0.000480051007863 23.1714886928
139.2 0.197939866658 0.000478900129172 23.0816346315
139.3 0.197646444039 0.000477752833122 23.0252509985
139.4 0.197381449629 0.000476609106 22.9722789598
139.5 0.196669434826 0.000475468934157 22.8674266952
139.6 0.195958353702 0.000474332304004 22.7628787832
139.7 0.195128161943 0.000473199202015 22.6447032322
139.8 0.194379684324 0.000472069614723 22.5362227613
139.9 0.193400165405 0.000470943528725 22.4011837156
140.0 0.192148002897 0.000469820930677 22.2348483206
140.1 0.190813574183 0.000468701807295 22.0593153516
140.2 0.189961969232 0.000467586145357 21.9398770149
140.3 0.188973252348 0.000466473931697 21.8048409144
140.4 0.18749327786 0.000465365153212 21.6134273842
140.5 0.186469333573 0.000464259796857 21.4748929812
140.6 0.185645448377 0.000463157849646 21.3596356384
140.7 0.185238710225 0.000462059298649 21.2925424572
140.8 0.184198393161 0.000460964130998 21.1528136754
140.9 0.183200903446 0.00045987233388 21.0182592379
141.0 0.182129951849 0.000458783894541 20.8755355482
141.1 0.181156411656 0.000457698800285 20.7442326841
141.2 0.18068362157 0.000456617038469 20.6704607499
141.3 0.179904111312 0.000455538596512 20.5617680371
141.4 0.178856150296 0.000454463461886 20.422623645
141.5 0.177598377727 0.00045339162212 20.2598035087
141.6 0.176583346973 0.000452323064799 20.1249517929
141.7 0.17555502639 0.000451257777563 19.9888373044
141.8 0.175194693467 0.000450195748107 19.9289612273
141.9 0.174607217078 0.000449136964182 19.8433797922
142.0 0.174132408432 0.000448081413592 19.770747489
142.1 0.173888229501 0.000447029084198 19.7244083563
142.2 0.172745657517 0.000445979963913 19.5763420078
142.3 0.171307922216 0.000444934040703 19.3951322595
142.4 0.170404828167 0.000443891302591 19.2747331455
142.5 0.169726750374 0.000442851737649 19.1799840643
142.6 0.168400296166 0.000441815334005 19.0122077291
142.7 0.167202359449 0.000440782079839 18.8592380178
142.8 0.166260140775 0.000439751963382 18.7353672242
142.9 0.165389391781 0.00043872497292 18.6197706626
143.0 0.164900752861 0.000437701096788 18.5473647256
143.1 0.163332869881 0.000436680323375 18.353814913
143.2 0.162401858625 0.000435662641119 18.2321218718
143.3 0.161601152528 0.000434648038512 18.1252674129
143.4 0.160192347713 0.000433636504093 17.9504676542
143.5 0.158958480849 0.000432628026456 17.7955747939
143.6 0.157771418793 0.000431622594241 17.6462019675
143.7 0.156946087159 0.000430620196142 17.5375243667
143.8 0.15647546606 0.0004296208209 17.4686446523
143.9 0.15588448212 0.000428624457307 17.3864647604
144.0 0.155076726672 0.000427631094204 17.2802789966
144.1 0.154339381818 0.000426640720481 17.1821254726
144.2 0.153102627733 0.000425653325076 17.0286045361
144.3 0.152270511665 0.000424668896976 16.9203283842
144.4 0.150908216396 0.000423687425218 16.7533904916
144.5 0.150055814937 0.000422708898885 16.6433129217
144.6 0.149441708694 0.000421733307109 16.5598415132
144.7 0.148658003295 0.000420760639068 16.4577449471
144.8 0.147684230731 0.000419790883989 16.3348110902
144.9 0.146314733984 0.000418824031146 16.1683718779
145.0 0.144884040697 0.000417860069859 15.9954804968
145.1 0.143817722295 0.000416898989495 15.8630954601
145.2 0.142661543115 0.000415940779467 15.7210487854
145.3 0.142057861703 0.000414985429235 15.6400887852
145.4 0.140840445532 0.000414032928304 15.4917667522
145.5 0.140272230244 0.000413083266226 15.415057713
145.6 0.13923168112 0.000412136432598 15.2866276958
145.7 0.13820479021 0.00041119241706 15.1599287686
145.8 0.137222759043 0.000410251209301 15.038375649
145.9 0.136068407519 0.000409312799051 14.898175122
146.0 0.134543491275 0.000408377176087 14.7176926836
146.1 0.133259049206 0.000407444330229 14.5638194056
146.2 0.131772449646 0.000406514251343 14.3881515719
146.3 0.130660632051 0.000405586929336 14.2536871285
146.4 0.130425993863 0.000404662354161 14.2150691277
146.5 0.129396708598 0.000403740515813 14.0899897272
146.6 0.127708242311 0.000402821404332 13.8934234142
146.7 0.126403547519 0.000401905009799 13.7389256746
146.8 0.12547254874 0.000400991322339 13.6252873319
146.9 0.124659805671 0.000400080332119 13.5246832671
147.0 0.123632180736 0.000399172029349 13.4009678489
147.1 0.122164810402 0.00039826640428 13.2298526713
147.2 0.120812105529 0.000397363447207 13.0714525867
147.3 0.119469829466 0.000396463148466 12.9144652203
147.4 0.118183512617 0.000395565498432 12.763804098
147.5 0.11610582359 0.000394670487525 12.5280235258
147.6 0.115110676938 0.000393778106203 12.4093705469
147.7 0.113916005148 0.000392888344968 12.2694401604
147.8 0.112402343708 0.000392001194361 12.0954349241
147.9 0.110726993372 0.000391116644962 11.9043590792
148.0 0.109566821067 0.000390234687395 11.7689637932
148.1 0.107614526699 0.000389355312321 11.5488033286
148.2 0.106207614489 0.000388478510443 11.387514041
148.3 0.104877987777 0.000387604272501 11.2347928163
148.4 0.103930344815 0.000386732589278 11.123227119
148.5 0.102705517278 0.000385863451593 10.982221289
148.6 0.101162917827 0.000384996850307 10.8075189708
148.7 0.0999278864963 0.000384132776318 10.6659579768
148.8 0.098766165172 0.000383271220564 10.5324675023
148.9 0.09764583003 0.00038241217402 10.403624542
149.0 0.0968690647882 0.000381555627701 10.3115836983
149.1 0.0957063470572 0.000380701572659 10.1786589292
149.2 0.0942298635169 0.000379849999985 10.0126308131
149.3 0.0932141720647 0.000379000900808 9.89581729001
149.4 0.0918388611169 0.000378154266292 9.74106750189
149.5 0.0904106283148 0.000377310087641 9.58098484635
149.6 0.0893894790654 0.000376468356097 9.46428772896
149.7 0.0880034554692 0.000375629062936 9.30920033967
149.8 0.0871844896275 0.000374792199474 9.21431942884
149.9 0.0857777475953 0.00037395775706 9.05754111455
150.0 0.0848879932368 0.000373125727084 8.95558259885
150.1 0.0837846949783 0.00037229610097 8.83129575636
150.2 0.0828643197206 0.000371468870177 8.72649257682
150.3 0.081952439803 0.000370644026202 8.6227683208
150.4 0.0802735425958 0.000369821560577 8.43859595157
150.5 0.0788541220551 0.00036900146487 8.28200245448
150.6 0.0777498836354 0.000368183730684 8.15875983892
150.7 0.0762275740152 0.000367368349658 7.99190300282
150.8 0.0751237740813 0.000366555313465 7.86917972528
150.9 0.0732442816679 0.000365744613814 7.66549150711
151.0 0.0713528674901 0.000364936242448 7.46091660475
151.1 0.0699554195041 0.000364130191145 7.30830808746
151.2 0.0686360421464 0.000363326451719 7.16411743287
151.3 0.0673884967632 0.000362525016014 7.02767176548
151.4 0.0660985690165 0.000361725875913 6.88705020252
151.5 0.0646667093137 0.000360929023331 6.73190064455
151.6 0.0635420004753 0.000360134450215 6.60897056727
151.7 0.0621461790918 0.000359342148548 6.45808293602
151.8 0.0605118734816 0.000358552110346 6.28269951825
151.9 0.0581425355244 0.000357764327657 6.03137614469
152.0 0.0559659658466 0.000356978792565 5.8004736638
152.1 0.0544788687657 0.000356195497183 5.64137277368
152.2 0.0529238131364 0.00035541443366 5.47551984249
152.3 0.0511464878998 0.000354635594177 5.28698174319
152.4 0.0500023034291 0.000353858970946 5.16416392393
152.5 0.0486689478613 0.000353084556213 5.02204073586
152.6 0.0477032593662 0.000352312342255 4.91807154817
152.7 0.0459133073476 0.000351542321383 4.72937915103
152.8 0.0446821862782 0.000350774485938 4.59852957685
152.9 0.0438118254517 0.000350008828293 4.50500401448
153.0 0.0417433464457 0.000349245340852 4.28855129504
153.1 0.0404901455529 0.000348484016053 4.1561618008
153.2 0.0390627618792 0.000347724846363 4.00613946984
153.3 0.0376674725704 0.00034696782428 3.85966718207
153.4 0.0358130012089 0.000346212942334 3.66644014524
153.5 0.0342342351031 0.000345460193086 3.5017510208
153.6 0.0328110308132 0.000344709569127 3.35324672945
153.7 0.031378951214 0.000343961063079 3.20409441936
153.8 0.0300565233337 0.000343214667593 3.06638808276
153.9 0.0285265266052 0.000342470375352 2.90776301681
154.0 0.0278225633025 0.000341728179069 2.83353927913
154.1 0.0270407310825 0.000340988071486 2.75152052828
154.2 0.0262506657075 0.000340250045375 2.66880673336
154.3 0.0253861844886 0.000339514093538 2.57867704923
154.4 0.0242033202649 0.000338780208807 2.45639064609
154.5 0.0234827844149 0.000338048384043 2.38119678131
154.6 0.0223164462459 0.000337318612134 2.26096679929
154.7 0.0214683205212 0.000336590886002 2.17315605535
154.8 0.021034992963 0.000335865198594 2.12744897928
154.9 0.0196039284019 0.000335141542886 1.98099815894
155.0 0.0181373859324 0.000334419911886 1.83121814343
155.1 0.0174465912818 0.000333700298626 1.75995126547
155.2 0.0169541882032 0.000332982696171 1.70880286371
155.3 0.0158020338836 0.00033226709761 1.59130380799
155.4 0.0149876439249 0.000331553496063 1.50799142247
155.5 0.0141048712344 0.000330841884678 1.41794786385
155.6 0.0131052575593 0.000330132256629 1.31632330529
155.7 0.0126843995069 0.00032942460512 1.2729549531
155.8 0.0120035474496 0.000328718923381 1.20359143931
155.9 0.0113374724613 0.000328015204669 1.13582733125
156.0 0.0106715515193 0.000327313442271 1.06819481997
156.1 0.00998557366406 0.0003266136295 0.998672276214
156.2 0.00928049068637 0.000325915759694 0.927359710049
156.3 0.0089594480703 0.000325219826221 0.894511833202
156.4 0.00834283524736 0.000324525822474 0.832235597421
156.5 0.00770398709865 0.000323833741875 0.767849653688
156.6 0.00698410098914 0.000323143577869 0.695503659203
156.7 0.00645045721926 0.000322455323931 0.64181211104
156.8 0.00611106328812 0.00032176897356 0.607523283812
156.9 0.00577803487644 0.000321084520283 0.573925179268
157.0 0.00527535666633 0.000320401957651 0.523547581054
157.1 0.0051045561478 0.000319721279244 0.506164591808
157.2 0.0048447030396 0.000319042478665 0.479988265247
157.3 0.00419600326798 0.000318365549544 0.415364325528
157.4 0.0036122456508 0.000317690485536 0.357273500648
157.5 0.00353293845408 0.000317017280324 0.349132266641
157.6 0.00329881547487 0.000316345927613 0.325718601604
157.7 0.00282987940978 0.000315676421134 0.279179370848
157.8 0.002583326667 0.000315008754646 0.254639523314
157.9 0.00227122525712 0.000314342921929 0.223685595928
158.0 0.00224827377948 0.000313678916792 0.221237408703
158.1 0.00224570243916 0.000313016733065 0.220797102055
158.2 0.00220585706798 0.000312356364605 0.216695828071
158.3 0.00211480262967 0.000311697805292 0.207575111495
158.4 0.0018139826983 0.000311041049034 0.177898000558
158.5 0.00146984851053 0.000310386089758 0.144026770773
158.6 0.00119117628641 0.00030973292142 0.1166217725
158.7 0.00119226778983 0.000309081537998 0.116630085347
158.8 0.00100658910891 0.000308431933493 0.0983835351435
158.9 0.000926297363884 0.000307784101932 0.0904595181108
159.0 0.000806585100782 0.000307138037366 0.0787023885279
159.1 0.000793614080583 0.000306493733867 0.077371530521
159.2 0.000683918218995 0.000305851185533 0.0666208749628
159.3 0.000552233258717 0.000305210386484 0.0537481206409
159.4 0.000530074983789 0.000304571330865 0.0515481196496
159.5 0.000404504867138 0.000303934012844 0.0393037776714
159.6 0.000398189221839 0.000303298426609 0.038657636301
159.7 0.00039793402722 0.000302664566376 0.0386004487434
159.8 0.000334580004328 0.000302032426381 0.0324277613351
159.9 0.000265697469706 0.000301402000882 0.0257300328778
160.0 0.000265439166963 0.000300773284162 0.0256834932815
160.1 0.000243472508846 0.000300146270526 0.0235383171521
160.2 6.66825846699e-05 0.0002995209543 0.00644131478282
160.3 0.0 0.000298897329835 0.0
160.4 0.0 0.000298275391503 0.0
160.5 0.0 0.000297655133697 0.0
160.6 0.0 0.000297036550833 0.0
160.7 0.0 0.000296419637351 0.0
160.8 0.0 0.00029580438771 0.0
160.9 0.0 0.000295190796392 0.0
161.0 0.0 0.000294578857901 0.0
161.1 0.0 0.000293968566763 0.0
161.2 0.0 0.000293359917524 0.0
161.3 0.0 0.000292752904752 0.0
161.4 0.0 0.000292147523037 0.0
161.5 0.0 0.00029154376699 0.0
161.6 0.0 0.000290941631243 0.0
161.7 0.0 0.000290341110448 0.0
161.8 0.0 0.000289742199281 0.0
161.9 0.0 0.000289144892434 0.0
162.0 0.0 0.000288549184625 0.0
162.1 0.0 0.000287955070588 0.0
162.2 0.0 0.000287362545082 0.0
162.3 0.0 0.000286771602882 0.0
162.4 0.0 0.000286182238787 0.0
162.5 0.0 0.000285594447614 0.0
162.6 0.0 0.000285008224202 0.0
162.7 0.0 0.000284423563408 0.0
162.8 0.0 0.000283840460111 0.0
162.9 0.0 0.000283258909209 0.0
163.0 0.0 0.000282678905619 0.0
163.1 0.0 0.000282100444279 0.0
163.2 0.0 0.000281523520147 0.0
163.3 0.0 0.0002809481282 0.0
163.4 0.0 0.000280374263433 0.0
163.5 0.0 0.000279801920863 0.0
163.6 0.0 0.000279231095523 0.0
163.7 0.0 0.00027866178247 0.0
163.8 0.0 0.000278093976776 0.0
163.9 0.0 0.000277527673533 0.0
164.0 0.0 0.000276962867853 0.0
164.1 0.0 0.000276399554866 0.0
164.2 0.0 0.000275837729721 0.0
164.3 0.0 0.000275277387585 0.0
164.4 0.0 0.000274718523646 0.0
164.5 0.0 0.000274161133108 0.0
164.6 0.0 0.000273605211194 0.0
164.7 0.0 0.000273050753147 0.0
164.8 0.0 0.000272497754225 0.0
164.9 0.0 0.000271946209708 0.0
165.0 0.0 0.000271396114891 0.0
165.1 0.0 0.00027084746509 0.0
165.2 0.0 0.000270300255636 0.0
165.3 0.0 0.00026975448188 0.0
165.4 0.0 0.000269210139189 0.0
165.5 0.0 0.000268667222951 0.0
165.6 0.0 0.000268125728567 0.0
165.7 0.0 0.000267585651459 0.0
165.8 0.0 0.000267046987066 0.0
165.9 0.0 0.000266509730844 0.0
166.0 0.0 0.000265973878266 0.0
166.1 0.0 0.000265439424822 0.0
166.2 0.0 0.00026490636602 0.0
166.3 0.0 0.000264374697385 0.0
166.4 0.0 0.000263844414459 0.0
166.5 0.0 0.000263315512801 0.0
166.6 0.0 0.000262787987987 0.0
166.7 0.0 0.000262261835609 0.0
166.8 0.0 0.000261737051276 0.0
166.9 0.0 0.000261213630615 0.0
167.0 0.0 0.000260691569268 0.0
167.1 0.0 0.000260170862894 0.0
167.2 0.0 0.000259651507168 0.0
167.3 0.0 0.000259133497783 0.0
167.4 0.0 0.000258616830447 0.0
167.5 0.0 0.000258101500885 0.0
167.6 0.0 0.000257587504836 0.0
167.7 0.0 0.000257074838057 0.0
167.8 0.0 0.000256563496322 0.0
167.9 0.0 0.000256053475419 0.0
168.0 0.0 0.000255544771153 0.0
168.1 0.0 0.000255037379344 0.0
168.2 0.0 0.000254531295827 0.0
168.3 0.0 0.000254026516456 0.0
168.4 0.0 0.000253523037096 0.0
168.5 0.0 0.000253020853632 0.0
168.6 0.0 0.000252519961962 0.0
168.7 0.0 0.000252020357999 0.0
168.8 0.0 0.000251522037672 0.0
168.9 0.0 0.000251024996927 0.0
169.0 0.0 0.000250529231722 0.0
169.1 0.0 0.000250034738033 0.0
169.2 0.0 0.000249541511849 0.0
169.3 0.0 0.000249049549174 0.0
169.4 0.0 0.00024855884603 0.0
169.5 0.0 0.000248069398451 0.0
169.6 0.0 0.000247581202485 0.0
169.7 0.0 0.000247094254197 0.0
169.8 0.0 0.000246608549667 0.0
169.9 0.0 0.000246124084987 0.0
170.0 0.0 0.000245640856266 0.0
170.1 0.0 0.000245158859627 0.0
170.2 0.0 0.000244678091205 0.0
170.3 0.0 0.000244198547154 0.0
170.4 0.0 0.000243720223638 0.0
170.5 0.0 0.000243243116837 0.0
170.6 0.0 0.000242767222946 0.0
170.7 0.0 0.000242292538173 0.0
170.8 0.0 0.00024181905874 0.0
170.9 0.0 0.000241346780883 0.0
171.0 0.0 0.000240875700853 0.0
171.1 0.0 0.000240405814914 0.0
171.2 0.0 0.000239937119344 0.0
171.3 0.0 0.000239469610434 0.0
171.4 0.0 0.00023900328449 0.0
171.5 0.0 0.000238538137832 0.0
171.6 0.0 0.000238074166792 0.0
171.7 0.0 0.000237611367715 0.0
171.8 0.0 0.000237149736963 0.0
171.9 0.0 0.000236689270907 0.0
172.0 0.0 0.000236229965935 0.0
172.1 0.0 0.000235771818447 0.0
172.2 0.0 0.000235314824854 0.0
172.3 0.0 0.000234858981584 0.0
172.4 0.0 0.000234404285075 0.0
172.5 0.0 0.000233950731781 0.0
172.6 0.0 0.000233498318167 0.0
172.7 0.0 0.000233047040711 0.0
172.8 0.0 0.000232596895904 0.0
172.9 0.0 0.000232147880251 0.0
173.0 0.0 0.000231699990269 0.0
173.1 0.0 0.000231253222487 0.0
173.2 0.0 0.000230807573447 0.0
173.3 0.0 0.000230363039706 0.0
173.4 0.0 0.00022991961783 0.0
173.5 0.0 0.0002294773044 0.0
173.6 0.0 0.000229036096009 0.0
173.7 0.0 0.000228595989261 0.0
173.8 0.0 0.000228156980774 0.0
173.9 0.0 0.000227719067178 0.0
174.0 0.0 0.000227282245115 0.0
174.1 0.0 0.000226846511238 0.0
174.2 0.0 0.000226411862216 0.0
174.3 0.0 0.000225978294726 0.0
174.4 0.0 0.000225545805459 0.0
174.5 0.0 0.000225114391117 0.0
174.6 0.0 0.000224684048416 0.0
174.7 0.0 0.000224254774081 0.0
174.8 0.0 0.000223826564851 0.0
174.9 0.0 0.000223399417477 0.0
175.0 0.0 0.00022297332872 0.0
175.1 0.0 0.000222548295355 0.0
175.2 0.0 0.000222124314165 0.0
175.3 0.0 0.00022170138195 0.0
175.4 0.0 0.000221279495516 0.0
175.5 0.0 0.000220858651684 0.0
175.6 0.0 0.000220438847286 0.0
175.7 0.0 0.000220020079164 0.0
175.8 0.0 0.000219602344174 0.0
175.9 0.0 0.00021918563918 0.0
176.0 0.0 0.00021876996106 0.0
176.1 0.0 0.000218355306702 0.0
176.2 0.0 0.000217941673004 0.0
176.3 0.0 0.000217529056879 0.0
176.4 0.0 0.000217117455247 0.0
176.5 0.0 0.000216706865042 0.0
176.6 0.0 0.000216297283206 0.0
176.7 0.0 0.000215888706694 0.0
176.8 0.0 0.000215481132473 0.0
176.9 0.0 0.000215074557518 0.0
177.0 0.0 0.000214668978817 0.0
177.1 0.0 0.000214264393368 0.0
177.2 0.0 0.000213860798179 0.0
177.3 0.0 0.00021345819027 0.0
177.4 0.0 0.000213056566671 0.0
177.5 0.0 0.000212655924423 0.0
177.6 0.0 0.000212256260577 0.0
177.7 0.0 0.000211857572195 0.0
177.8 0.0 0.000211459856349 0.0
177.9 0.0 0.000211063110122 0.0
178.0 0.0 0.000210667330606 0.0
178.1 0.0 0.000210272514906 0.0
178.2 0.0 0.000209878660135 0.0
178.3 0.0 0.000209485763416 0.0
178.4 0.0 0.000209093821885 0.0
178.5 0.0 0.000208702832684 0.0
178.6 0.0 0.00020831279297 0.0
178.7 0.0 0.000207923699906 0.0
178.8 0.0 0.000207535550667 0.0
178.9 0.0 0.000207148342438 0.0
179.0 0.0 0.000206762072412 0.0
179.1 0.0 0.000206376737796 0.0
179.2 0.0 0.000205992335802 0.0
179.3 0.0 0.000205608863656 0.0
179.4 0.0 0.000205226318591 0.0
179.5 0.0 0.000204844697852 0.0
179.6 0.0 0.000204463998691 0.0
179.7 0.0 0.000204084218371 0.0
179.8 0.0 0.000203705354167 0.0
179.9 0.0 0.000203327403359 0.0
180.0 0.0 0.000202950363241 0.0
180.1 0.0 0.000202574231113 0.0
180.2 0.0 0.000202199004287 0.0
180.3 0.0 0.000201824680084 0.0
180.4 0.0 0.000201451255832 0.0
180.5 0.0 0.000201078728872 0.0
180.6 0.0 0.000200707096552 0.0
180.7 0.0 0.000200336356229 0.0
180.8 0.0 0.000199966505272 0.0
180.9 0.0 0.000199597541056 0.0
181.0 0.0 0.000199229460967 0.0
181.1 0.0 0.000198862262399 0.0
181.2 0.0 0.000198495942757 0.0
181.3 0.0 0.000198130499454 0.0
181.4 0.0 0.00019776592991 0.0
181.5 0.0 0.000197402231558 0.0
181.6 0.0 0.000197039401837 0.0
181.7 0.0 0.000196677438196 0.0
181.8 0.0 0.000196316338092 0.0
181.9 0.0 0.000195956098993 0.0
182.0 0.0 0.000195596718373 0.0
182.1 0.0 0.000195238193717 0.0
182.2 0.0 0.000194880522517 0.0
182.3 0.0 0.000194523702276 0.0
182.4 0.0 0.000194167730503 0.0
182.5 0.0 0.000193812604718 0.0
182.6 0.0 0.000193458322448 0.0
182.7 0.0 0.000193104881229 0.0
182.8 0.0 0.000192752278606 0.0
182.9 0.0 0.000192400512132 0.0
183.0 0.0 0.000192049579369 0.0
183.1 0.0 0.000191699477886 0.0
183.2 0.0 0.000191350205263 0.0
183.3 0.0 0.000191001759086 0.0
183.4 0.0 0.00019065413695 0.0
183.5 0.0 0.000190307336459 0.0
183.6 0.0 0.000189961355225 0.0
183.7 0.0 0.000189616190867 0.0
183.8 0.0 0.000189271841014 0.0
183.9 0.0 0.000188928303302 0.0
184.0 0.0 0.000188585575377 0.0
184.1 0.0 0.000188243654889 0.0
184.2 0.0 0.000187902539501 0.0
184.3 0.0 0.00018756222688 0.0
184.4 0.0 0.000187222714704 0.0
184.5 0.0 0.000186884000657 0.0
184.6 0.0 0.000186546082432 0.0
184.7 0.0 0.00018620895773 0.0
184.8 0.0 0.000185872624259 0.0
184.9 0.0 0.000185537079735 0.0
185.0 0.0 0.000185202321883 0.0
185.1 0.0 0.000184868348435 0.0
185.2 0.0 0.000184535157129 0.0
185.3 0.0 0.000184202745714 0.0
185.4 0.0 0.000183871111945 0.0
185.5 0.0 0.000183540253585 0.0
185.6 0.0 0.000183210168403 0.0
185.7 0.0 0.000182880854179 0.0
185.8 0.0 0.000182552308697 0.0
185.9 0.0 0.000182224529751 0.0
186.0 0.0 0.000181897515142 0.0
186.1 0.0 0.000181571262677 0.0
186.2 0.0 0.000181245770173 0.0
186.3 0.0 0.000180921035452 0.0
186.4 0.0 0.000180597056345 0.0
186.5 0.0 0.000180273830689 0.0
186.6 0.0 0.000179951356331 0.0
186.7 0.0 0.000179629631121 0.0
186.8 0.0 0.000179308652921 0.0
186.9 0.0 0.000178988419597 0.0
187.0 0.0 0.000178668929023 0.0
187.1 0.0 0.000178350179082 0.0
187.2 0.0 0.00017803216766 0.0
187.3 0.0 0.000177714892655 0.0
187.4 0.0 0.000177398351969 0.0
187.5 0.0 0.000177082543512 0.0
187.6 0.0 0.0001767674652 0.0
187.7 0.0 0.00017645311496 0.0
187.8 0.0 0.00017613949072 0.0
187.9 0.0 0.000175826590419 0.0
188.0 0.0 0.000175514412003 0.0
188.1 0.0 0.000175202953423 0.0
188.2 0.0 0.000174892212637 0.0
188.3 0.0 0.000174582187613 0.0
188.4 0.0 0.000174272876321 0.0
188.5 0.0 0.000173964276742 0.0
188.6 0.0 0.000173656386861 0.0
188.7 0.0 0.000173349204672 0.0
188.8 0.0 0.000173042728174 0.0
188.9 0.0 0.000172736955373 0.0
189.0 0.0 0.000172431884282 0.0
189.1 0.0 0.000172127512922 0.0
189.2 0.0 0.000171823839318 0.0
189.3 0.0 0.000171520861503 0.0
189.4 0.0 0.000171218577516 0.0
189.5 0.0 0.000170916985405 0.0
189.6 0.0 0.00017061608322 0.0
189.7 0.0 0.000170315869023 0.0
189.8 0.0 0.000170016340877 0.0
189.9 0.0 0.000169717496855 0.0
190.0 0.0 0.000169419335035 0.0
190.1 0.0 0.000169121853502 0.0
190.2 0.0 0.000168825050348 0.0
190.3 0.0 0.00016852892367 0.0
190.4 0.0 0.000168233471572 0.0
190.5 0.0 0.000167938692164 0.0
190.6 0.0 0.000167644583563 0.0
190.7 0.0 0.000167351143891 0.0
190.8 0.0 0.000167058371278 0.0
190.9 0.0 0.000166766263858 0.0
191.0 0.0 0.000166474819772 0.0
191.1 0.0 0.00016618403717 0.0
191.2 0.0 0.000165893914203 0.0
191.3 0.0 0.000165604449033 0.0
191.4 0.0 0.000165315639824 0.0
191.5 0.0 0.00016502748475 0.0
191.6 0.0 0.000164739981987 0.0
191.7 0.0 0.00016445312972 0.0
191.8 0.0 0.000164166926138 0.0
191.9 0.0 0.000163881369439 0.0
192.0 0.0 0.000163596457823 0.0
192.1 0.0 0.0001633121895 0.0
192.2 0.0 0.000163028562682 0.0
192.3 0.0 0.000162745575588 0.0
192.4 0.0 0.000162463226446 0.0
192.5 0.0 0.000162181513486 0.0
192.6 0.0 0.000161900434945 0.0
192.7 0.0 0.000161619989067 0.0
192.8 0.0 0.000161340174099 0.0
192.9 0.0 0.000161060988298 0.0
193.0 0.0 0.000160782429922 0.0
193.1 0.0 0.000160504497238 0.0
193.2 0.0 0.000160227188517 0.0
193.3 0.0 0.000159950502037 0.0
193.4 0.0 0.000159674436082 0.0
193.5 0.0 0.000159398988938 0.0
193.6 0.0 0.000159124158901 0.0
193.7 0.0 0.00015884994427 0.0
193.8 0.0 0.000158576343351 0.0
193.9 0.0 0.000158303354454 0.0
194.0 0.0 0.000158030975897 0.0
194.1 0.0 0.000157759205999 0.0
194.2 0.0 0.000157488043091 0.0
194.3 0.0 0.000157217485502 0.0
194.4 0.0 0.000156947531573 0.0
194.5 0.0 0.000156678179647 0.0
194.6 0.0 0.000156409428073 0.0
194.7 0.0 0.000156141275205 0.0
194.8 0.0 0.000155873719403 0.0
194.9 0.0 0.000155606759031 0.0
195.0 0.0 0.000155340392462 0.0
195.1 0.0 0.00015507461807 0.0
195.2 0.0 0.000154809434235 0.0
195.3 0.0 0.000154544839346 0.0
195.4 0.0 0.000154280831792 0.0
195.5 0.0 0.000154017409971 0.0
195.6 0.0 0.000153754572284 0.0
195.7 0.0 0.000153492317138 0.0
195.8 0.0 0.000153230642947 0.0
195.9 0.0 0.000152969548126 0.0
196.0 0.0 0.000152709031099 0.0
196.1 0.0 0.000152449090293 0.0
196.2 0.0 0.00015218972414 0.0
196.3 0.0 0.000151930931079 0.0
196.4 0.0 0.000151672709552 0.0
196.5 0.0 0.000151415058006 0.0
196.6 0.0 0.000151157974896 0.0
196.7 0.0 0.000150901458677 0.0
196.8 0.0 0.000150645507814 0.0
196.9 0.0 0.000150390120773 0.0
197.0 0.0 0.000150135296027 0.0
197.1 0.0 0.000149881032054 0.0
197.2 0.0 0.000149627327336 0.0
197.3 0.0 0.000149374180361 0.0
197.4 0.0 0.00014912158962 0.0
197.5 0.0 0.00014886955361 0.0
197.6 0.0 0.000148618070833 0.0
197.7 0.0 0.000148367139797 0.0
197.8 0.0 0.000148116759011 0.0
197.9 0.0 0.000147866926992 0.0
198.0 0.0 0.000147617642262 0.0
198.1 0.0 0.000147368903345 0.0
198.2 0.0 0.000147120708772 0.0
198.3 0.0 0.000146873057078 0.0
198.4 0.0 0.000146625946803 0.0
198.5 0.0 0.00014637937649 0.0
198.6 0.0 0.00014613334469 0.0
198.7 0.0 0.000145887849955 0.0
198.8 0.0 0.000145642890844 0.0
198.9 0.0 0.00014539846592 0.0
199.0 0.0 0.00014515457375 0.0
199.1 0.0 0.000144911212906 0.0
199.2 0.0 0.000144668381964 0.0
199.3 0.0 0.000144426079506 0.0
199.4 0.0 0.000144184304117 0.0
199.5 0.0 0.000143943054387 0.0
199.6 0.0 0.000143702328911 0.0
199.7 0.0 0.000143462126287 0.0
199.8 0.0 0.000143222445119 0.0
199.9 0.0 0.000142983284015 0.0
