# R appU appV SNR contamination
120.0 22.0809062302 20.9809062302 14.5016640315 0.0
120.1 22.082715037 20.982715037 14.4642628457 0.0
120.2 22.0845223383 20.9845223383 14.4269619345 0.0
120.3 22.0863281367 20.9863281367 14.3897611212 0.0
120.4 22.0881324346 20.9881324346 14.3526602279 0.0
120.5 22.0899352346 20.9899352346 14.315659076 0.0
120.6 22.091736539 20.991736539 14.2787574858 0.0
120.7 22.0935363505 20.9935363505 14.2419552769 0.0
120.8 22.0953346714 20.9953346714 14.2052522679 0.0
120.9 22.0971315043 20.9971315043 14.1686482765 0.0
121.0 22.0989268516 20.9989268516 14.1321431196 0.0
121.1 22.1007207157 21.0007207157 14.0957366133 0.0
121.2 22.1025130992 21.0025130992 14.0594285728 0.0
121.3 22.1043040043 21.0043040043 14.0232188127 0.0
121.4 22.1060934337 21.0060934337 13.9871071465 0.0
121.5 22.1078813897 21.0078813897 13.9510933872 0.0
121.6 22.1096678747 21.0096678747 13.9151773469 0.000114771031792
121.7 22.1114528912 21.0114528912 13.8793588371 0.0
121.8 22.1132364415 21.0132364415 13.8436376683 0.0
121.9 22.1150185281 21.0150185281 13.8080136507 0.0
122.0 22.1167991534 21.0167991534 13.7724865935 0.0
122.1 22.1185783197 21.0185783197 13.7370563053 0.0
122.2 22.1203560295 21.0203560295 13.7017225941 0.0
122.3 22.1221322852 21.0221322852 13.666485267 0.0
122.4 22.123907089 21.023907089 13.6313441309 0.0
122.5 22.1256804435 21.0256804435 13.5962989917 0.0
122.6 22.1274523509 21.0274523509 13.5613496549 0.0
122.7 22.1292228136 21.0292228136 13.5264959253 0.0
122.8 22.130991834 21.030991834 13.4917376071 0.0
122.9 22.1327594144 21.0327594144 13.4570745041 0.0
123.0 22.1345255572 21.0345255572 13.4225064193 0.000114757860913
123.1 22.1362902647 21.0362902647 13.3880331555 0.0
123.2 22.1380535391 21.0380535391 13.3536545146 0.0
123.3 22.139815383 21.039815383 13.3193702981 0.0
123.4 22.1415757985 21.0415757985 13.2851803073 0.0
123.5 22.143334788 21.043334788 13.2510843425 0.0
123.6 22.1450923538 21.0450923538 13.217082204 0.0
123.7 22.1468484981 21.0468484981 13.1831736913 0.0
123.8 22.1486032234 21.0486032234 13.1493586036 0.0
123.9 22.1503565319 21.0503565319 13.1156367398 0.0
124.0 22.1521084258 21.0521084258 13.0820078979 0.0
124.1 22.1538589075 21.0538589075 13.0484718761 0.000115593572997
124.2 22.1556079792 21.0556079792 13.0150284717 0.0
124.3 22.1573556432 21.0573556432 12.9816774819 0.0
124.4 22.1591019018 21.0591019018 12.9484187035 0.0
124.5 22.1608467572 21.0608467572 12.9152519326 0.000116890707189
124.6 22.1625902116 21.0625902116 12.8821769655 0.000116522955022
124.7 22.1643322674 21.0643322674 12.8491935977 0.0
124.8 22.1660729267 21.0660729267 12.8163016246 0.0
124.9 22.1678121919 21.0678121919 12.7835008412 0.0
125.0 22.169550065 21.069550065 12.7507910421 0.0
125.1 22.1712865485 21.0712865485 12.7181720218 0.0
125.2 22.1730216444 21.0730216444 12.6856435743 0.0
125.3 22.174755355 21.074755355 12.6532054935 0.0
125.4 22.1764876825 21.0764876825 12.620857573 0.0
125.5 22.1782186291 21.0782186291 12.588599606 0.0
125.6 22.179948197 21.079948197 12.5564313855 0.00034969110619
125.7 22.1816763884 21.0816763884 12.5243527045 0.000233372228705
125.8 22.1834032055 21.0834032055 12.4923633554 0.000116945386505
125.9 22.1851286505 21.0851286505 12.4604631307 0.0
126.0 22.1868527256 21.0868527256 12.4286518224 0.000116795141322
126.1 22.1885754329 21.0885754329 12.3969292226 0.0
126.2 22.1902967745 21.0902967745 12.365295123 0.000116645281698
126.3 22.1920167528 21.0920167528 12.3337493152 0.0
126.4 22.1937353697 21.0937353697 12.3022915906 0.0
126.5 22.1954526276 21.0954526276 12.2709217405 0.0
126.6 22.1971685284 21.0971685284 12.2396395559 0.000233672157962
126.7 22.1988830744 21.0988830744 12.2084448278 0.0
126.8 22.2005962677 21.1005962677 12.1773373471 0.000117882824472
126.9 22.2023081105 21.1023081105 12.1463169044 0.0
127.0 22.2040186048 21.1040186048 12.1153832903 0.000351205806603
127.1 22.2057277528 21.1057277528 12.0845362954 0.0
127.2 22.2074355566 21.1074355566 12.0537757098 0.000234082397004
127.3 22.2091420183 21.1091420183 12.0231013241 0.00011739845034
127.4 22.21084714 21.11084714 11.9925129283 0.000117605550982
127.5 22.2125509238 21.1125509238 11.9620103126 0.00011798017933
127.6 22.2142533719 21.1142533719 11.931593267 0.0
127.7 22.2159544863 21.1159544863 11.9012615815 0.000117952347252
127.8 22.2176542691 21.1176542691 11.8710150461 0.000117041198502
127.9 22.2193527224 21.1193527224 11.8408534508 0.000118245240629
128.0 22.2210498482 21.1210498482 11.8107765853 0.000235128144839
128.1 22.2227456487 21.1227456487 11.7807842395 0.000234521575985
128.2 22.2244401259 21.1244401259 11.7508762032 0.000117315814172
128.3 22.2261332819 21.1261332819 11.7210522663 0.000118077695123
128.4 22.2278251187 21.1278251187 11.6913122186 0.00035360678925
128.5 22.2295156383 21.1295156383 11.6616558498 0.000117827265229
128.6 22.2312048429 21.1312048429 11.6320829498 0.000118273211118
128.7 22.2328927345 21.1328927345 11.6025933085 0.000236518448439
128.8 22.2345793151 21.1345793151 11.5731867157 0.00011798017933
128.9 22.2362645868 21.1362645868 11.5438629612 0.000117799505242
129.0 22.2379485515 21.1379485515 11.5146218351 0.000118105586394
129.1 22.2396312113 21.1396312113 11.4854631273 0.000118231260345
129.2 22.2413125683 21.1413125683 11.4563866278 0.000237107291049
129.3 22.2429926244 21.1429926244 11.4273921267 0.0
129.4 22.2446713817 21.1446713817 11.3984794142 0.0
129.5 22.2463488421 21.1463488421 11.3696482804 0.000357100345197
129.6 22.2480250077 21.1480250077 11.3408985157 0.000236630383341
129.7 22.2496998804 21.1496998804 11.3122299105 0.000475059382423
129.8 22.2513734623 21.1513734623 11.2836422552 0.000346140533056
129.9 22.2530457554 21.1530457554 11.2551353404 0.000356379187455
130.0 22.2547167615 21.1547167615 11.2267089567 0.000472533963379
130.1 22.2563864828 21.1563864828 11.198362895 0.0
130.2 22.2580549212 21.1580549212 11.170096946 0.000349283967866
130.3 22.2597220786 21.1597220786 11.1419109009 0.000466962409526
130.4 22.261387957 21.161387957 11.1138045508 0.000354024073637
130.5 22.2630525584 21.1630525584 11.0857776868 0.0
130.6 22.2647158847 21.1647158847 11.0578301005 0.000356760613628
130.7 22.2663779379 21.1663779379 11.0299615833 0.000354609929078
130.8 22.2680387199 21.1680387199 11.002171927 0.000475567708953
130.9 22.2696982328 21.1696982328 10.9744609234 0.00127020785219
131.0 22.2713564783 21.1713564783 10.9468283644 0.000461467466544
131.1 22.2730134585 21.1730134585 10.9192740423 0.000118483412322
131.2 22.2746691752 21.1746691752 10.8917977493 0.00104106419896
131.3 22.2763236304 21.1763236304 10.864399278 0.000698893418754
131.4 22.2779768261 21.1779768261 10.837078421 0.000463070155129
131.5 22.2796287641 21.1796287641 10.8098349713 0.000580046403712
131.6 22.2812794464 21.1812794464 10.7826687217 0.000463392029657
131.7 22.2829288748 21.1829288748 10.7555794657 0.000237051084509
131.8 22.2845770513 21.1845770513 10.7285669967 0.000466254808253
131.9 22.2862239777 21.1862239777 10.7016311082 0.000693802035153
132.0 22.287869656 21.187869656 10.6747715941 0.000349121377866
132.1 22.2895140881 21.1895140881 10.6479882485 0.00140056022409
132.2 22.2911572757 21.1911572757 10.6212808657 0.00069654051544
132.3 22.2927992209 21.1927992209 10.5946492401 0.000581936685289
132.4 22.2944399255 21.1944399255 10.5680931665 0.00140023337223
132.5 22.2960793914 21.1960793914 10.5416124399 0.00127758420441
132.6 22.2977176203 21.1977176203 10.5152068553 0.00069987169019
132.7 22.2993546143 21.1993546143 10.4888762082 0.00139713587146
132.8 22.3009903752 21.2009903752 10.4626202943 0.0010460251046
132.9 22.3026249047 21.2026249047 10.4364389094 0.0016231884058
133.0 22.3042582048 21.2042582048 10.4103318498 0.000815850815851
133.1 22.3058902774 21.2058902774 10.3842989118 0.000819096653405
133.2 22.3075211242 21.2075211242 10.358339892 0.000937536622524
133.3 22.3091507471 21.2091507471 10.3324545875 0.00105226236408
133.4 22.3107791479 21.2107791479 10.3066427953 0.00103878116343
133.5 22.3124063285 21.2124063285 10.280904313 0.000699626865672
133.6 22.3140322907 21.2140322907 10.2552389382 0.00186806771745
133.7 22.3156570363 21.2156570363 10.229646469 0.00176720075401
133.8 22.3172805672 21.2172805672 10.2041267036 0.00199483689275
133.9 22.3189028851 21.2189028851 10.1786794406 0.00151745068285
134.0 22.3205239918 21.2205239918 10.1533044787 0.00175274596868
134.1 22.3221438893 21.2221438893 10.1280016173 0.00175008750438
134.2 22.3237625792 21.2237625792 10.1027706556 0.00128309809868
134.3 22.3253800633 21.2253800633 10.0776113933 0.00163037149179
134.4 22.3269963436 21.2269963436 10.0525236306 0.0024595924104
134.5 22.3286114217 21.2286114217 10.0275071677 0.00176180408739
134.6 22.3302252994 21.2302252994 10.0025618052 0.00211168465509
134.7 22.3318379786 21.2318379786 9.97768734409 0.00165035954261
134.8 22.333449461 21.233449461 9.95288358555 0.00177032928125
134.9 22.3350597484 21.2350597484 9.92815033114 0.00269068788021
135.0 22.3366688425 21.2366688425 9.90348738274 0.00234549079395
135.1 22.3382767451 21.2382767451 9.87889454252 0.00188523624367
135.2 22.339883458 21.239883458 9.85437161299 0.00248285646725
135.3 22.341488983 21.241488983 9.82991839698 0.0023537719195
135.4 22.3430933217 21.2430933217 9.80553469763 0.00261158594492
135.5 22.3446964761 21.2446964761 9.78122031845 0.0017572633552
135.6 22.3462984477 21.2462984477 9.75697506324 0.00269953051643
135.7 22.3478992383 21.2478992383 9.73279873615 0.00271354412459
135.8 22.3494988497 21.2494988497 9.70869114167 0.00293358366581
135.9 22.3510972837 21.2510972837 9.68465208463 0.0017821076393
136.0 22.3526945419 21.2526945419 9.6606813702 0.003546518501
136.1 22.354290626 21.254290626 9.63677880388 0.0021218908405
136.2 22.3558855379 21.2558855379 9.61294419155 0.00377759414473
136.3 22.3574792792 21.2574792792 9.5891773394 0.00272092748137
136.4 22.3590718516 21.2590718516 9.56547805401 0.00364405783472
136.5 22.3606632569 21.2606632569 9.54184614227 0.00269699812383
136.6 22.3622534967 21.2622534967 9.51828141145 0.00259250530285
136.7 22.3638425728 21.2638425728 9.49478366919 0.00304806565064
136.8 22.3654304869 21.2654304869 9.47135272346 0.00296033155713
136.9 22.3670172407 21.2670172407 9.44798838261 0.00366777094179
137.0 22.3686028358 21.2686028358 9.42469045535 0.00426186811886
137.1 22.3701872739 21.2701872739 9.40145875075 0.00271034645298
137.2 22.3717705569 21.2717705569 9.37829307825 0.00329450523591
137.3 22.3733526862 21.2733526862 9.35519324767 0.00441347270616
137.4 22.3749336636 21.2749336636 9.33215906918 0.00509613157285
137.5 22.3765134908 21.2765134908 9.30919035334 0.00224639394656
137.6 22.3780921695 21.2780921695 9.28628691107 0.00476577937929
137.7 22.3796697013 21.2796697013 9.26344855368 0.00401416765053
137.8 22.3812460879 21.2812460879 9.24067509286 0.00650708807809
137.9 22.3828213309 21.2828213309 9.21796634065 0.0055779729409
138.0 22.384395432 21.284395432 9.19532210951 0.00465224470807
138.1 22.3859683929 21.2859683929 9.17274221225 0.00437093916125
138.2 22.3875402152 21.2875402152 9.15022646209 0.0078353408958
138.3 22.3891109005 21.2891109005 9.12777467262 0.00557103064067
138.4 22.3906804506 21.2906804506 9.10538665782 0.00413809411208
138.5 22.392248867 21.292248867 9.08306223206 0.0063998138236
138.6 22.3938161514 21.2938161514 9.0608012101 0.0053317535545
138.7 22.3953823054 21.2953823054 9.03860340709 0.00511053006893
138.8 22.3969473306 21.2969473306 9.01646863857 0.00812630601347
138.9 22.3985112287 21.2985112287 8.99439672047 0.00472757357286
139.0 22.4000740013 21.3000740013 8.97238746914 0.0063025210084
139.1 22.40163565 21.30163565 8.95044070129 0.00640801584528
139.2 22.4031961764 21.3031961764 8.92855623406 0.00677174547577
139.3 22.4047555821 21.3047555821 8.90673388495 0.00712367161042
139.4 22.4063138688 21.3063138688 8.88497347191 0.00663639538945
139.5 22.407871038 21.307871038 8.86327481325 0.0106644790812
139.6 22.4094270914 21.3094270914 8.8416377277 0.00792540792541
139.7 22.4109820306 21.3109820306 8.82006203439 0.00892236384705
139.8 22.412535857 21.312535857 8.79854755285 0.0092042409414
139.9 22.4140885725 21.3140885725 8.77709410301 0.00919032107957
140.0 22.4156401784 21.3156401784 8.75570150524 0.00885264997088
140.1 22.4171906764 21.3171906764 8.73436958026 0.00855001171234
140.2 22.4187400682 21.3187400682 8.71309814925 0.00945709281961
140.3 22.4202883551 21.3202883551 8.69188703376 0.00964252116651
140.4 22.421835539 21.321835539 8.67073605578 0.0106159589361
140.5 22.4233816212 21.3233816212 8.6496450377 0.0104797391709
140.6 22.4249266034 21.3249266034 8.6286138023 0.0102599976682
140.7 22.4264704872 21.3264704872 8.60764217281 0.00918818329844
140.8 22.428013274 21.328013274 8.58672997284 0.00913669907462
140.9 22.4295549655 21.3295549655 8.56587702643 0.00914098206961
141.0 22.4310955633 21.3310955633 8.54508315803 0.0108070010572
141.1 22.4326350688 21.3326350688 8.52434819251 0.00985568461809
141.2 22.4341734836 21.3341734836 8.50367195514 0.00955076052352
141.3 22.4357108092 21.3357108092 8.48305427161 0.0126404494382
141.4 22.4372470473 21.3372470473 8.46249496805 0.0128594809446
141.5 22.4387821993 21.3387821993 8.44199387099 0.0114077384453
141.6 22.4403162668 21.3403162668 8.42155080736 0.0117041198502
141.7 22.4418492512 21.3418492512 8.40116560454 0.0107101280559
141.8 22.4433811542 21.3433811542 8.3808380903 0.00999764761233
141.9 22.4449119773 21.3449119773 8.36056809286 0.0113649816503
142.0 22.4464417219 21.3464417219 8.34035544083 0.0129472693032
142.1 22.4479703896 21.3479703896 8.32019996327 0.0131532589548
142.2 22.449497982 21.349497982 8.30010148962 0.0128881077914
142.3 22.4510245004 21.3510245004 8.28005984978 0.0140712945591
142.4 22.4525499465 21.3525499465 8.26007487405 0.0147162703085
142.5 22.4540743217 21.3540743217 8.24014639317 0.0139019792648
142.6 22.4555976276 21.3555976276 8.22027423827 0.0134063884355
142.7 22.4571198656 21.3571198656 8.20045824093 0.0152428216944
142.8 22.4586410372 21.3586410372 8.18069823315 0.0149534911103
142.9 22.460161144 21.360161144 8.16099404733 0.015009380863
143.0 22.4616801873 21.3616801873 8.14134551633 0.0146990200653
143.1 22.4631981688 21.3631981688 8.1217524734 0.0136889308473
143.2 22.4647150899 21.3647150899 8.10221475224 0.0163390954298
143.3 22.466230952 21.366230952 8.08273218694 0.0172312050041
143.4 22.4677457567 21.3677457567 8.06330461205 0.0201759530792
143.5 22.4692595054 21.3692595054 8.04393186253 0.016364492583
143.6 22.4707721995 21.3707721995 8.02461377375 0.0163241338814
143.7 22.4722838407 21.3722838407 8.00535018152 0.01966325209
143.8 22.4737944302 21.3737944302 7.98614092208 0.0177158379591
143.9 22.4753039697 21.3753039697 7.96698583208 0.0173758865248
144.0 22.4768124605 21.3768124605 7.94788474859 0.0178045041858
144.1 22.4783199041 21.3783199041 7.92883750913 0.0225765157686
144.2 22.4798263019 21.3798263019 7.90984395162 0.0191279553285
144.3 22.4813316555 21.3813316555 7.89090391443 0.0155029585799
144.4 22.4828359662 21.3828359662 7.87201723631 0.0189573459716
144.5 22.4843392355 21.3843392355 7.85318375649 0.0183962264151
144.6 22.4858414648 21.3858414648 7.83440331458 0.019442797866
144.7 22.4873426556 21.3873426556 7.81567575064 0.0201746106654
144.8 22.4888428093 21.3888428093 7.79700090514 0.0266744321491
144.9 22.4903419274 21.3903419274 7.77837861899 0.0192285006488
145.0 22.4918400112 21.3918400112 7.75980873351 0.0216229060235
145.1 22.4933370622 21.3933370622 7.74129109045 0.0234440080923
145.2 22.4948330818 21.3948330818 7.72282553199 0.026616857343
145.3 22.4963280715 21.3963280715 7.70441190072 0.0256050508593
145.4 22.4978220326 21.3978220326 7.68605003967 0.02184893692
145.5 22.4993149666 21.3993149666 7.66773979227 0.0279015240328
145.6 22.5008068749 21.4008068749 7.6494810024 0.0280308339173
145.7 22.5022977588 21.4022977588 7.63127351435 0.0235809930087
145.8 22.5037876199 21.4037876199 7.61311717283 0.029068409993
145.9 22.5052764595 21.4052764595 7.59501182298 0.0267670915411
146.0 22.5067642789 21.4067642789 7.57695731036 0.0314099581201
146.1 22.5082510797 21.4082510797 7.55895348096 0.027134502924
146.2 22.5097368631 21.4097368631 7.54100018117 0.0245086431447
146.3 22.5112216306 21.4112216306 7.52309725783 0.0316455696203
146.4 22.5127053836 21.4127053836 7.50524455818 0.0276159403402
146.5 22.5141881235 21.4141881235 7.48744192989 0.0288875946418
146.6 22.5156698515 21.4156698515 7.46968922105 0.0291466697881
146.7 22.5171505692 21.4171505692 7.45198628018 0.030455075846
146.8 22.5186302779 21.4186302779 7.4343329562 0.0312976204431
146.9 22.520108979 21.420108979 7.41672909846 0.0369801512287
147.0 22.5215866737 21.4215866737 7.39917455674 0.0343281821399
147.1 22.5230633636 21.4230633636 7.38166918122 0.0353867857983
147.2 22.52453905 21.42453905 7.36421282251 0.0345804319603
147.3 22.5260137342 21.4260137342 7.34680533164 0.0289482899498
147.4 22.5274874176 21.4274874176 7.32944656006 0.036741401573
147.5 22.5289601016 21.4289601016 7.31213635963 0.0328326929794
147.6 22.5304317874 21.4304317874 7.29487458262 0.0366369187412
147.7 22.5319024766 21.4319024766 7.27766108174 0.0361729704254
147.8 22.5333721703 21.4333721703 7.2604957101 0.0355763604447
147.9 22.53484087 21.43484087 7.24337832122 0.0382120533082
148.0 22.536308577 21.436308577 7.22630876906 0.0372071117391
148.1 22.5377752926 21.4377752926 7.20928690797 0.0398074213246
148.2 22.5392410182 21.4392410182 7.19231259272 0.0358110495936
148.3 22.5407057551 21.4407057551 7.17538567851 0.0386164416015
148.4 22.5421695047 21.4421695047 7.15850602093 0.0400187771388
148.5 22.5436322683 21.4436322683 7.14167347601 0.0398725964374
148.6 22.5450940471 21.4450940471 7.12488790016 0.0457961484265
148.7 22.5465548426 21.4465548426 7.10814915024 0.0428907168038
148.8 22.548014656 21.448014656 7.09145708348 0.0443811558087
148.9 22.5494734888 21.4494734888 7.07481155755 0.0421114369501
149.0 22.5509313421 21.4509313421 7.05821243052 0.0428487345497
149.1 22.5523882173 21.4523882173 7.04165956089 0.0424028268551
149.2 22.5538441157 21.4538441157 7.02515280752 0.0444024563061
149.3 22.5552990386 21.4552990386 7.00869202974 0.0445103857567
149.4 22.5567529874 21.4567529874 6.99227708724 0.0443686006826
149.5 22.5582059633 21.4582059633 6.97590784015 0.0479346668245
149.6 22.5596579676 21.4596579676 6.95958414898 0.0466021708353
149.7 22.5611090017 21.4611090017 6.94330587466 0.0428268050967
149.8 22.5625590668 21.4625590668 6.92707287854 0.0460720614294
149.9 22.5640081642 21.4640081642 6.91088502234 0.0492576007542
150.0 22.5654562953 21.4654562953 6.89474216822 0.0470044991712
150.1 22.5669034612 21.4669034612 6.87864417872 0.0511605873993
