# a rho dNda dNdaerr
0.0 inf nan nan
0.1 154881661.891 0.0 0.0
0.2 11432131.6302 0.0 0.0
0.3 2488995.33283 0.0 0.0
0.4 843828.972487 0.0 0.0
0.5 364647.116526 0.0 0.0
0.6 183717.8264 0.0 0.0
0.7 102903.78981 0.0 0.0
0.8 62284.7390005 0.0 0.0
0.9 39998.9107245 0.0 0.0
1.0 26915.3480393 0.0 0.0
1.1 18808.9046053 0.0 0.0
1.2 13560.587797 0.0 0.0
1.3 10036.285228 0.0 0.0
1.4 7595.53878743 0.0 0.0
1.5 5859.98987924 0.0 0.0
1.6 4597.36372992 0.0 0.0
1.7 3660.26100967 0.0 0.0
1.8 2952.40125192 0.0 0.0
1.9 2409.27547849 0.0 0.0
2.0 1986.67678214 0.0 0.0
2.1 1653.6951466 0.0 0.0
2.2 1388.32364427 0.0 0.0
2.3 1174.63608032 1177.60575371 1.33067489586
2.4 1000.93466706 4511.33438025 5.9493815955
2.5 858.510413479 7903.64434537 12.0878655484
2.6 740.79870014 9176.66910331 16.1822283443
2.7 642.794640087 10500.7473678 21.2359001198
2.8 560.642222973 11629.4434914 26.8375326948
2.9 491.341591139 10687.2514956 28.0137186012
3.0 432.537815214 14196.2021022 42.0845151529
3.1 382.366672073 12309.9526512 41.1054428167
3.2 339.340801685 13917.7347062 52.1510401952
3.3 302.264807896 14144.0980699 59.2626217669
3.4 270.171336958 13248.9234381 61.8655757882
3.5 242.272518099 14365.6283655 74.5232228376
3.6 217.922763257 13872.9190646 79.716079273
3.7 196.590042927 13553.2646667 86.0233156116
3.8 177.833541216 13718.8256273 95.924908093
3.9 161.2861509 12988.4582151 99.7980659839
4.0 146.640668771 13692.942063 115.338563761
4.1 133.638840454 12948.7202408 119.297748645
4.2 122.062614524 12776.3083118 128.469580972
4.3 111.727120761 12053.95063 132.013973198
4.4 102.475002224 11719.4373329 139.521127338
4.5 94.1718166098 11371.114818 146.88061077
4.6 86.7022869192 10806.8731616 151.185793361
4.7 79.9672302748 10504.3241557 158.885161444
4.8 73.881031023 10259.2409171 167.502356056
4.9 68.3695527796 9626.25616432 169.382752133
5.0 63.3684061299 9632.2055635 182.384051165
5.1 58.821505779 9096.81074025 185.084009246
5.2 54.6798642789 8566.58497934 187.025086715
5.3 50.9005799125 8869.99995741 207.512864009
5.4 47.4459845468 8136.47048115 203.716122518
5.5 44.2829237857 8015.74214754 214.516301737
5.6 41.3821469386 7870.96444873 224.879821994
5.7 38.7177884602 7508.99015165 228.77431351
5.8 36.2669258369 7492.14012753 243.136134699
5.9 34.0092015742 7138.97184044 246.506554324
6.0 31.9264990974 6863.19673394 251.892645172
6.1 30.0026641383 6757.6319846 263.355163509
6.2 28.2232646058 6476.04834996 267.726842087
6.3 26.5753831122 6449.5761648 282.577364527
6.4 25.0474372821 6127.70082411 284.269888343
6.5 23.6290237612 6069.24640668 297.858675843
6.6 22.3107824959 5833.12655135 302.583947724
6.7 21.084278389 5723.27699293 313.542414962
6.8 19.9418978923 5557.96467863 321.309181335
6.9 18.8767584618 5418.73042668 330.308496728
7.0 17.8826291213 5283.45440092 339.331243674
7.1 16.9538606346 5171.94948191 349.721296714
7.2 16.0853240103 5029.98662496 357.835803712
7.3 15.2723562462 4931.72909273 368.859687829
7.4 14.5107123755 4806.53558417 377.696799275
7.5 13.7965230114 4708.16356113 388.439984296
7.6 13.1262566958 4594.73652905 397.75344804
7.7 12.4966864536 4499.76358653 408.461407298
7.8 11.9048600377 4397.8818461 418.35692785
7.9 11.348073415 4302.27143387 428.631563411
8.0 10.8238471054 4212.8277306 439.329486957
8.1 10.3299050359 4119.49465496 449.411894087
8.2 9.86415561614 4038.7014796 460.665870422
8.3 9.42467477687 3950.42318874 470.865745096
8.4 9.00969074922 3871.73889134 481.992043721
8.5 8.61757038638 3792.24704961 492.818863062
8.6 8.24680685634 3715.90760111 503.841903915
8.7 7.89600855413 3643.04836076 515.133535299
8.8 7.56388910037 3570.9734655 526.330724969
8.9 7.24925830901 3501.90745001 537.762344194
9.0 6.95101402061 3435.94315763 549.47290236
9.1 6.66813470983 3369.00000353 560.817123542
9.2 6.39967278629 3308.19312812 572.981590282
9.3 6.14474851701 3245.91272628 584.695756504
9.4 5.90254450684 3185.7340779 596.573049207
9.5 5.67230068054 3129.81578411 609.053528557
9.6 5.45330971606 3072.24468106 621.012550072
9.7 5.24491288442 3018.5012131 633.53811796
9.8 5.04649625612 2965.41823092 646.006083741
9.9 4.85748723861 2914.06855628 658.651251165
10.0 4.67735141287 2864.03813187 671.396071691
10.1 4.50558964054 2813.94375988 683.914796989
10.2 4.3417354162 2765.80420343 696.690768285
10.3 4.18535244179 2719.40490867 709.697054607
10.4 4.03603240258 2674.78120205 722.968348013
10.5 3.89339292631 2631.09990539 736.299481421
10.6 3.7570757087 2588.13265769 749.629767247
10.7 3.62674479057 2546.93471653 763.274803658
10.8 3.50208497276 2506.46227691 776.943441784
10.9 3.38280035693 2466.82309668 790.671698014
11.0 3.26861300109 2428.29226251 804.55623194
11.1 3.15926167986 2390.68393122 818.548798712
11.2 3.05450074055 2353.80207169 832.590330994
11.3 2.95409904678 2317.81272865 846.745882335
11.4 2.85783900239 2282.84911254 861.076660066
11.5 2.76551564869 2248.50784023 875.442379626
11.6 2.67693582913 2214.81086434 889.854797257
11.7 2.59191741577 2181.90039354 904.377187143
11.8 2.51028859251 2149.70636775 918.990092671
11.9 2.43188719045 2118.12712861 933.657289891
12.0 2.3565600712 2086.99924264 948.3097475
12.1 2.28416255437 2056.61120498 963.08161393
12.2 2.21455788567 2026.74574473 977.879755385
12.3 2.14761674244 1997.37025235 992.69110862
12.4 2.08321677382 1968.45028485 1007.50026227
12.5 2.02124217263 1940.05315447 1022.34382061
12.6 1.96158327689 1911.99196292 1037.12509089
12.7 1.90413619831 1884.50040764 1051.97093979
12.8 1.84880247611 1857.38976473 1066.78091596
12.9 1.79548875399 1830.53838792 1081.48248237
13.0 1.74410647867 1803.57992032 1095.84658969
13.1 1.6945716184 1776.07827557 1109.5756192
13.2 1.6468043999 1750.35570708 1124.11226203
13.3 1.60072906247 1725.1915352 1138.72478989
13.4 1.55627362806 1700.53260863 1153.38787678
13.5 1.51336968602 1676.49676876 1168.19219521
13.6 1.47195219161 1652.9332413 1183.04578078
13.7 1.43195927732 1629.88586977 1197.9890637
13.8 1.39333207594 1607.39060237 1213.06063179
13.9 1.35601455475 1584.95707922 1227.89499996
14.0 1.31995335996 1563.20250388 1242.96818196
14.1 1.28509767072 1542.05082306 1258.24167728
14.2 1.25139906202 1521.34352009 1273.60272361
14.3 1.21881137598 1500.03978284 1288.16825739
14.4 1.18729060081 1480.14928915 1303.65107539
14.5 1.15679475704 1460.67226421 1319.22426517
14.6 1.12728379059 1441.58230765 1334.8741105
14.7 1.098719472 1422.87494389 1350.60594448
14.8 1.07106530172 1404.60732656 1366.48527536
14.9 1.04428642081 1385.91801565 1381.66798504
15.0 1.01834952686 1368.10427181 1397.43130923
15.1 0.993222794743 1350.81974426 1413.46063726
15.2 0.96887580186 1333.96866482 1429.67674251
15.3 0.94527945766 1317.32891059 1445.85292189
15.4 0.922405937114 1301.09124305 1462.20400972
15.5 0.900228617928 1285.00044327 1478.45238373
15.6 0.878722021239 1269.37642158 1494.97083136
15.7 0.857861755597 1253.96861989 1511.48000652
15.8 0.837624464028 1238.91600614 1528.15388364
15.9 0.817987773979 1224.1254309 1544.88971419
16.0 0.798930249991 1209.58710575 1561.68229124
16.1 0.780431348917 1195.29673576 1578.53299282
16.2 0.762471377544 1181.28542454 1595.49096126
16.3 0.745031452471 1167.54770706 1612.55909569
16.4 0.728093462116 1154.03423441 1629.67821756
16.5 0.711640030722 1140.76014256 1646.8765904
16.6 0.69565448424 1127.72939303 1664.16835558
16.7 0.680120817999 1114.90829737 1681.51187172
16.8 0.665023666036 1102.387946 1699.05386886
16.9 0.650348272011 1089.94581083 1716.45983042
17.0 0.636080461604 1077.84339331 1734.14436345
17.1 0.622206616317 1065.88073395 1751.7998831
17.2 0.608713648598 1054.14426953 1769.5723124
17.3 0.595588978215 1042.60710733 1787.42585421
17.4 0.582820509813 1031.03510344 1804.95850903
17.5 0.570396611578 1019.45808565 1822.20608042
17.6 0.558306094963 1008.52509573 1840.3384236
17.7 0.546538195405 997.726949163 1858.46616934
17.8 0.535082553985 987.147673036 1876.75133943
17.9 0.523929199976 976.710184403 1895.0567442
18.0 0.513068534239 966.461379681 1913.47898807
18.1 0.502491313413 956.35292068 1931.9301282
18.2 0.492188634858 946.441125468 1950.53048221
18.3 0.482151922318 936.653678413 1969.13956679
18.4 0.47237291226 927.047987024 1987.8834258
18.5 0.462843640853 917.589139596 2006.69624868
18.6 0.453556431557 908.256955313 2025.53951427
18.7 0.444503883292 899.127686348 2044.59080148
18.8 0.435678859146 890.077474821 2063.57759206
18.9 0.427074475615 881.188689007 2082.69302723
19.0 0.418684092321 872.451630084 2101.92361686
19.1 0.410501302213 863.829592936 2121.18819296
19.2 0.402519922198 855.364772406 2140.59654622
19.3 0.394733984206 846.983581027 2159.9715118
19.4 0.387137726646 838.773983806 2179.54194396
19.5 0.37972558625 830.657494712 2199.11341153
19.6 0.372492190276 822.679167323 2218.80961326
19.7 0.365432349053 814.817187159 2238.57980789
19.8 0.358541048862 807.063786605 2258.40850864
19.9 0.351813445116 799.414896721 2278.28947702
20.0 0.345244855846 791.91502071 2298.35687818
20.1 0.338830755466 784.500662996 2318.43542138
20.2 0.332566768806 777.181051491 2338.55546381
20.3 0.326448665401 769.96929033 2358.76145147
20.4 0.320472354025 762.881127826 2379.10921527
20.5 0.314633877454 755.881101524 2399.49584874
20.6 0.308929407453 749.002697504 2420.03357729
20.7 0.303355239973 741.784713888 2439.2158505
20.8 0.297907790546 734.973199136 2459.46931582
20.9 0.292583589881 728.110527744 2479.2957112
21.0 0.287379279627 721.504360642 2499.74092337
21.1 0.282291608326 715.081662233 2520.58271499
21.2 0.277317427526 708.766637636 2541.57214362
21.3 0.272453688046 702.280257446 2561.70089585
21.4 0.267697436409 695.935133059 2582.08633258
21.5 0.2630458114 689.87807941 2603.29842205
21.6 0.258496040783 683.867981993 2624.45655357
21.7 0.254045438129 677.982001655 2645.86084076
21.8 0.249691399789 672.118005157 2667.12027918
21.9 0.245431401974 666.372604767 2688.61904935
22.0 0.241262997959 660.469144455 2709.23616706
22.1 0.237183815394 654.729359818 2730.27108536
22.2 0.233191553716 649.191522208 2751.90943357
22.3 0.229283981673 643.735267311 2773.66467637
22.4 0.225458934932 638.018169064 2794.04472054
22.5 0.221714313789 632.287473871 2814.08440171
22.6 0.218048080961 626.776622428 2834.82610802
22.7 0.214458259467 621.583082578 2856.75533773
22.8 0.210942930586 616.507062294 2878.99924217
22.9 0.207500231896 611.459949356 2901.15422794
23.0 0.204128355386 606.474946394 2923.3775637
23.1 0.200825545639 601.386138851 2944.86168113
23.2 0.197590098082 596.409257597 2966.6462371
23.3 0.194420357306 591.608539493 2989.07235184
23.4 0.191314715441 586.904230574 3011.76306125
23.5 0.188271610597 582.222320193 3034.34662687
23.6 0.185289525364 577.602044483 3057.02712739
23.7 0.182366985359 573.065555557 3079.92968565
23.8 0.179502557834 568.574111754 3102.85467636
23.9 0.176694850333 564.131146089 3125.82354791
24.0 0.173942509394 559.730188395 3148.80334509
24.1 0.171244219303 555.410334253 3172.01929742
24.2 0.168598700889 551.10580358 3195.10226448
24.3 0.166004710364 546.893628603 3218.50091526
24.4 0.163461038205 542.698414394 3241.78062505
24.5 0.160966508073 538.581332731 3265.30822973
24.6 0.158519975774 534.476447982 3288.69055706
24.7 0.156120328254 530.463387551 3312.41966831
24.8 0.153766482628 526.474678909 3336.0848641
24.9 0.151457385249 522.507241336 3359.66475675
25.0 0.149192010803 518.639044273 3383.66562825
25.1 0.146969361439 514.771995211 3407.45807656
25.2 0.144788465924 510.965180659 3431.43099277
25.3 0.142648378839 507.210169271 3455.5361778
25.4 0.140548179785 503.497831162 3479.71756565
25.5 0.138486972635 499.798003482 3503.76824226
25.6 0.136463884795 495.960544128 3526.61623014
25.7 0.1344780665 492.313060981 3550.57421961
25.8 0.132528690134 488.765619281 3575.03404421
25.9 0.130614949563 485.25593641 3599.55654868
26.0 0.128736059504 481.766334642 3624.01262352
26.1 0.126891254905 478.336928019 3648.70667941
26.2 0.12507979035 474.969007167 3673.65999802
26.3 0.123300939481 471.575557565 3698.20221111
26.4 0.121553994443 468.243233948 3723.00624864
26.5 0.119838265344 464.739951389 3746.21355218
26.6 0.118153079732 461.484906242 3771.18503784
26.7 0.116497782096 458.267321141 3796.24967492
26.8 0.11487173337 455.086909001 3821.41008251
26.9 0.113274310469 451.954051862 3846.75972762
27.0 0.111704905826 448.842445124 3872.08055191
27.1 0.110162926954 445.762806907 3897.46618002
27.2 0.108647796017 442.707186473 3922.84992304
27.3 0.107158949412 439.717875024 3948.6126207
27.4 0.105695837374 436.72186409 3974.10628687
27.5 0.104257923582 433.691760504 3999.06856134
27.6 0.102844684788 430.496820249 4022.25792368
27.7 0.101455610448 427.527125489 4047.29850421
27.8 0.100090202372 424.675657658 4073.23978638
27.9 0.0987479743792 421.849272999 4099.21373166
28.0 0.0974284519714 418.987520706 4124.62758283
28.1 0.0961311720078 416.205170904 4150.60507552
28.2 0.0948556823961 413.473544183 4176.87991921
28.3 0.0936015417901 410.766447079 4203.19677819
28.4 0.0923683192981 408.077648892 4229.4937034
28.5 0.0911555941993 405.440359612 4256.11956859
28.6 0.089962955669 402.787509237 4282.37499513
28.7 0.088790002513 400.19691366 4309.0845951
28.8 0.0876363429086 397.631237622 4335.85974652
28.9 0.0865015941546 395.06473322 4362.41955911
29.0 0.0853853824281 392.418152941 4387.87070176
29.1 0.0842873425492 389.843008364 4413.88790665
29.2 0.0832071177522 387.283967099 4439.85992977
29.3 0.0821443594638 384.739128306 4465.76451588
29.4 0.0810987270878 382.305802739 4492.74427349
29.5 0.0800698877965 379.910602981 4519.96771237
29.6 0.0790575163277 377.402163907 4545.62177808
29.7 0.0780612947883 374.831389967 4570.27006914
29.8 0.0770809124628 372.339841557 4595.62462845
29.9 0.0761160656284 369.979873772 4622.36795265
30.0 0.0751664573745 367.706220196 4649.98049495
30.1 0.0742317974283 365.4545969 4677.67245677
30.2 0.0733118019848 363.187669372 4704.96392931
30.3 0.0724061935416 360.996570894 4733.03611175
30.4 0.0715147007396 358.799409764 4760.83169374
30.5 0.0706370582065 356.609230183 4788.51659385
30.6 0.069773006406 354.472759223 4816.72269301
30.7 0.0689222914913 352.32954731 4844.63841789
30.8 0.0680846651619 350.208612039 4872.65791254
30.9 0.0672598845252 348.136612463 4901.16111713
31.0 0.0664477119614 346.041024163 4929.13300788
31.1 0.0656479149931 343.998071427 4957.65407225
31.2 0.0648602661575 341.958268472 4986.02309295
31.3 0.0640845428827 339.933069476 5014.40446044
31.4 0.0633205273676 337.94685453 5043.16330027
31.5 0.0625680064645 335.950738567 5071.57567852
31.6 0.0618267715657 333.958961509 5099.84776002
31.7 0.0610966184925 331.883947268 5126.6228464
31.8 0.060377347388 329.960076781 5155.51246861
31.9 0.0596687626121 328.050317657 5184.42554851
32.0 0.0589706726396 326.148181176 5213.25996741
32.1 0.0582828899617 324.29403101 5242.66638826
32.2 0.0576052309888 322.419964147 5271.55497062
32.3 0.0569375159576 320.576430451 5300.74295579
32.4 0.0562795688393 318.764157516 5330.25356834
32.5 0.0556312172509 316.948894025 5359.51932261
32.6 0.0549922923689 315.039702754 5386.97769425
32.7 0.054362628845 313.255369596 5416.35181983
32.8 0.0537420647246 311.505041143 5446.11906731
32.9 0.0531304413667 309.756433607 5475.72267917
33.0 0.0525276033664 308.01820473 5505.3126395
33.1 0.0519333984794 306.313016171 5535.29879585
33.2 0.0513476775487 304.602205443 5564.98870654
33.3 0.0507702944322 302.933923939 5595.26265269
33.4 0.0502011059339 301.243979171 5624.9420187
33.5 0.0496399717352 299.59417634 5655.17458153
33.6 0.0490867543291 297.952380124 5685.36610448
33.7 0.0485413189555 296.321899538 5715.57975383
33.8 0.0480035335387 294.715547805 5746.06679057
33.9 0.0474732686257 293.109577151 5776.36879811
34.0 0.0469503973271 291.521264936 5806.82460801
34.1 0.0464347952588 289.948167421 5837.39072776
34.2 0.0459263404852 288.386356661 5867.99149047
34.3 0.0454249134644 286.835809832 5898.62823527
34.4 0.0449303969941 285.308245291 5929.5463651
34.5 0.0444426761593 283.672561504 5958.00201008
34.6 0.0439616382813 282.143600755 5988.47778998
34.7 0.0434871728676 280.63808622 6019.25307873
34.8 0.0430191715637 279.150786392 6050.22479603
34.9 0.0425575281056 277.691457992 6081.61355976
35.0 0.0421021382736 276.121506099 6110.36614181
35.1 0.0416528998472 274.644051459 6140.94248403
35.2 0.0412097125614 273.209644222 6172.28390771
35.3 0.0407724780638 271.79235527 6203.8232733
35.4 0.0403410998728 270.379829777 6235.28245318
35.5 0.0399154833368 268.976359641 6266.75957248
35.6 0.0394955355947 267.583102541 6298.28309771
35.7 0.0390811655369 266.085628758 6327.13416289
35.8 0.0386722837675 264.721917483 6358.94819134
35.9 0.0382688025676 263.369472223 6390.84495946
36.0 0.0378706358592 262.021315826 6422.6565826
36.1 0.0374776991697 260.683422649 6454.52901403
36.2 0.0370899095983 259.371939174 6486.86858854
36.3 0.0367071857819 258.053410395 6518.84495569
36.4 0.0363294478629 256.743021886 6550.83515842
36.5 0.0359566174569 255.339289395 6580.22499296
36.6 0.035588617622 254.057529875 6612.54150879
36.7 0.0352253728281 252.788767694 6645.00919178
36.8 0.0348668089273 251.520651063 6677.30525086
36.9 0.0345128531252 250.27072568 6709.89558546
37.0 0.0341634339523 249.031540227 6742.58784019
37.1 0.0338184812364 247.802554295 6775.37083859
37.2 0.0334779260758 246.580365361 6808.15388425
37.3 0.0331417008131 245.272296693 6838.35365571
37.4 0.032809739009 244.047160885 6870.64762839
37.5 0.0324819754177 242.846384148 6903.43346185
37.6 0.032158345962 241.667133821 6936.64499169
37.7 0.0318387877094 240.48818644 6969.6801573
37.8 0.031523238849 239.321785475 7002.89262965
37.9 0.0312116386682 238.163014637 7036.1428993
38.0 0.0309039275305 236.920975223 7066.72135802
38.1 0.0306000468538 235.667306482 7096.70904035
38.2 0.0302999390888 234.504128424 7129.19510453
38.3 0.0300035476984 233.281747303 7159.65851906
38.4 0.0297108171372 232.172388817 7193.37852926
38.5 0.0294216928316 231.06821927 7227.07672871
38.6 0.0291361211603 229.969696777 7260.76747133
38.7 0.0288540494352 228.849959092 7293.59496779
38.8 0.0285754258832 227.695373896 7325.0968476
38.9 0.0283001996275 226.623053331 7359.03959078
39.0 0.0280283206699 225.554364435 7392.91577644
39.1 0.0277597398739 224.501293889 7427.12062991
39.2 0.0274944089472 223.363227347 7458.30431147
39.3 0.0272322804253 222.257429783 7490.33506914
39.4 0.026973307655 221.226968704 7524.70284081
39.5 0.0267174447792 220.194619226 7558.82271116
39.6 0.0264646467205 219.102591808 7590.68623238
39.7 0.0262148691664 218.063469613 7624.16799872
39.8 0.0259680685546 217.065051243 7658.88338098
39.9 0.0257242020583 216.07452599 7693.69880259
40.0 0.0254832275719 215.079493531 7728.17189993
40.1 0.0252451036971 214.100812542 7763.05008496
40.2 0.0250097897295 213.120264788 7797.67840315
40.3 0.024777245645 212.121047647 7831.43018889
40.4 0.0245474320872 211.147645017 7865.93942004
40.5 0.024320310354 210.195753018 7901.06566477
40.6 0.0240958423858 209.249806667 7936.2358781
40.7 0.0238739907528 208.307954315 7971.38085844
40.8 0.0236547186434 207.36928959 8006.46541278
40.9 0.0234379898524 206.449179478 8042.08704022
41.0 0.0232237687694 205.525377123 8077.38630391
41.1 0.0230120203678 204.604257931 8112.60780113
41.2 0.0228027101939 203.706589853 8148.58073319
41.3 0.0225958043558 202.78637141 8183.46919014
41.4 0.0223912695134 201.815343059 8216.09436704
41.5 0.0221890728677 200.92141954 8251.65057299
41.6 0.0219891821511 200.035416956 8287.35009855
41.7 0.0217915656173 199.163853942 8323.46966542
41.8 0.0215961920315 198.293231635 8359.45171281
41.9 0.0214030306615 197.427008272 8395.44010884
42.0 0.0212120512679 196.572791729 8431.76181212
42.1 0.0210232240953 195.694785455 8466.87720687
42.2 0.0208365198635 194.823118315 8502.07021538
42.3 0.0206519097586 193.981373949 8538.38168086
42.4 0.0204693654246 193.144376009 8574.72353104
42.5 0.0202888589551 192.311896735 8611.08680752
42.6 0.0201103628851 191.494634544 8647.95567131
42.7 0.019933850183 190.669567863 8684.29501752
42.8 0.0197592942426 189.857606283 8721.05213066
42.9 0.019586668876 189.050008767 8757.83326095
43.0 0.0194159483052 188.242278742 8794.42936816
43.1 0.0192471071557 187.452279369 8831.67779527
43.2 0.0190801204483 186.608406971 8866.19352145
43.3 0.018914963593 185.787712248 8901.59950132
43.4 0.0187516123813 184.952193028 8936.08319394
43.5 0.0185900429797 184.182478254 8973.55057902
43.6 0.0184302319233 183.4126684 9010.840147
43.7 0.0182721561088 182.645384526 9048.07763308
43.8 0.0181157927885 181.876538612 9085.05794183
43.9 0.0179611195637 181.131585586 9123.05718968
44.0 0.017808114379 180.338242041 9158.43036057
44.1 0.0176567555159 179.559764534 9194.35158845
44.2 0.0175070215869 178.818943653 9232.01205183
44.3 0.01735889153 178.082159748 9269.70557464
44.4 0.0172123446029 177.348898591 9307.40639485
44.5 0.0170673603773 176.623266293 9345.33236886
44.6 0.0169239187337 175.901122154 9383.26857383
44.7 0.0167819998558 175.153382898 9419.65156913
44.8 0.0166415842255 174.407434035 9455.92858112
44.9 0.0165026526177 173.702518023 9494.24275713
45.0 0.0163651860949 172.994142318 9532.19291041
45.1 0.0162291660031 172.295124105 9570.48251709
45.2 0.0160945739659 171.605269021 9609.10937624
45.3 0.0159613918807 170.910804705 9647.30462926
45.4 0.0158296019134 170.226079531 9685.87461883
45.5 0.0156991864941 169.541376439 9724.27147305
45.6 0.0155701283126 168.859872006 9762.67506191
45.7 0.0154424103141 168.192373351 9801.71578066
45.8 0.0153160156946 167.522453554 9840.44436389
45.9 0.0151909278969 166.802538755 9876.03692146
46.0 0.0150671306063 166.122671368 9913.79274113
46.1 0.0149446077467 165.432672249 9950.74607939
46.2 0.0148233434767 164.733269397 9986.92271519
46.3 0.0147033221851 164.086967616 10026.1243472
46.4 0.0145845284879 163.444204182 10065.3711643
46.5 0.0144669472237 162.804993993 10104.6655043
46.6 0.0143505634507 162.164593326 10143.7121083
46.7 0.0142353624425 161.527982979 10182.8195213
46.8 0.0141213296849 160.903856189 10222.541895
46.9 0.0140084508724 160.236504834 10259.3272334
47.0 0.0138967119044 159.61778069 10299.0340132
47.1 0.0137860988823 158.949272155 10335.3321072
47.2 0.0136765981059 158.314898199 10373.6416384
47.3 0.0135681960702 157.704001735 10413.3065761
47.4 0.0134608794622 157.102653482 10453.4320525
47.5 0.013354635158 156.498697052 10493.2139772
47.6 0.0132494502194 155.900481401 10533.2088319
47.7 0.0131453118909 155.30492389 10573.2120203
47.8 0.0130422075972 154.714610578 10613.4014886
47.9 0.0129401249397 154.075397661 10650.039315
48.0 0.0128390516941 153.481422975 10689.6013363
48.1 0.0127389758071 152.899992383 10729.8608785
48.2 0.0126398853943 152.326305432 10770.4948527
48.3 0.012541768737 151.751478906 10810.879256
48.4 0.0124446142798 151.177497842 10851.1512196
48.5 0.0123484106277 150.588694607 10890.1755263
48.6 0.0122531465439 149.945639808 10925.0516557
48.7 0.0121588109472 149.358398511 10963.7664965
48.8 0.0120653929094 148.79722974 11004.2082237
48.9 0.0119728816528 148.240234477 11044.7846349
49.0 0.0118812665482 147.69255784 11085.8853412
49.1 0.0117905371121 147.147088068 11126.9846406
49.2 0.011700683005 146.602074921 11167.9494662
49.3 0.0116116940283 146.060972352 11209.0422065
49.4 0.011523560123 145.52426071 11250.3031806
49.5 0.0114362713667 144.979169663 11290.7419113
49.6 0.0113498179723 144.42384272 11330.194933
49.7 0.0112641902851 143.893592863 11371.4317123
49.8 0.0111793787811 143.368000692 11412.8666558
49.9 0.0110953740653 142.844390686 11454.2899233
50.0 0.0110121668689 142.327106996 11496.0524752
50.1 0.0109297480482 141.807505351 11537.4587678
50.2 0.0108481085821 141.296290329 11579.3785773
50.3 0.0107672395705 140.778011747 11620.5481085
50.4 0.0106871322323 140.151013899 11652.4994535
50.5 0.0106077779035 139.651952532 11694.8515847
50.6 0.0105291680358 139.145233138 11736.3947628
50.7 0.0104512941944 138.651698064 11778.882381
50.8 0.0103741480565 138.152744905 11820.7435039
50.9 0.0102977214094 137.656840148 11862.6945005
51.0 0.0102220061491 137.161069423 11904.4847173
51.1 0.0101469942785 136.622204623 11942.3324422
51.2 0.0100726779058 136.136262885 11984.6066038
51.3 0.00999904924287 135.657510882 12027.3480673
51.4 0.00992610060376 135.171705893 12069.2953928
51.5 0.00985382440315 134.699755521 12112.3119902
51.6 0.0097822131548 134.224771672 12154.8916198
51.7 0.00971125947012 133.754823181 12197.7610945
51.8 0.00964095605667 133.283262425 12240.3163556
51.9 0.00957129571675 132.812757979 12282.7978502
52.0 0.00950227134598 132.358477289 12326.6169249
52.1 0.00943387593191 131.89325504 12369.2544077
52.2 0.00936610255267 131.433301919 12412.2165655
52.3 0.00929894437562 130.973177623 12454.9932046
52.4 0.00923239465604 130.51703416 12497.9783545
52.5 0.0091664467358 130.016172613 12536.4810517
52.6 0.00910109404216 129.564515252 12579.5274113
52.7 0.00903633008643 129.119924737 12623.093453
52.8 0.0089721484628 128.677058077 12666.6643345
52.9 0.00890854284709 128.232853432 12709.9369384
53.0 0.00884550699558 127.750235729 12749.2053653
53.1 0.00878303474385 127.307128338 12792.2174561
53.2 0.00872112000557 126.838917615 12832.5141711
53.3 0.00865975677143 126.38639019 12874.1948721
53.4 0.00859893910798 125.957255646 12918.0794924
53.5 0.00853866115657 125.52809199 12961.7952357
53.6 0.00847891713222 125.102966373 13005.7617549
53.7 0.0084197013226 124.641031596 13045.7091515
53.8 0.00836100808699 124.20150702 13087.7962746
53.9 0.00830283185521 123.788998984 13132.5562198
54.0 0.00824516712663 123.372712432 13176.7547036
54.1 0.00818800846919 122.955784775 13220.717898
54.2 0.00813135051842 122.546693453 13265.359
54.3 0.00807518797642 122.101809495 13305.93757
54.4 0.00801951561101 121.67557198 13348.3443707
54.5 0.00796432825471 121.271469471 13393.0022965
54.6 0.00790962080387 120.868512009 13437.6234977
54.7 0.00785538821775 120.470547772 13482.6381705
54.8 0.00780162551762 120.0718089 13527.4046273
54.9 0.00774832778594 119.670715597 13571.7389773
55.0 0.00769549016542 119.279583046 13617.0388082
55.1 0.00764310785822 118.885812996 13661.8758949
55.2 0.00759117612514 118.494765916 13706.8613426
55.3 0.00753969028472 118.107484695 13752.1198058
55.4 0.00748864571253 117.719252549 13797.1041251
55.5 0.00743803784028 117.338627374 13842.8187418
55.6 0.00738786215513 116.950593926 13887.4953051
55.7 0.00733811419883 116.54431662 13929.8185111
55.8 0.00728878956705 116.117176944 13969.427588
55.9 0.00723988390856 115.740842472 14014.9483598
56.0 0.00719139292454 115.36544098 14060.419184
56.1 0.00714331236783 114.994387016 14106.258201
56.2 0.00709563804224 114.623647983 14151.974964
56.3 0.00704836580185 114.254034768 14197.6680863
56.4 0.00700149155029 113.883376663 14243.0658785
56.5 0.00695501124011 113.523223157 14289.6166719
56.6 0.00690892087204 113.157539629 14335.3117269
56.7 0.00686321649442 112.79794074 14381.6155483
56.8 0.00681789420248 112.435215325 14427.358202
56.9 0.00677295013773 112.04619638 14469.5373504
57.0 0.00672838048735 111.679278604 14514.3745495
57.1 0.00668418148352 111.294452579 14556.6885671
57.2 0.00664034940285 110.924791624 14600.785005
57.3 0.0065968805658 110.573858567 14647.1706917
57.4 0.00655377133601 110.224545249 14693.6092081
57.5 0.00651101811982 109.83842257 14734.9465031
57.6 0.0064686173656 109.486241264 14780.6373407
57.7 0.00642656556326 109.142011794 14827.2345119
57.8 0.00638485924366 108.7982596 14873.7337023
57.9 0.00634349497805 108.457751526 14920.5139491
58.0 0.00630246937756 108.074164607 14961.1681429
58.1 0.00626177909266 107.738156575 15008.210107
58.2 0.00622142081263 107.402509703 15055.142274
58.3 0.00618139126504 107.032194667 15097.0218771
58.4 0.00614168721526 106.700003096 15144.0859936
58.5 0.00610230546594 106.370284384 15191.3410618
58.6 0.00606324285654 106.038436369 15238.1295395
58.7 0.00602449626281 105.715610228 15286.0553767
58.8 0.00598606259637 105.389422245 15333.3382892
58.9 0.00594793880417 105.062000859 15380.278075
59.0 0.00591012186807 104.740559005 15427.9310649
59.1 0.00587260880437 104.420950246 15475.6962371
59.2 0.00583539666337 104.106448375 15524.0640547
59.3 0.0057984825289 103.78344036 15571.0034209
59.4 0.00576186351791 103.451657918 15616.4476741
59.5 0.00572553678005 103.107903896 15659.8841066
59.6 0.00568949949718 102.79725471 15708.1644564
59.7 0.00565374888303 102.484795726 15756.0105092
59.8 0.00561828218275 102.160962639 15801.9351229
59.9 0.0055830966725 101.822828633 15845.4480098
60.0 0.00554818965906 101.515417671 15893.5548375
60.1 0.00551355847944 101.209470981 15941.7314258
60.2 0.00547920050047 100.904678003 15989.9300595
60.3 0.00544511311846 100.601954277 16038.2973267
60.4 0.00541129375876 100.302181018 16086.9778493
60.5 0.00537773987545 100.002171006 16135.4632466
60.6 0.00534444895092 99.7003335506 16183.4919819
60.7 0.00531141849556 99.4101640147 16233.2597888
60.8 0.00527864604736 99.1094884055 16281.1556081
60.9 0.00524612917159 98.816885202 16330.2161307
61.0 0.00521386546042 98.5240208544 16379.0771502
61.1 0.00518185253263 98.2333854987 16428.151715
61.2 0.00515008803321 97.9386097828 16476.3723261
61.3 0.00511856963309 97.6537766802 16526.1072329
61.4 0.00508729502876 97.3626897801 16574.6265007
61.5 0.005056261942 97.0408785375 16617.7181966
61.6 0.00502546811951 96.7174431708 16660.2990292
61.7 0.00499491133264 96.4346794555 16709.6897613
61.8 0.00496458937705 96.1527600557 16759.0701837
61.9 0.00493450007244 95.863850382 16807.0667322
62.0 0.0049046412622 95.5501139529 16850.5097044
62.1 0.00487501081317 95.2728723734 16900.1970191
62.2 0.00484560661531 94.9923844856 16949.1485413
62.3 0.00481642658143 94.7217054178 16999.6945509
62.4 0.0047874686469 94.446277512 17049.2353529
62.5 0.00475873076936 94.1725172672 17098.9185035
62.6 0.00473021092847 93.9012850214 17148.9038395
62.7 0.00470190712563 93.6307102608 17198.8532578
62.8 0.00467381738369 93.3622897204 17249.0428497
62.9 0.0046459397467 93.0893137201 17298.2301707
63.0 0.00461827227968 92.8281113723 17349.4499003
63.1 0.0045908130683 92.5608626234 17399.387784
63.2 0.00456356021868 92.2945020728 17449.3327822
63.3 0.00453651185713 92.0325276055 17499.9503743
63.4 0.00450966612986 91.769541844 17550.2201902
63.5 0.00448302120282 91.5074856555 17600.5097141
63.6 0.00445657526137 91.2486288641 17651.2585789
63.7 0.0044303265101 90.9901542205 17701.9267981
63.8 0.00440427317259 90.7335689038 17752.8080548
63.9 0.00437841349117 90.4761427706 17803.3689607
64.0 0.00435274572668 90.2203223709 17854.0883747
64.1 0.00432726815829 89.9410774525 17899.987721
64.2 0.00430197908323 89.6363763208 17940.5785093
64.3 0.00427687681658 89.3854369043 17991.7164909
64.4 0.00425195969111 89.1353032634 18042.8627261
64.5 0.00422722605699 88.8841077374 18093.6373382
64.6 0.00420267428163 88.636543111 18144.9948904
64.7 0.00417830274946 88.3909677444 18196.6075056
64.8 0.00415410986173 88.1407750245 18247.1119381
64.9 0.00413009403631 87.860615304 18291.21227
65.0 0.00410625370748 87.5802645671 18335.0347502
65.1 0.00408258732576 87.3347527499 18385.9503743
65.2 0.00405909335768 87.0639507793 18431.3498711
65.3 0.00403577028562 86.7845593942 18474.6964289
65.4 0.00401261660763 86.5011839652 18516.942511
65.5 0.00398963083719 86.2639514701 18568.861068
65.6 0.00396681150312 86.0271357674 18620.7170323
65.7 0.00394415714929 85.7905149414 18672.4612184
65.8 0.00392166633454 85.5579466406 18724.9362128
65.9 0.00389933763243 85.3210765591 18776.3158227
66.0 0.00387716963114 85.0858185808 18827.8906548
66.1 0.00385516093321 84.8395652665 18876.8590213
66.2 0.00383331015546 84.5871744772 18924.2649525
66.3 0.00381161592876 84.357234309 18976.5142478
66.4 0.0037900768979 84.1230749608 19027.6549483
66.5 0.00376869172142 83.8651877571 19073.2322043
66.6 0.00374745907144 83.6378325937 19125.5627108
66.7 0.00372637763352 83.4082968604 19177.2367767
66.8 0.00370544610647 83.1887905854 19231.0664839
66.9 0.00368466320226 82.9611030085 19282.8545358
67.0 0.0036640276458 82.725078379 19332.5312611
67.1 0.00364353817483 82.4814474476 19380.234241
67.2 0.00362319353975 82.2594323401 19432.8352766
67.3 0.00360299250351 82.0269155689 19482.7861848
67.4 0.00358293384141 81.7888331061 19531.2229036
67.5 0.00356301634102 81.5694478993 19583.9466864
67.6 0.00354323880199 81.3531495335 19637.2594127
67.7 0.00352360003594 81.115143193 19685.1535385
67.8 0.00350409886631 80.8882019463 19735.5380191
67.9 0.00348473412824 80.6597803608 19785.3763521
68.0 0.0034655046684 80.425528277 19833.5874483
68.1 0.00344640934493 80.2077079368 19885.6651475
68.2 0.00342744702722 79.9975803958 19939.4939272
68.3 0.00340861659586 79.755020909 19985.0476276
68.4 0.00338991694246 79.5412104608 20037.6065649
68.5 0.00337134696955 79.3350043605 20091.9285218
68.6 0.00335290559047 79.1079773923 20140.8048171
68.7 0.00333459172921 78.8897693974 20191.7351981
68.8 0.00331640432032 78.6798046857 20244.6048344
68.9 0.00329834230879 78.4749898886 20298.644795
69.0 0.0032804046499 78.2691443271 20352.2667112
69.1 0.00326259030917 78.0669184291 20406.6797306
69.2 0.00324489826216 77.8559329174 20458.6435601
69.3 0.00322732749445 77.6309856106 20506.7455031
69.4 0.00320987700143 77.4288711511 20560.6956939
69.5 0.0031925457883 77.2245898828 20613.9135902
69.6 0.00317533286985 77.0296625167 20669.479242
69.7 0.00315823727043 76.8199204131 20720.9106197
69.8 0.00314125802383 76.5940547447 20767.7881516
69.9 0.00312439417316 76.3796193265 20817.5510096
70.0 0.00310764477073 76.1822337817 20871.7847838
70.1 0.00309100887799 75.9827741472 20925.2931507
70.2 0.00307448556543 75.7442226935 20967.8176064
70.3 0.00305807391241 75.5264359558 21015.8432688
70.4 0.00304177300717 75.3177880115 21066.2051673
70.5 0.00302558194662 75.1285212722 21121.819917
70.6 0.00300949983635 74.875654293 21159.3194477
70.7 0.00299352579046 74.684808803 21214.1065397
70.8 0.00297765893148 74.473409261 21262.87377
70.9 0.00296189839032 74.2736827003 21314.7769214
71.0 0.00294624330613 74.0847611038 21369.6146431
71.1 0.00293069282624 73.8874656247 21421.8720479
71.2 0.00291524610603 73.6809860946 21471.2736202
71.3 0.00289990230892 73.4709302757 21519.4185297
71.4 0.0028846606062 73.2601544377 21567.1291294
71.5 0.00286952017698 73.0460981735 21613.6420334
71.6 0.00285448020813 72.8476857918 21664.5678645
71.7 0.00283953989416 72.6430543933 21713.4399301
71.8 0.00282469843713 72.4215692157 21757.0326458
71.9 0.00280995504662 72.242760463 21813.2413459
72.0 0.00279530893959 72.0583640043 21867.6120144
72.1 0.00278075934034 71.8811601315 21924.01491
72.2 0.00276630548042 71.6754480918 21971.5372627
72.3 0.00275194659855 71.4830327343 22022.9244405
72.4 0.00273768194054 71.2531726833 22062.5243572
72.5 0.00272351075923 71.058846576 22112.8702482
72.6 0.00270943231439 70.8687493981 22164.3348197
72.7 0.00269544587266 70.6838995985 22217.2556672
72.8 0.00268155070749 70.4907315206 22267.3699427
72.9 0.00266774609905 70.3148148656 22322.7535955
73.0 0.00265403133415 70.1430578369 22379.309214
73.1 0.00264040570621 69.9447902291 22427.2203661
73.2 0.00262686851512 69.7516996108 22476.569039
73.3 0.00261341906727 69.5551490814 22524.5806226
73.4 0.00260005667538 69.3683877858 22575.547861
73.5 0.0025867806585 69.1974116001 22631.4765899
73.6 0.00257359034192 69.0073020604 22680.9642693
73.7 0.0025604850571 68.8201005969 22731.195861
73.8 0.00254746414162 68.6342307933 22781.6599026
73.9 0.00253452693911 68.4660966856 22837.8323447
74.0 0.00252167279918 68.3005494145 22894.7201737
74.1 0.00250890107736 68.1157506871 22944.9778193
74.2 0.00249621113505 67.9410245126 22998.4341293
74.3 0.00248360233944 67.7520562359 23046.86587
74.4 0.00247107406347 67.5844222043 23102.3607544
74.5 0.00245862568573 67.4202988981 23158.9008636
74.6 0.00244625659047 67.2563442656 23215.3481607
74.7 0.00243396616749 67.0955850424 23272.7513082
74.8 0.00242175381207 66.9347801761 23329.9947834
74.9 0.00240961892496 66.769105387 23385.3866891
75.0 0.00239756091232 66.586962314 23434.8182144
75.1 0.00238557918559 66.4265478256 23491.7112561
75.2 0.00237367316155 66.2691905952 23549.5399565
75.3 0.00236184226217 66.1122565467 23607.3774781
75.4 0.0023500859146 65.9547991085 23664.8844018
75.5 0.00233840355113 65.7950462258 23721.417149
75.6 0.00232679460908 65.6412796143 23779.9620002
75.7 0.00231525853081 65.4820044967 23836.3639492
75.8 0.00230379476365 65.329031671 23894.9121089
75.9 0.00229240275982 65.1739748419 23952.5554999
76.0 0.00228108197643 65.0202620853 24010.547088
76.1 0.00226983187539 64.8663463338 24068.3179817
76.2 0.00225865192336 64.7130387169 24126.1675378
76.3 0.00224754159174 64.5611685488 24184.4076822
76.4 0.0022365003566 64.4096391686 24242.6313757
76.5 0.00222552769862 64.2565788285 24300.130649
76.6 0.00221462310304 64.1073228838 24358.9225706
76.7 0.00220378605967 63.9446494096 24412.4508391
76.8 0.00219301606276 63.7719883544 24461.9563473
76.9 0.00218231261102 63.6039287181 24513.0051052
77.0 0.00217167520756 63.4563650313 24571.7746198
77.1 0.00216110335982 63.3076076718 24629.9366397
77.2 0.00215059657955 63.1607874243 24688.7064501
77.3 0.00214015438277 62.9893296255 24737.6561872
77.4 0.00212977628972 62.8179372134 24786.394544
77.5 0.00211946182481 62.6686357602 24843.6510567
77.6 0.00210921051658 62.509161209 24896.6961743
77.7 0.00209902189769 62.3475891293 24948.7024236
77.8 0.00208889550481 62.1823722431 24999.0337767
77.9 0.00207883087868 62.014879269 25048.2202792
78.0 0.00206882756396 61.8728339512 25107.4968085
78.1 0.00205888510928 61.7120561193 25158.9938773
78.2 0.00204900306714 61.5613598391 25214.4046387
78.3 0.00203918099393 61.3965520604 25263.829328
78.4 0.00202941844981 61.2543211495 25322.351836
78.5 0.00201971499877 61.1094427002 25379.6236125
78.6 0.00201007020851 60.9559566002 25433.1406672
78.7 0.00200048365046 60.7790251175 25476.6316693
78.8 0.00199095489969 60.5880506624 25513.9176462
78.9 0.00198148353494 60.452097135 25574.1314531
79.0 0.00197206913852 60.3129327715 25632.8436397
79.1 0.00196271129633 60.1788549788 25693.576132
79.2 0.00195340959776 60.0255953055 25745.9478394
79.3 0.00194416363573 59.8632162994 25794.1794348
79.4 0.00193497300661 59.7137455027 25847.7495321
79.5 0.00192583731019 59.5616607284 25899.9827893
79.6 0.00191675614966 59.4221517229 25957.4968381
79.7 0.00190772913155 59.2726709888 26010.4703014
79.8 0.00189875586575 59.1389123027 26070.1679029
79.9 0.00188983596542 58.9843054683 26120.4875481
80.0 0.00188096904699 58.848614721 26178.9905848
80.1 0.00187215473014 58.7142629719 26237.9347093
80.2 0.0018633926377 58.5653897729 26290.206351
80.3 0.00185468239574 58.4299473718 26348.3197087
80.4 0.0018460236334 58.2995492445 26408.5559348
80.5 0.00183741598298 58.154831939 26462.1331733
80.6 0.00182885907983 58.0208830971 26520.4284716
80.7 0.00182035256236 57.8930171975 26581.3549781
80.8 0.00181189607199 57.7565393366 26638.1710219
80.9 0.00180348925316 57.618162827 26693.931397
81.0 0.00179513175323 57.4906322713 26754.5532506
81.1 0.00178682322254 57.3650286855 26815.933248
81.2 0.00177856331428 57.2357528406 26875.4525363
81.3 0.00177035168458 57.1086505262 26935.8433976
81.4 0.00176218799238 56.9863773166 26998.3758559
81.5 0.00175407189946 56.8596906871 27058.680368
81.6 0.00174600307038 56.7246652096 27114.8507101
81.7 0.0017379811725 56.5901326693 27171.0722511
81.8 0.0017300058759 56.4442235474 27221.621779
81.9 0.00172207685339 56.3053226508 27275.3300706
82.0 0.00171419378046 56.1291531716 27310.6963832
82.1 0.0017063563353 55.9797013052 27358.7491344
82.2 0.00169856419869 55.858107386 27420.2186967
82.3 0.00169081705408 55.7344736571 27480.5427498
82.4 0.00168311458748 55.6161890944 27543.3655166
82.5 0.00167545648748 55.4529646077 27583.7051864
82.6 0.00166784244521 55.327327613 27642.4966393
82.7 0.00166027215432 55.2073831955 27703.9798041
82.8 0.00165274531096 55.0898036893 27766.5132627
82.9 0.00164526161376 54.9677247154 27826.6359606
83.0 0.00163782076379 54.8502598472 27888.9500631
83.1 0.00163042246456 54.7298624283 27949.63063
83.2 0.00162306642196 54.6135326759 28012.2468129
83.3 0.00161575234429 54.4964196196 28074.3251467
83.4 0.00160847994219 54.3566796931 28124.5566068
83.5 0.00160124892866 54.2030835597 28167.3441361
83.6 0.001594059019 54.0810040213 28226.2726883
83.7 0.00158690993081 53.9482921641 28279.4600677
83.8 0.00157980138397 53.8198407807 28334.6724309
83.9 0.00157273310061 53.6922669797 28390.1481487
84.0 0.00156570480508 53.5303377506 28427.1808204
84.1 0.00155871622396 53.382331705 28471.2807796
84.2 0.00155176708601 53.2419411536 28519.1628575
84.3 0.00154485712217 53.1129137152 28572.8935282
84.4 0.00153798606554 52.9978805569 28633.9711656
84.5 0.00153115365131 52.8872588327 28697.2916475
84.6 0.00152435961684 52.7726477517 28758.3061231
84.7 0.00151760370154 52.6629291679 28821.8458356
84.8 0.00151088564691 52.5308843441 28872.9830429
84.9 0.00150420519651 52.4185282052 28934.7502663
85.0 0.00149756209593 52.3067409182 28996.6857258
85.1 0.00149095609276 52.198800878 29060.6169158
85.2 0.00148438693663 52.0745694682 29115.309901
85.3 0.00147785437911 51.9592132506 29174.7773011
85.4 0.00147135817376 51.8485044736 29236.6968502
85.5 0.00146489807607 51.7401015183 29299.7741669
85.6 0.00145847384347 51.6238697205 29358.2606462
85.7 0.0014520852353 51.5032802723 29414.0803173
85.8 0.00144573201277 51.3975278743 29478.2084543
85.9 0.001439413939 51.2891269225 29540.6801922
86.0 0.00143313077895 51.163779933 29593.2048407
86.1 0.00142688229942 51.0550642404 29655.1596731
86.2 0.00142066826904 50.9162766874 29699.4230588
86.3 0.00141448845825 50.7988318023 29755.8878767
86.4 0.00140834263929 50.6941198075 29819.6452175
86.5 0.00140223058617 50.5893300588 29883.2204262
86.6 0.00139615207466 50.4837672374 29946.1988249
86.7 0.00139010688227 50.3347681393 29983.1595834
86.8 0.00138409478826 50.1735204376 30012.4311566
86.9 0.00137811557359 50.0637524842 30072.1990374
87.0 0.00137216902092 49.9236871975 30113.5211654
87.1 0.00136625491459 49.8209873019 30177.1507486
87.2 0.00136037304061 49.7183316233 30240.6684749
87.3 0.00135452318667 49.6166634945 30304.649205
87.4 0.00134870514206 49.5098532639 30365.3393969
87.5 0.00134291869772 49.3927258279 30419.510876
87.6 0.0013371636462 49.2927492383 30484.0697337
87.7 0.00133143978163 49.1902676371 30546.9398273
87.8 0.00132574689974 49.0896727205 30610.8387363
87.9 0.00132008479782 48.9902316494 30675.3205382
88.0 0.00131445327472 48.8903391442 30739.3832621
88.1 0.00130885213083 48.7852669072 30800.0366243
88.2 0.00130328116805 48.6522521944 30842.8082112
88.3 0.00129774018984 48.5434979377 30900.7073795
88.4 0.0012922290011 48.4411631606 30962.5189073
88.5 0.00128674740826 48.339738261 31024.7554713
88.6 0.00128129521922 48.2135632293 31070.8861557
88.7 0.00127587224332 48.1131361062 31133.3895683
88.8 0.00127047829137 48.0161205201 31197.9554759
88.9 0.00126511317562 47.9097915668 31256.3077115
89.0 0.00125977670972 47.7888815583 31304.9194477
89.1 0.00125446870876 47.6497477759 31341.2758431
89.2 0.00124918898919 47.5319645425 31391.3639302
89.3 0.0012439373689 47.4340105534 31454.3446885
89.4 0.00123871366711 47.3193538398 31506.0529676
89.5 0.00123351770443 47.202237283 31555.8731745
89.6 0.00122834930281 47.0901315154 31608.7978083
89.7 0.00122320828553 46.9791644233 31662.2560261
89.8 0.00121809447722 46.8564084528 31707.507141
89.9 0.00121300770382 46.7567971772 31768.187366
90.0 0.00120794779257 46.6656350214 31834.4601373
90.1 0.00120291457199 46.5553188649 31887.4871643
90.2 0.00119790787192 46.441386502 31937.793485
90.3 0.00119292752344 46.3430180496 31998.5903886
90.4 0.00118797335891 46.2098547683 32035.0942613
90.5 0.00118304521192 46.0689308914 32065.8293022
90.6 0.00117814291733 45.9634827589 32120.9429705
90.7 0.0011732663112 45.8478266501 32168.6773974
90.8 0.00116841523081 45.7362429959 32219.0044441
90.9 0.00116358951468 45.6306851661 32273.3379754
91.0 0.00115878900249 45.5192290599 32323.2597413
91.1 0.00115401353514 45.3913754263 32361.2323109
91.2 0.00114926295467 45.2760081257 32407.788234
91.3 0.00114453710433 45.1877875113 32473.5673589
91.4 0.00113983582849 45.09940385 32539.0966338
91.5 0.00113515897269 45.0098949469 32603.6761565
91.6 0.0011305063836 44.8696205949 32631.1941088
91.7 0.00112587790904 44.7643987669 32683.8677342
91.8 0.00112127339791 44.6733224018 32746.6731732
91.9 0.00111669270024 44.5417558473 32779.5237425
92.0 0.00111213566717 44.429355311 32826.1405568
92.1 0.00110760215093 44.3434910582 32892.1558004
92.2 0.0011030920048 44.2578205362 32958.1834558
92.3 0.00109860508317 44.1579024343 33013.4270877
92.4 0.00109414124149 44.0637296882 33072.7653748
92.5 0.00108970033623 43.9511233801 33118.0280662
92.6 0.00108528222495 43.8435433931 33166.7966309
92.7 0.00108088676623 43.7387491979 33217.4120852
92.8 0.00107651381966 43.6550959015 33283.8917052
92.9 0.00107216324588 43.5711814913 33350.0414765
93.0 0.00106783490653 43.470408176 33403.103666
93.1 0.00106352866425 43.3856513042 33468.2853731
93.2 0.00105924438266 43.3041023513 33535.8101516
93.3 0.00105498192641 43.218739225 33600.2462537
93.4 0.00105074116109 43.1295641743 33661.5593349
93.5 0.00104652195326 43.0180098081 33705.1653255
93.6 0.00104232417047 42.9288343369 33766.0630437
93.7 0.0010381476812 42.8262114601 33816.1664084
93.8 0.00103399235489 42.7223191203 33865.0033602
93.9 0.00102985806192 42.6232905184 33917.4406818
94.0 0.00102574467357 42.5145778195 33961.9000368
94.1 0.00102165206209 42.3894271995 33992.8737354
94.2 0.00101758010061 42.2726506951 34030.1809301
94.3 0.00101352866319 42.1822866045 34088.4742107
94.4 0.00100949762478 42.1023930826 34155.0653765
94.5 0.00100548686121 42.010052204 34211.3873443
94.6 0.00100149624923 41.916779417 34266.7355009
94.7 0.000997525666446 41.8112011278 34311.7657028
94.8 0.000993574991331 41.7217378299 34369.7722474
94.9 0.000989644103233 41.6413235101 34435.0625023
95.0 0.000985732882356 41.5542431963 34494.6755456
95.1 0.000981841209751 41.4654645619 34552.6858719
95.2 0.000977968967315 41.3784304466 34611.9554266
95.3 0.000974116037781 41.2937410724 34673.0031921
95.4 0.000970282304712 41.2093514325 34734.1263432
95.5 0.000966467652491 41.1221202209 34792.6683452
95.6 0.000962671966323 41.029110488 34846.1057696
95.7 0.000958895132217 40.9509094051 34911.9321439
95.8 0.000955137036988 40.8435548701 34952.6680446
95.9 0.000951397568249 40.7641616562 35017.0905501
96.0 0.0009476766144 40.6711455538 35069.6136117
96.1 0.000943974064628 40.5641631522 35109.8050527
96.2 0.000940289808895 40.4789692474 35168.589997
96.3 0.000936623737936 40.3599586552 35197.6878091
96.4 0.000932975743251 40.2730780519 35254.4916569
96.5 0.000929345717097 40.195183589 35318.9809143
96.6 0.000925733552487 40.1080828829 35375.1974523
96.7 0.000922139143179 40.0337129992 35442.4693386
96.8 0.000918562383672 39.9504743521 35501.7275933
96.9 0.0009150031692 39.8288085945 35526.5165576
97.0 0.000911461395727 39.7484467276 35587.8341158
97.1 0.000907936959938 39.6754445295 35655.588253
97.2 0.000904429759238 39.5998587625 35720.8824067
97.3 0.000900939691743 39.5126821738 35775.5337046
97.4 0.000897466656275 39.4209215104 35825.7908089
97.5 0.000894010552356 39.321406717 35868.7135896
97.6 0.000890571280203 39.2244544148 35913.6668546
97.7 0.000887148740723 39.1273776761 35958.2053853
97.8 0.000883742835507 39.0534554254 36023.7988462
97.9 0.000880353466824 38.9817690144 36091.315746
98.0 0.000876980537617 38.9100630837 36158.6818178
98.1 0.000873623951496 38.8256410848 36214.0529515
98.2 0.000870283612734 38.7375032268 36265.7218337
98.3 0.000866959426261 38.6679734902 36334.6249661
98.4 0.000863651297661 38.5657186639 36372.5404947
98.5 0.000860359133162 38.4753440063 36421.3490644
98.6 0.000857082839637 38.39491537 36479.3352633
98.7 0.000853822324593 38.3240595254 36546.2457492
98.8 0.000850577496173 38.1901648841 36552.6815021
98.9 0.000847348263142 38.1090294533 36609.2158783
99.0 0.00084413453489 38.0410142252 36678.1855901
99.1 0.000840936221426 37.9734240894 36747.4430328
99.2 0.000837753233367 37.8956300313 36806.6678219
99.3 0.000834585481941 37.8044367701 36852.63486
99.4 0.000831432878977 37.7254981127 36910.2985576
99.5 0.000828295336904 37.6564175118 36977.4351111
99.6 0.000825172768742 37.5874204632 37044.5156296
99.7 0.000822065088103 37.5117630633 37104.8688827
99.8 0.000818972209182 37.4353097815 37164.2434383
99.9 0.000815894046752 37.3344737883 37199.1277659
100.0 0.000812830516164 37.2327139733 37232.7139733
100.1 0.000809781533339 37.1451872489 37280.2016856
100.2 0.000806747014763 37.0761629125 37346.0445496
100.3 0.000803726877487 37.0090092986 37413.6299486
100.4 0.000800721039118 36.9343888744 37473.5032067
100.5 0.000797729417815 36.8268822726 37499.6969164
100.6 0.000794751932289 36.7426599197 37549.2496689
100.7 0.000791788501795 36.6749657813 37615.4875633
100.8 0.000788839046127 36.6066038394 37680.8916332
100.9 0.000785903485619 36.5026083436 37709.3313854
101.0 0.000782981741134 36.4198751466 37759.396066
101.1 0.000780073734065 36.3437828156 37816.1074539
101.2 0.00077717938633 36.2359775014 37839.487157
101.3 0.000774298620367 36.1520457651 37887.4315506
101.4 0.00077143135913 36.0877243581 37955.7234414
101.5 0.000768577526084 35.9971972564 37996.2224201
101.6 0.000765737045206 35.9147002718 38044.8964345
101.7 0.000762909840975 35.8376285996 38099.065511
101.8 0.000760095838371 35.733171347 38123.7836275
101.9 0.000757294962872 35.632092675 38151.6756446
102.0 0.000754507140449 35.5488229788 38198.2836468
102.1 0.000751732297562 35.4482250895 38225.9192896
102.2 0.000748970361156 35.3586296129 38265.0404321
102.3 0.000746221258661 35.284759202 38320.9007089
102.4 0.000743484917981 35.2036499973 38368.6516135
102.5 0.0007407612675 35.1147429236 38407.5959912
102.6 0.000738050236069 35.0354324224 38456.7343026
102.7 0.000735351753009 34.9488145625 38497.5560224
102.8 0.000732665748103 34.8776885232 38555.1769866
102.9 0.000729992151598 34.7735329092 38575.9496878
103.0 0.000727330894196 34.6831193575 38611.5535663
103.1 0.000724681907052 34.6170636615 38674.0079108
103.2 0.000722045121772 34.5520448241 38737.4524019
103.3 0.000719420470411 34.4632929681 38774.0297381
103.4 0.000716807885465 34.3745415619 38810.2527055
103.5 0.000714207299872 34.2986030513 38860.635794
103.6 0.000711618647006 34.2065446015 38892.4335144
103.7 0.000709041860674 34.1039039361 38911.7696218
103.8 0.000706476875116 34.022438282 38954.876172
103.9 0.000703923624997 33.9189062949 38972.3216046
104.0 0.000701382045407 33.8325717561 39009.1092213
104.1 0.000698852071857 33.7628985578 39064.8240015
104.2 0.000696333640276 33.6872070194 39113.3329845
104.3 0.000693826687008 33.5964313829 39143.9987258
104.4 0.000691331148806 33.4855416909 39150.7547667
104.5 0.000688846962836 33.4188364905 39208.7917842
104.6 0.000686374066666 33.3597286832 39275.5725395
104.7 0.000683912398268 33.2704179277 39306.5304549
104.8 0.000681461896013 33.1540470741 39305.0185689
104.9 0.000679022498669 33.0810874905 39354.5363361
105.0 0.000676594145398 33.0215291418 39419.7926984
105.1 0.000674176775753 32.9675342597 39491.5632495
105.2 0.000671770329673 32.8996011916 39546.4741408
105.3 0.000669374747485 32.8008875312 39564.0354638
105.4 0.000666989969895 32.7194688458 39602.0495097
105.5 0.000664615937992 32.6497162738 39653.8938856
105.6 0.000662252593239 32.5333303983 39648.6629863
105.7 0.000659899877472 32.452507512 39686.2864785
105.8 0.000657557732902 32.3906532855 39746.8468216
105.9 0.000655226102106 32.3103528787 39784.5120969
106.0 0.000652904928025 32.2415304074 39836.0197644
106.1 0.000650594153967 32.1566872598 39867.4212912
106.2 0.000648293723598 32.0348975153 39852.47837
106.3 0.000646003580941 31.9410147455 39871.6730573
106.4 0.000643723670377 31.8674152901 39915.8102595
106.5 0.000641453936636 31.7733076439 39933.8795845
106.6 0.000639194324801 31.6651399884 39933.747297
106.7 0.000636944780302 31.5870925237 39971.1363435
106.8 0.000634705248913 31.5074141591 40006.1177599
106.9 0.00063247567675 31.452962793 40072.8869403
107.0 0.000630256010271 31.3556995472 40084.7895045
107.1 0.00062804619627 31.258067976 40095.7102032
107.2 0.000625846181876 31.1493215405 40091.8099181
107.3 0.000623655914551 31.0548048702 40105.6717987
107.4 0.000621475342089 30.9795388384 40143.9857595
107.5 0.000619304412608 30.9133230284 40193.7398542
107.6 0.000617143074556 30.8422307354 40236.8826852
107.7 0.0006149912767 30.7698661974 40278.066138
107.8 0.00061284896813 30.6815592653 40298.0033817
107.9 0.000610716098256 30.5916004387 40315.3136057
108.0 0.0006085926168 30.5189068263 40354.9864428
108.1 0.000606478473804 30.4450080514 40392.7444833
108.2 0.000604373619615 30.3656520481 40422.9093649
108.3 0.000602278004895 30.2809566453 40445.5633549
108.4 0.00060019158061 30.2267987027 40508.7132567
108.5 0.000598114298033 30.1441653622 40533.4166715
108.6 0.000596046108739 30.0567600135 40551.2671287
108.7 0.000593986964603 29.9733223705 40574.0284786
108.8 0.000591936817802 29.8834833655 40587.6689805
108.9 0.000589895620804 29.8092553423 40622.0962344
109.0 0.000587863326377 29.7196840539 40635.1975754
109.1 0.000585839887578 29.6318765216 40650.2293182
109.2 0.000583825257754 29.5379750034 40656.3976931
109.3 0.000581819390542 29.4669120166 40693.5721145
109.4 0.000579822239865 29.3963151387 40731.0657116
109.5 0.000577833759928 29.3359211951 40782.4190597
109.6 0.000575853905221 29.2686081229 40823.8896583
109.7 0.000573882630512 29.21224248 40880.3829093
109.8 0.000571919890847 29.1430888801 40918.7233507
109.9 0.000569965641549 29.0875867251 40975.9767449
110.0 0.000568019838216 29.0289742427 41028.6414889
110.1 0.000566082436717 28.9632968385 41071.0648676
110.2 0.000564153393192 28.8987701984 41114.8348025
110.3 0.000562232664049 28.8313274947 41154.1607326
110.4 0.000560320205963 28.7528943686 41177.4364181
110.5 0.000558415975873 28.6641391221 41185.4648613
110.6 0.000556519930982 28.5838380239 41205.1645762
110.7 0.000554632028753 28.5200840762 41248.3580254
110.8 0.000552752226909 28.4519626941 41284.9307831
110.9 0.000550880483429 28.3434278422 41262.343011
111.0 0.00054901675655 28.2392152595 41245.3541431
111.1 0.000547161004761 28.1444629995 41241.5520343
111.2 0.000545313186804 28.0759026586 41275.6675396
111.3 0.000543473261669 27.9923260564 41287.2954171
111.4 0.000541641188597 27.9223985909 41318.6349351
111.5 0.000539816927076 27.8730586115 41380.1820163
111.6 0.000538000436837 27.7814556234 41378.6219886
111.7 0.000536191677856 27.6686274039 41344.7750582
111.8 0.000534390610351 27.5666423741 41326.4041938
111.9 0.000532597194778 27.495466394 41353.6935337
112.0 0.000530811391834 27.3994654649 41343.1451856
112.1 0.00052903316245 27.3292100739 41370.9460946
112.2 0.000527262467794 27.2591236122 41398.6290812
112.3 0.000525499269268 27.1667329607 41391.95403
112.4 0.000523743528503 27.1015495899 41426.2701604
112.5 0.000521995207364 27.0370088953 41461.2413187
112.6 0.000520254267941 26.9538815783 41467.2918684
112.7 0.000518520672554 26.8827636727 41491.3656447
112.8 0.000516794383747 26.8107293191 41513.6251737
112.9 0.000515075364289 26.6778852021 41441.0173573
113.0 0.00051336357717 26.5839834416 41428.0801319
113.1 0.000511658985603 26.5014975642 41432.3600344
113.2 0.000509961553017 26.3954831829 41399.2187783
113.3 0.000508271243064 26.2793728611 41349.4340446
113.4 0.000506588019607 26.1856725473 41334.1604287
113.5 0.000504911846728 26.0835087785 41304.8443604
113.6 0.000503242688721 25.9792506435 41271.4723813
113.7 0.000501580510091 25.9049852866 41285.1471413
113.8 0.000499925275556 25.8235437652 41286.8977328
113.9 0.000498276950041 25.7615444433 41319.3056188
114.0 0.000496635498679 25.6728055584 41308.3589231
114.1 0.000495000886811 25.5913818771 41308.6142904
114.2 0.000493373079981 25.5176817678 41320.8431043
114.3 0.000491752043937 25.4133879482 41282.9175851
114.4 0.000490137744631 25.3121888951 41249.2609255
114.5 0.000488530148213 25.2552722266 41287.2513094
114.6 0.000486929221033 25.1938936533 41317.6349093
114.7 0.000485334929641 25.1394159087 41359.0343224
114.8 0.000483747240782 25.0567102098 41353.5791712
114.9 0.000482166121397 24.9666781471 41335.4306661
115.0 0.000480591538621 24.8950313081 41347.1745291
115.1 0.000479023459782 24.8402892952 41386.6309306
115.2 0.000477461852398 24.7982289373 41447.0060202
115.3 0.00047590668418 24.7251191208 41455.1774124
115.4 0.000474357923025 24.656976929 41471.2298547
115.5 0.000472815537021 24.5667107848 41449.530516
115.6 0.000471279494439 24.5014614105 41469.5121884
115.7 0.000469749763736 24.4371340703 41490.6620276
115.8 0.000468226313555 24.364531227 41497.3277179
115.9 0.00046670911272 24.2945008592 41507.9087456
116.0 0.000465198130236 24.2170804738 41505.3696276
116.1 0.00046369333529 24.1380404188 41499.5099005
116.2 0.000462194697245 24.0592466051 41493.5190257
116.3 0.000460702185646 24.0112320528 41540.2216398
116.4 0.000459215770211 23.9383720369 41543.5811333
116.5 0.000457735420836 23.8564595663 41530.6856763
116.6 0.00045626110759 23.7831594035 41532.2332804
116.7 0.000454792800715 23.7039840612 41522.9837966
116.8 0.000453330470626 23.6044200089 41477.3358268
116.9 0.000451874087908 23.5117740176 41443.0847921
117.0 0.000450423623317 23.4228919213 41414.7641636
117.1 0.000448979047776 23.3443729956 41404.1375653
117.2 0.000447540332377 23.2541281411 41372.0738947
117.3 0.000446107448377 23.1986982803 41401.4355933
117.4 0.0004446803672 23.1422479765 41428.645528
117.5 0.000443259060432 23.0481387771 41387.8928473
117.6 0.000441843499823 22.9529887848 41344.5074487
117.7 0.000440433657287 22.8898660237 41358.2173127
117.8 0.000439029504897 22.7965765056 41316.8340405
117.9 0.000437631014886 22.7358579597 41333.9071791
118.0 0.000436238159647 22.6590657976 41321.2724787
118.1 0.000434850911728 22.601981313 41344.1092758
118.2 0.000433469243838 22.5178298299 41316.9231771
118.3 0.000432093128839 22.4317187995 41285.4644901
118.4 0.000430722539748 22.3511931996 41263.6263504
118.5 0.000429357449737 22.2589820509 41219.5181873
118.6 0.000427997832129 22.1620516299 41165.8780798
118.7 0.0004266436604 22.1072061177 41189.8272219
118.8 0.000425294908176 22.0316398259 41174.7056012
118.9 0.000423951549234 21.9764575877 41197.2115407
119.0 0.000422613557499 21.9133521904 41204.4658524
119.1 0.000421280907043 21.8652667176 41239.6027814
119.2 0.000419953572086 21.7917541744 41226.3606572
119.3 0.000418631526994 21.7034156329 41184.4146712
119.4 0.000417314746276 21.6317206294 41173.4038148
119.5 0.000416003204589 21.5254965339 41095.9168877
119.6 0.000414696876729 21.4552459521 41086.3611763
119.7 0.000413395737636 21.3951909997 41095.8468124
119.8 0.000412099762392 21.3108238627 41058.0660583
119.9 0.000410808926217 21.235446565 41036.9460151
120.0 0.000409523204473 21.1530099806 41001.533252
120.1 0.000408242572659 21.0868176523 40997.0076901
120.2 0.000406967006411 21.0299715208 41010.2014081
120.3 0.000405696481504 20.9464776425 40970.874118
120.4 0.000404430973848 20.8832917218 40970.6734598
120.5 0.000403170459486 20.8228440838 40975.3835556
120.6 0.000401914914597 20.7573189959 40969.6248176
120.7 0.000400664315494 20.659926402 40900.2686392
120.8 0.000399418638621 20.5770888087 40858.9219206
120.9 0.000398177860554 20.4972345871 40822.7957147
121.0 0.000396941957999 20.4316472241 40814.4807453
121.1 0.000395710907793 20.3533747008 40780.2296879
121.2 0.000394484686901 20.2836999584 40762.5822113
121.3 0.000393263272418 20.2146886907 40745.6982551
121.4 0.000392046641565 20.1132124932 40662.6122107
121.5 0.000390834771689 20.0004995035 40555.7774328
121.6 0.000389627640264 19.8886027538 40449.4993325
121.7 0.000388425224888 19.7902434426 40369.7384358
121.8 0.000387227503285 19.7245103247 40355.7931066
121.9 0.0003860344533 19.6082035594 40237.524879
122.0 0.000384846052903 19.5558399862 40249.701174
122.1 0.000383662280183 19.4273710378 40104.3881408
122.2 0.000382483113353 19.3266152972 40015.1343532
122.3 0.000381308530744 19.2414342823 39957.239875
122.4 0.000380138510809 19.1577309343 39901.628059
122.5 0.000378973032116 19.070363194 39837.5816152
122.6 0.000377812073356 18.98652812 39780.1085244
122.7 0.000376655613332 18.9139971813 39745.6023056
122.8 0.000375503630968 18.8457772526 39719.5322241
122.9 0.000374356105302 18.7748675569 39687.1778088
123.0 0.000373213015485 18.7070909614 39660.8312647
123.1 0.000372074340787 18.6109207891 39573.5118971
123.2 0.000370940060587 18.5298528538 39517.4434062
123.3 0.000369810154379 18.4515038972 39466.4203641
123.4 0.000368684601771 18.3677150502 39402.9885967
123.5 0.000367563382479 18.2986146784 39370.349323
123.6 0.000366446476332 18.2618373562 39406.8317256
123.7 0.000365333863268 18.1662343612 39315.7823655
123.8 0.000364225523336 18.0813480509 39247.0253892
123.9 0.000363121436691 18.0193103047 39227.1725979
124.0 0.0003620215836 17.9696958975 39233.8967388
124.1 0.000360925944434 17.9022543252 39201.1934881
124.2 0.000359834499671 17.8453131006 39190.9296091
124.3 0.000358747229898 17.7622381716 39122.6159289
124.4 0.000357664115804 17.6920912699 39082.0334249
124.5 0.000356585138183 17.6441989643 39090.0919621
124.6 0.000355510277937 17.5643908811 39026.8578938
124.7 0.000354439516065 17.4905462839 38976.1196815
124.8 0.000353372833676 17.4308672801 38956.3214661
124.9 0.000352310211974 17.3679515154 38928.7312296
125.0 0.000351251632271 17.2986460679 38886.1959497
125.1 0.000350197075975 17.2209322385 38824.0369869
125.2 0.000349146524596 17.1589559127 38796.6808468
125.3 0.000348099959745 17.0710326713 38709.9117498
125.4 0.000347057363131 16.9568735116 38562.5583103
125.5 0.00034601871656 16.8756001092 38488.9399744
125.6 0.000344984001937 16.8112109778 38453.1028484
125.7 0.000343953201266 16.7434155947 38408.8332864
125.8 0.000342926296644 16.6474215132 38299.0236967
125.9 0.000341903270266 16.5496716857 38184.11971
126.0 0.000340884104424 16.4764105691 38124.8096674
126.1 0.000339868781502 16.4247178752 38114.8032921
126.2 0.000338857283979 16.3479412457 38045.9582074
126.3 0.000337849594428 16.2807791324 37998.753217
126.4 0.000336845695516 16.1830856599 37879.4104737
126.5 0.000335845570001 16.0928040132 37776.3792557
126.6 0.000334849200735 16.01411427 37699.6462216
126.7 0.000333856570658 15.9449207232 37644.4950753
126.8 0.000332867662804 15.8798390704 37598.3673909
126.9 0.000331882460296 15.8011996589 37519.3882747
127.0 0.000330900946348 15.7357176327 37470.8945243
127.1 0.00032992310426 15.6726661209 37427.5354437
127.2 0.000328948917424 15.6133742873 37392.5415495
127.3 0.000327978369318 15.5237085101 37284.007325
127.4 0.00032701144351 15.4645965597 37248.0565733
127.5 0.000326048123652 15.3725649897 37131.9971526
127.6 0.000325088393485 15.3123868283 37092.0502894
127.7 0.000324132236834 15.255337516 37059.0922896
127.8 0.000323179637611 15.1747919625 36968.3225907
127.9 0.000322230579812 15.1048051916 36902.4503811
128.0 0.000321285047518 15.0035965835 36759.3284009
128.1 0.000320343024893 14.8801550089 36560.3880209
128.2 0.000319404496186 14.787799234 36436.5355829
128.3 0.000318469445728 14.7142298293 36358.0261674
128.4 0.000317537857932 14.6336918502 36261.4312438
128.5 0.000316609717293 14.5473926993 36149.601652
128.6 0.000315685008389 14.4698835572 36058.6740029
128.7 0.000314763715876 14.4023453768 35991.7817467
128.8 0.000313845824493 14.3380554626 35932.2852569
128.9 0.000312931319058 14.2588665622 35834.6440393
129.0 0.000312020184469 14.1889234775 35759.3894323
129.1 0.000311112405702 14.141889373 35741.2465223
129.2 0.000310207967811 14.0689771684 35657.053236
129.3 0.000309306855931 13.9941905955 35567.2616533
129.4 0.000308409055271 13.9309565044 35506.0499208
129.5 0.00030751455112 13.8884284134 35497.0583115
129.6 0.000306623328842 13.8338921862 35456.8820187
129.7 0.000305735373878 13.7757023033 35406.7335034
129.8 0.000304850671743 13.710507113 35337.8930535
129.9 0.000303969208031 13.6374011948 35247.8665432
130.0 0.000303090968407 13.5345247163 35079.8217871
130.1 0.000302215938611 13.4610874053 34987.0020725
130.2 0.00030134410446 13.4047783127 34937.9572274
130.3 0.000300475451842 13.3385519075 34862.370355
130.4 0.000299609966717 13.255342404 34741.5033429
130.5 0.000298747635121 13.1746664975 34626.2761047
130.6 0.000297888443158 13.1225924205 34585.445353
130.7 0.000297032377009 13.0449146686 34476.3773497
130.8 0.000296179422921 12.9694557358 34372.2420896
130.9 0.000295329567216 12.9243887818 34347.9585903
131.0 0.000294482796284 12.8345140626 34203.7901613
131.1 0.000293639096586 12.7692194533 34124.1719519
131.2 0.000292798454653 12.6944683682 34018.4356822
131.3 0.000291960857086 12.6604449497 34021.2232536
131.4 0.000291126290552 12.6019835661 33957.8421086
131.5 0.00029029474179 12.5232046054 33838.8783349
131.6 0.000289466197604 12.4603071882 33761.958161
131.7 0.000288640644868 12.4149680059 33731.9903802
131.8 0.000287818070521 12.360242116 33675.9547397
131.9 0.000286998461572 12.3033878804 33613.4681193
132.0 0.000286181805093 12.2440133859 33543.4065559
132.1 0.000285368088225 12.1587820583 33401.602389
132.2 0.000284557298172 12.0693372584 33247.0874184
132.3 0.000283749422205 11.9961385861 33136.2767495
132.4 0.000282944447661 11.8966496216 32951.7175931
132.5 0.000282142361939 11.8220123744 32834.8508389
132.6 0.000281343152503 11.7284046935 32664.1931835
132.7 0.000280546806882 11.6678929624 32584.711966
132.8 0.000279753312667 11.5982339025 32478.8673372
132.9 0.000278962657513 11.5518484251 32437.4841207
133.0 0.000278174829137 11.4741985799 32307.5346293
133.1 0.000277389815318 11.4117985311 32219.6217198
133.2 0.000276607603899 11.3312401223 32079.5139143
133.3 0.000275828182782 11.2579041474 31958.8386417
133.4 0.000275051539931 11.1447770329 31723.9345787
133.5 0.000274277663373 11.0455758591 31527.1967583
133.6 0.000273506541192 10.9795168977 31423.9427209
133.7 0.000272738161535 10.8968687375 31272.2210893
133.8 0.000271972512607 10.8433035233 31203.0686346
133.9 0.000271209582674 10.7960504748 31151.459642
134.0 0.000270449360061 10.7305435014 31046.4635498
134.1 0.000269691833149 10.6785070503 30979.6853404
134.2 0.000268936990382 10.6282336817 30917.3830801
134.3 0.000268184820259 10.5782750043 30855.3714644
134.4 0.000267435311337 10.505085626 30724.7913354
134.5 0.000266688452231 10.4455497607 30633.2584098
134.6 0.000265944231614 10.3608028056 30466.8093809
134.7 0.000265202638215 10.2818710378 30316.3229505
134.8 0.000264463660818 10.1879449414 30120.411299
134.9 0.000263727288266 10.115186925 29985.9139307
135.0 0.000262993509456 10.043487443 29853.559514
135.1 0.000262262313341 9.96787404543 29708.5502079
135.2 0.000261533688928 9.88828826103 29550.6139908
135.3 0.00026080762528 9.7904705922 29336.9235363
135.4 0.000260084111516 9.70324072346 29153.6246056
135.5 0.000259363136807 9.62624197921 28999.8943789
135.6 0.000258644690377 9.55188946924 28853.0654783
135.7 0.000257928761508 9.48777268692 28736.1854739
135.8 0.00025721533953 9.41243149019 28584.3284191
135.9 0.00025650441383 9.35245457383 28478.1803067
136.0 0.000255795973846 9.28585285304 28350.9773342
136.1 0.000255090009068 9.22622587239 28244.1869267
136.2 0.00025438650904 9.1709299253 28149.86235
136.3 0.000253685463356 9.08992848635 27975.6652821
136.4 0.000252986861662 9.00515655783 27788.648913
136.5 0.000252290693655 8.92321628494 27609.1441495
136.6 0.000251596949084 8.83816985143 27418.7961148
136.7 0.000250905617747 8.77569264204 27297.3892133
136.8 0.000250216689494 8.7151453129 27181.1086321
136.9 0.000249530154224 8.63869926305 27014.2473461
137.0 0.000248846001886 8.57995196018 26901.7489186
137.1 0.000248164222479 8.5233628078 26795.1958689
137.2 0.000247484806051 8.45043809533 26636.3460771
137.3 0.000246807742698 8.37930577134 26482.0797338
137.4 0.000246133022566 8.30051638481 26302.4952576
137.5 0.00024546063585 8.21594745013 26103.3620583
137.6 0.00024479057279 8.14083990053 25933.0817419
137.7 0.000244122823677 8.08286133501 25816.3791984
137.8 0.000243457378848 8.02825566938 25709.631652
137.9 0.000242794228688 7.95742127972 25549.9842758
138.0 0.000242133363629 7.8688006419 25332.0085608
138.1 0.000241474774149 7.75410079439 25028.4811484
138.2 0.000240818450774 7.68874664954 24882.8285419
138.3 0.000240164384075 7.62949120616 24755.9781429
138.4 0.000239512564669 7.55581808142 24581.3369619
138.5 0.00023886298322 7.4706960031 24368.2163559
138.6 0.000238215630436 7.36718530732 24093.6235108
138.7 0.000237570497071 7.29803014618 23930.027995
138.8 0.000236927573924 7.22815364799 23762.9928723
138.9 0.000236286851839 7.14622138568 23555.1361207
139.0 0.000235648321704 7.05517030978 23315.8486156
139.1 0.00023501197445 6.9799636152 23127.6038971
139.2 0.000234377801055 6.88103052289 22859.3516403
139.3 0.000233745792539 6.8196773933 22714.6674686
139.4 0.000233115939965 6.73603989194 22494.6126533
139.5 0.000232488234439 6.62383053342 22177.5509875
139.6 0.000231862667113 6.53162640516 21925.7977866
139.7 0.000231239229178 6.43717415295 21664.9760363
139.8 0.000230617911869 6.32069141596 21328.2695244
139.9 0.000229998706465 6.23018022422 21077.4910493
140.0 0.000229381604285 6.13850509636 20821.2783584
140.1 0.00022876659669 6.07276789524 20651.7621014
140.2 0.000228153675083 5.98610630684 20409.8453818
140.3 0.000227542830908 5.8802924724 20101.0282193
140.4 0.000226934055652 5.79177960158 19849.7311207
140.5 0.000226327340841 5.67977339667 19516.2362259
140.6 0.000225722678042 5.60658399985 19314.5701547
140.7 0.000225120058862 5.53592409882 19120.4320164
140.8 0.00022451947495 5.45348750838 18884.3464625
140.9 0.000223920917993 5.37659840173 18666.1393462
141.0 0.00022332437972 5.32073376771 18519.8262429
141.1 0.000222729851897 5.25604095648 18341.7935411
141.2 0.000222137326332 5.19192489913 18164.7050704
141.3 0.00022154679487 5.06848035561 17778.4467432
141.4 0.000220958249396 4.99411222209 17562.6341047
141.5 0.000220371681833 4.93266185717 17391.1067751
141.6 0.000219787084145 4.86657644717 17202.1670035
141.7 0.000219204448331 4.79577177971 16995.3872305
141.8 0.00021862376643 4.72897199358 16801.6316785
141.9 0.000218045030517 4.66450116236 16615.0365562
142.0 0.000217468232708 4.62105564037 16502.4295667
142.1 0.000216893365154 4.53006595149 16218.8862403
142.2 0.000216320420043 4.47061758503 16046.9706015
142.3 0.000215749389602 4.35466229535 15670.6953743
142.4 0.000215180266093 4.29732281039 15503.8386441
142.5 0.000214613041816 4.23010177137 15300.2586885
142.6 0.000214047709106 4.12164839192 14945.9944968
142.7 0.000213484260336 4.03034446316 14652.1443354
142.8 0.000212922687915 3.93102695185 14327.4669211
142.9 0.000212362984285 3.84931807242 14065.357956
143.0 0.000211805141927 3.74824185417 13730.8499694
143.1 0.000211249153357 3.67293357177 13489.1611907
143.2 0.000210695011125 3.59419823208 13233.5140093
143.3 0.000210142707817 3.51726134424 12983.0972498
143.4 0.000209592236052 3.43174673989 12699.5592644
143.5 0.000209043588488 3.3703297857 12503.8800666
143.6 0.000208496757813 3.28812743357 12229.7972562
143.7 0.000207951736751 3.16497582776 11801.5341056
143.8 0.000207408518063 3.07742000409 11504.0703497
143.9 0.000206867094538 2.9574532424 11083.5419432
144.0 0.000206327459005 2.85065679401 10710.2788881
144.1 0.000205789604322 2.78498983002 10489.9607679
144.2 0.000205253523384 2.72768268087 10300.0122541
144.3 0.000204719209116 2.64718250208 10021.2215888
144.4 0.000204186654478 2.5979402207 9859.57205117
144.5 0.000203655852463 2.49960951846 9510.26141239
144.6 0.000203126796096 2.37921423557 9074.95443508
144.7 0.000202599478435 2.29405725359 8772.12921934
144.8 0.000202073892569 2.2344271582 8565.56629771
144.9 0.000201550031623 2.12598398905 8170.30423946
145.0 0.000201027888748 2.04090026564 7862.98831586
145.1 0.000200507457134 1.9645799161 7587.91412334
145.2 0.000199988729996 1.88172259582 7286.08808568
145.3 0.000199471700585 1.78551497573 6930.86878737
145.4 0.000198956362181 1.69746467904 6605.55848165
145.5 0.000198442708097 1.61628556948 6305.3726877
145.6 0.000197930731675 1.56699229302 6128.33717368
145.7 0.00019742042629 1.5104292996 5921.86598012
145.8 0.000196911785346 1.44404284424 5675.7059975
145.9 0.000196404802278 1.40836817543 5549.28349942
146.0 0.000195899470552 1.36451008125 5389.86161955
146.1 0.000195395783664 1.30873792593 5182.42435747
146.2 0.000194893735139 1.25506662459 4982.25261015
146.3 0.000194393318533 1.18900764037 4731.74736737
146.4 0.000193894527431 1.12541928075 4489.81513649
146.5 0.000193397355449 1.08859716879 4353.69276467
146.6 0.00019290179623 1.04988312454 4209.27468325
146.7 0.000192407843449 0.98728508986 3968.11172505
146.8 0.000191915490808 0.932511086493 3757.24560865
146.9 0.000191424732038 0.87955543635 3552.64928164
147.0 0.000190935560901 0.841253331532 3406.34570888
147.1 0.000190447971185 0.781788859513 3173.39022355
147.2 0.000189961956708 0.7278839389 2961.88018889
147.3 0.000189477511316 0.68971028601 2813.47249607
147.4 0.000188994628883 0.658137786637 2691.30359485
147.5 0.000188513303312 0.625946243951 2565.97293628
147.6 0.000188033528532 0.587071462261 2412.53958157
147.7 0.000187555298501 0.547730748906 2256.41158238
147.8 0.000187078607205 0.512466629325 2116.33193792
147.9 0.000186603448657 0.471553230788 1952.15904051
148.0 0.000186129816897 0.449596668242 1865.83446567
148.1 0.000185657705993 0.41781598908 1738.20069036
148.2 0.000185187110039 0.382605715577 1595.62353239
148.3 0.000184718023156 0.346972292951 1450.56493316
148.4 0.000184250439492 0.325699446805 1364.9667785
148.5 0.000183784353223 0.302202852809 1269.59612011
148.6 0.000183319758549 0.263267261779 1108.72830431
148.7 0.000182856649699 0.257480558566 1087.00929646
148.8 0.000182395020925 0.250571581097 1060.4262106
148.9 0.000181934866508 0.230310329006 977.059852791
149.0 0.000181476180753 0.193704521803 823.769888967
149.1 0.000181018957992 0.180471575434 769.365407113
149.2 0.000180563192583 0.162270993027 693.460489545
149.3 0.000180108878907 0.153060448359 655.692299355
149.4 0.000179656011373 0.135379031226 581.358559126
149.5 0.000179204584415 0.119463539782 514.260192893
149.6 0.00017875459249 0.11461458633 494.585723199
149.7 0.000178306030083 0.112535819037 486.794778629
149.8 0.000177858891702 0.112420753988 487.47727664
149.9 0.000177413171879 0.110893089582 482.019281165
150.0 0.000176968865173 0.105033845314 457.657449295
150.1 0.000176525966167 0.0764717537979 334.01268703
150.2 0.000176084469465 0.0593337544536 259.784769289
150.3 0.0001756443697 0.0542073826351 237.913747434
150.4 0.000175205661526 0.0499080417789 219.573626898
150.5 0.000174768339623 0.0459576659323 202.682129527
150.6 0.000174332398692 0.0406807818468 179.843165818
150.7 0.000173897833461 0.03455550314 153.132836373
150.8 0.00017346463868 0.0279820853696 124.301665291
150.9 0.000173032809122 0.0261907159704 116.624370127
151.0 0.000172602339584 0.0206567851822 92.2038492116
151.1 0.000172173224886 0.019607073316 87.7289190683
151.2 0.000171745459873 0.0195979615918 87.8989939004
151.3 0.00017131903941 0.0195887954605 88.0689949621
151.4 0.000170893958387 0.017144964993 77.2669073186
151.5 0.000170470211716 0.0130057209062 58.7533030631
151.6 0.000170047794332 0.0126408703903 57.2420368793
151.7 0.000169626701191 0.00399163460338 18.1187585282
151.8 0.000169206927274 0.0 0.0
151.9 0.000168788467584 0.0 0.0
152.0 0.000168371317143 0.0 0.0
152.1 0.000167955470999 0.0 0.0
152.2 0.000167540924219 0.0 0.0
152.3 0.000167127671895 0.0 0.0
152.4 0.000166715709138 0.0 0.0
152.5 0.000166305031082 0.0 0.0
152.6 0.000165895632882 0.0 0.0
152.7 0.000165487509714 0.0 0.0
152.8 0.000165080656777 0.0 0.0
152.9 0.00016467506929 0.0 0.0
153.0 0.000164270742492 0.0 0.0
153.1 0.000163867671646 0.0 0.0
153.2 0.000163465852033 0.0 0.0
153.3 0.000163065278956 0.0 0.0
153.4 0.000162665947739 0.0 0.0
153.5 0.000162267853726 0.0 0.0
153.6 0.000161870992282 0.0 0.0
153.7 0.000161475358792 0.0 0.0
153.8 0.00016108094866 0.0 0.0
153.9 0.000160687757313 0.0 0.0
154.0 0.000160295780196 0.0 0.0
154.1 0.000159905012774 0.0 0.0
154.2 0.000159515450533 0.0 0.0
154.3 0.000159127088978 0.0 0.0
154.4 0.000158739923634 0.0 0.0
154.5 0.000158353950045 0.0 0.0
154.6 0.000157969163774 0.0 0.0
154.7 0.000157585560405 0.0 0.0
154.8 0.000157203135541 0.0 0.0
154.9 0.000156821884802 0.0 0.0
155.0 0.00015644180383 0.0 0.0
155.1 0.000156062888284 0.0 0.0
155.2 0.000155685133843 0.0 0.0
155.3 0.000155308536205 0.0 0.0
155.4 0.000154933091084 0.0 0.0
155.5 0.000154558794216 0.0 0.0
155.6 0.000154185641355 0.0 0.0
155.7 0.000153813628271 0.0 0.0
155.8 0.000153442750754 0.0 0.0
155.9 0.000153073004614 0.0 0.0
156.0 0.000152704385675 0.0 0.0
156.1 0.000152336889783 0.0 0.0
156.2 0.000151970512799 0.0 0.0
156.3 0.000151605250604 0.0 0.0
156.4 0.000151241099096 0.0 0.0
156.5 0.000150878054191 0.0 0.0
156.6 0.000150516111822 0.0 0.0
156.7 0.00015015526794 0.0 0.0
156.8 0.000149795518512 0.0 0.0
156.9 0.000149436859526 0.0 0.0
157.0 0.000149079286983 0.0 0.0
157.1 0.000148722796904 0.0 0.0
157.2 0.000148367385326 0.0 0.0
157.3 0.000148013048303 0.0 0.0
157.4 0.000147659781906 0.0 0.0
157.5 0.000147307582224 0.0 0.0
157.6 0.000146956445361 0.0 0.0
157.7 0.000146606367438 0.0 0.0
157.8 0.000146257344594 0.0 0.0
157.9 0.000145909372984 0.0 0.0
158.0 0.000145562448777 0.0 0.0
158.1 0.000145216568162 0.0 0.0
158.2 0.000144871727342 0.0 0.0
158.3 0.000144527922537 0.0 0.0
158.4 0.000144185149983 0.0 0.0
158.5 0.000143843405932 0.0 0.0
158.6 0.000143502686651 0.0 0.0
158.7 0.000143162988426 0.0 0.0
158.8 0.000142824307555 0.0 0.0
158.9 0.000142486640353 0.0 0.0
159.0 0.000142149983153 0.0 0.0
159.1 0.0001418143323 0.0 0.0
159.2 0.000141479684156 0.0 0.0
159.3 0.000141146035099 0.0 0.0
159.4 0.000140813381522 0.0 0.0
159.5 0.000140481719833 0.0 0.0
159.6 0.000140151046456 0.0 0.0
159.7 0.000139821357828 0.0 0.0
159.8 0.000139492650404 0.0 0.0
159.9 0.000139164920652 0.0 0.0
160.0 0.000138838165055 0.0 0.0
160.1 0.000138512380111 0.0 0.0
160.2 0.000138187562334 0.0 0.0
160.3 0.000137863708252 0.0 0.0
160.4 0.000137540814406 0.0 0.0
160.5 0.000137218877353 0.0 0.0
160.6 0.000136897893665 0.0 0.0
160.7 0.000136577859928 0.0 0.0
160.8 0.000136258772742 0.0 0.0
160.9 0.000135940628721 0.0 0.0
161.0 0.000135623424493 0.0 0.0
161.1 0.000135307156702 0.0 0.0
161.2 0.000134991822004 0.0 0.0
161.3 0.00013467741707 0.0 0.0
161.4 0.000134363938585 0.0 0.0
161.5 0.000134051383247 0.0 0.0
161.6 0.000133739747769 0.0 0.0
161.7 0.000133429028876 0.0 0.0
161.8 0.000133119223309 0.0 0.0
161.9 0.000132810327821 0.0 0.0
162.0 0.000132502339179 0.0 0.0
162.1 0.000132195254164 0.0 0.0
162.2 0.000131889069568 0.0 0.0
162.3 0.000131583782199 0.0 0.0
162.4 0.000131279388879 0.0 0.0
162.5 0.000130975886439 0.0 0.0
162.6 0.000130673271728 0.0 0.0
162.7 0.000130371541604 0.0 0.0
162.8 0.000130070692941 0.0 0.0
162.9 0.000129770722625 0.0 0.0
163.0 0.000129471627555 0.0 0.0
163.1 0.000129173404641 0.0 0.0
163.2 0.00012887605081 0.0 0.0
163.3 0.000128579562996 0.0 0.0
163.4 0.000128283938151 0.0 0.0
163.5 0.000127989173237 0.0 0.0
163.6 0.000127695265229 0.0 0.0
163.7 0.000127402211114 0.0 0.0
163.8 0.000127110007892 0.0 0.0
163.9 0.000126818652575 0.0 0.0
164.0 0.000126528142187 0.0 0.0
164.1 0.000126238473766 0.0 0.0
164.2 0.000125949644361 0.0 0.0
164.3 0.000125661651031 0.0 0.0
164.4 0.000125374490852 0.0 0.0
164.5 0.000125088160906 0.0 0.0
164.6 0.000124802658293 0.0 0.0
164.7 0.000124517980121 0.0 0.0
164.8 0.00012423412351 0.0 0.0
164.9 0.000123951085594 0.0 0.0
165.0 0.000123668863516 0.0 0.0
165.1 0.000123387454433 0.0 0.0
165.2 0.000123106855513 0.0 0.0
165.3 0.000122827063935 0.0 0.0
165.4 0.000122548076889 0.0 0.0
165.5 0.000122269891578 0.0 0.0
165.6 0.000121992505216 0.0 0.0
165.7 0.000121715915028 0.0 0.0
165.8 0.000121440118249 0.0 0.0
165.9 0.000121165112128 0.0 0.0
166.0 0.000120890893924 0.0 0.0
166.1 0.000120617460905 0.0 0.0
166.2 0.000120344810354 0.0 0.0
166.3 0.000120072939563 0.0 0.0
166.4 0.000119801845834 0.0 0.0
166.5 0.000119531526482 0.0 0.0
166.6 0.000119261978831 0.0 0.0
166.7 0.000118993200217 0.0 0.0
166.8 0.000118725187986 0.0 0.0
166.9 0.000118457939497 0.0 0.0
167.0 0.000118191452117 0.0 0.0
167.1 0.000117925723224 0.0 0.0
167.2 0.000117660750208 0.0 0.0
167.3 0.000117396530468 0.0 0.0
167.4 0.000117133061415 0.0 0.0
167.5 0.000116870340469 0.0 0.0
167.6 0.000116608365062 0.0 0.0
167.7 0.000116347132634 0.0 0.0
167.8 0.000116086640638 0.0 0.0
167.9 0.000115826886535 0.0 0.0
168.0 0.000115567867798 0.0 0.0
168.1 0.000115309581908 0.0 0.0
168.2 0.000115052026359 0.0 0.0
168.3 0.000114795198653 0.0 0.0
168.4 0.000114539096302 0.0 0.0
168.5 0.000114283716828 0.0 0.0
168.6 0.000114029057765 0.0 0.0
168.7 0.000113775116655 0.0 0.0
168.8 0.000113521891049 0.0 0.0
168.9 0.000113269378509 0.0 0.0
169.0 0.000113017576608 0.0 0.0
169.1 0.000112766482926 0.0 0.0
169.2 0.000112516095054 0.0 0.0
169.3 0.000112266410594 0.0 0.0
169.4 0.000112017427155 0.0 0.0
169.5 0.000111769142357 0.0 0.0
169.6 0.000111521553829 0.0 0.0
169.7 0.00011127465921 0.0 0.0
169.8 0.000111028456148 0.0 0.0
169.9 0.0001107829423 0.0 0.0
170.0 0.000110538115333 0.0 0.0
170.1 0.000110293972922 0.0 0.0
170.2 0.000110050512754 0.0 0.0
170.3 0.000109807732522 0.0 0.0
170.4 0.00010956562993 0.0 0.0
170.5 0.00010932420269 0.0 0.0
170.6 0.000109083448524 0.0 0.0
170.7 0.000108843365163 0.0 0.0
170.8 0.000108603950346 0.0 0.0
170.9 0.000108365201822 0.0 0.0
171.0 0.000108127117349 0.0 0.0
171.1 0.000107889694692 0.0 0.0
171.2 0.000107652931627 0.0 0.0
171.3 0.000107416825937 0.0 0.0
171.4 0.000107181375416 0.0 0.0
171.5 0.000106946577864 0.0 0.0
171.6 0.000106712431092 0.0 0.0
171.7 0.000106478932919 0.0 0.0
171.8 0.00010624608117 0.0 0.0
171.9 0.000106013873683 0.0 0.0
172.0 0.0001057823083 0.0 0.0
172.1 0.000105551382876 0.0 0.0
172.2 0.000105321095271 0.0 0.0
172.3 0.000105091443354 0.0 0.0
172.4 0.000104862425004 0.0 0.0
172.5 0.000104634038106 0.0 0.0
172.6 0.000104406280554 0.0 0.0
172.7 0.000104179150253 0.0 0.0
172.8 0.000103952645111 0.0 0.0
172.9 0.000103726763049 0.0 0.0
173.0 0.000103501501994 0.0 0.0
173.1 0.00010327685988 0.0 0.0
173.2 0.000103052834651 0.0 0.0
173.3 0.000102829424258 0.0 0.0
173.4 0.00010260662666 0.0 0.0
173.5 0.000102384439826 0.0 0.0
173.6 0.000102162861729 0.0 0.0
173.7 0.000101941890353 0.0 0.0
173.8 0.000101721523688 0.0 0.0
173.9 0.000101501759734 0.0 0.0
174.0 0.000101282596497 0.0 0.0
174.1 0.00010106403199 0.0 0.0
174.2 0.000100846064236 0.0 0.0
174.3 0.000100628691264 0.0 0.0
174.4 0.000100411911111 0.0 0.0
174.5 0.000100195721822 0.0 0.0
174.6 9.99801214496e-05 0.0 0.0
174.7 9.97651080532e-05 0.0 0.0
174.8 9.95506797004e-05 0.0 0.0
174.9 9.93368344657e-05 0.0 0.0
175.0 9.91235704316e-05 0.0 0.0
175.1 9.89108856875e-05 0.0 0.0
175.2 9.86987783305e-05 0.0 0.0
175.3 9.84872464649e-05 0.0 0.0
175.4 9.82762882023e-05 0.0 0.0
175.5 9.80659016616e-05 0.0 0.0
175.6 9.78560849689e-05 0.0 0.0
175.7 9.76468362576e-05 0.0 0.0
175.8 9.74381536681e-05 0.0 0.0
175.9 9.7230035348e-05 0.0 0.0
176.0 9.70224794522e-05 0.0 0.0
176.1 9.68154841425e-05 0.0 0.0
176.2 9.66090475876e-05 0.0 0.0
176.3 9.64031679636e-05 0.0 0.0
176.4 9.61978434533e-05 0.0 0.0
176.5 9.59930722464e-05 0.0 0.0
176.6 9.57888525398e-05 0.0 0.0
176.7 9.55851825372e-05 0.0 0.0
176.8 9.53820604489e-05 0.0 0.0
176.9 9.51794844924e-05 0.0 0.0
177.0 9.49774528918e-05 0.0 0.0
177.1 9.4775963878e-05 0.0 0.0
177.2 9.45750156887e-05 0.0 0.0
177.3 9.43746065682e-05 0.0 0.0
177.4 9.41747347676e-05 0.0 0.0
177.5 9.39753985446e-05 0.0 0.0
177.6 9.37765961636e-05 0.0 0.0
177.7 9.35783258955e-05 0.0 0.0
177.8 9.33805860178e-05 0.0 0.0
177.9 9.31833748146e-05 0.0 0.0
178.0 9.29866905764e-05 0.0 0.0
178.1 9.27905316002e-05 0.0 0.0
178.2 9.25948961896e-05 0.0 0.0
178.3 9.23997826544e-05 0.0 0.0
178.4 9.22051893111e-05 0.0 0.0
178.5 9.20111144823e-05 0.0 0.0
178.6 9.18175564969e-05 0.0 0.0
178.7 9.16245136905e-05 0.0 0.0
178.8 9.14319844047e-05 0.0 0.0
178.9 9.12399669872e-05 0.0 0.0
179.0 9.10484597924e-05 0.0 0.0
179.1 9.08574611805e-05 0.0 0.0
179.2 9.0666969518e-05 0.0 0.0
179.3 9.04769831777e-05 0.0 0.0
179.4 9.02875005383e-05 0.0 0.0
179.5 9.00985199848e-05 0.0 0.0
179.6 8.99100399081e-05 0.0 0.0
179.7 8.97220587053e-05 0.0 0.0
179.8 8.95345747794e-05 0.0 0.0
179.9 8.93475865395e-05 0.0 0.0
180.0 8.91610924006e-05 0.0 0.0
180.1 8.89750907837e-05 0.0 0.0
180.2 8.87895801156e-05 0.0 0.0
180.3 8.86045588292e-05 0.0 0.0
180.4 8.8420025363e-05 0.0 0.0
180.5 8.82359781616e-05 0.0 0.0
180.6 8.80524156752e-05 0.0 0.0
180.7 8.786933636e-05 0.0 0.0
180.8 8.76867386779e-05 0.0 0.0
180.9 8.75046210964e-05 0.0 0.0
181.0 8.73229820889e-05 0.0 0.0
181.1 8.71418201344e-05 0.0 0.0
181.2 8.69611337176e-05 0.0 0.0
181.3 8.67809213288e-05 0.0 0.0
181.4 8.6601181464e-05 0.0 0.0
181.5 8.64219126248e-05 0.0 0.0
181.6 8.62431133183e-05 0.0 0.0
181.7 8.60647820572e-05 0.0 0.0
181.8 8.58869173597e-05 0.0 0.0
181.9 8.57095177495e-05 0.0 0.0
182.0 8.55325817557e-05 0.0 0.0
182.1 8.53561079131e-05 0.0 0.0
182.2 8.51800947617e-05 0.0 0.0
182.3 8.50045408471e-05 0.0 0.0
182.4 8.482944472e-05 0.0 0.0
182.5 8.46548049367e-05 0.0 0.0
182.6 8.44806200589e-05 0.0 0.0
182.7 8.43068886533e-05 0.0 0.0
182.8 8.41336092923e-05 0.0 0.0
182.9 8.39607805532e-05 0.0 0.0
183.0 8.37884010188e-05 0.0 0.0
183.1 8.3616469277e-05 0.0 0.0
183.2 8.3444983921e-05 0.0 0.0
183.3 8.32739435491e-05 0.0 0.0
183.4 8.31033467649e-05 0.0 0.0
183.5 8.29331921769e-05 0.0 0.0
183.6 8.27634783989e-05 0.0 0.0
183.7 8.25942040498e-05 0.0 0.0
183.8 8.24253677536e-05 0.0 0.0
183.9 8.22569681391e-05 0.0 0.0
184.0 8.20890038404e-05 0.0 0.0
184.1 8.19214734967e-05 0.0 0.0
184.2 8.17543757517e-05 0.0 0.0
184.3 8.15877092547e-05 0.0 0.0
184.4 8.14214726595e-05 0.0 0.0
184.5 8.1255664625e-05 0.0 0.0
184.6 8.10902838149e-05 0.0 0.0
184.7 8.0925328898e-05 0.0 0.0
184.8 8.07607985477e-05 0.0 0.0
184.9 8.05966914425e-05 0.0 0.0
185.0 8.04330062656e-05 0.0 0.0
185.1 8.02697417049e-05 0.0 0.0
185.2 8.01068964532e-05 0.0 0.0
185.3 7.99444692081e-05 0.0 0.0
185.4 7.9782458672e-05 0.0 0.0
185.5 7.96208635518e-05 0.0 0.0
185.6 7.94596825593e-05 0.0 0.0
185.7 7.92989144109e-05 0.0 0.0
185.8 7.91385578277e-05 0.0 0.0
185.9 7.89786115355e-05 0.0 0.0
186.0 7.88190742645e-05 0.0 0.0
186.1 7.86599447498e-05 0.0 0.0
186.2 7.85012217309e-05 0.0 0.0
186.3 7.8342903952e-05 0.0 0.0
186.4 7.81849901617e-05 0.0 0.0
186.5 7.80274791133e-05 0.0 0.0
186.6 7.78703695645e-05 0.0 0.0
186.7 7.77136602775e-05 0.0 0.0
186.8 7.7557350019e-05 0.0 0.0
186.9 7.74014375602e-05 0.0 0.0
187.0 7.72459216767e-05 0.0 0.0
187.1 7.70908011484e-05 0.0 0.0
187.2 7.69360747598e-05 0.0 0.0
187.3 7.67817412998e-05 0.0 0.0
187.4 7.66277995614e-05 0.0 0.0
187.5 7.64742483422e-05 0.0 0.0
187.6 7.6321086444e-05 0.0 0.0
187.7 7.61683126731e-05 0.0 0.0
187.8 7.60159258398e-05 0.0 0.0
187.9 7.58639247588e-05 0.0 0.0
188.0 7.57123082493e-05 0.0 0.0
188.1 7.55610751343e-05 0.0 0.0
188.2 7.54102242414e-05 0.0 0.0
188.3 7.52597544021e-05 0.0 0.0
188.4 7.51096644525e-05 0.0 0.0
188.5 7.49599532324e-05 0.0 0.0
188.6 7.4810619586e-05 0.0 0.0
188.7 7.46616623617e-05 0.0 0.0
188.8 7.45130804119e-05 0.0 0.0
188.9 7.43648725932e-05 0.0 0.0
189.0 7.42170377661e-05 0.0 0.0
189.1 7.40695747953e-05 0.0 0.0
189.2 7.39224825496e-05 0.0 0.0
189.3 7.37757599019e-05 0.0 0.0
189.4 7.36294057288e-05 0.0 0.0
189.5 7.34834189112e-05 0.0 0.0
189.6 7.33377983338e-05 0.0 0.0
189.7 7.31925428856e-05 0.0 0.0
189.8 7.30476514591e-05 0.0 0.0
189.9 7.2903122951e-05 0.0 0.0
190.0 7.2758956262e-05 0.0 0.0
190.1 7.26151502964e-05 0.0 0.0
190.2 7.24717039628e-05 0.0 0.0
190.3 7.23286161733e-05 0.0 0.0
190.4 7.21858858441e-05 0.0 0.0
190.5 7.20435118951e-05 0.0 0.0
190.6 7.190149325e-05 0.0 0.0
190.7 7.17598288366e-05 0.0 0.0
190.8 7.16185175862e-05 0.0 0.0
190.9 7.1477558434e-05 0.0 0.0
191.0 7.13369503188e-05 0.0 0.0
191.1 7.11966921835e-05 0.0 0.0
191.2 7.10567829744e-05 0.0 0.0
191.3 7.09172216417e-05 0.0 0.0
191.4 7.07780071393e-05 0.0 0.0
191.5 7.06391384246e-05 0.0 0.0
191.6 7.05006144589e-05 0.0 0.0
191.7 7.03624342071e-05 0.0 0.0
191.8 7.02245966378e-05 0.0 0.0
191.9 7.00871007229e-05 0.0 0.0
192.0 6.99499454385e-05 0.0 0.0
192.1 6.98131297637e-05 0.0 0.0
192.2 6.96766526816e-05 0.0 0.0
192.3 6.95405131787e-05 0.0 0.0
192.4 6.94047102451e-05 0.0 0.0
192.5 6.92692428745e-05 0.0 0.0
192.6 6.9134110064e-05 0.0 0.0
192.7 6.89993108142e-05 0.0 0.0
192.8 6.88648441294e-05 0.0 0.0
192.9 6.87307090173e-05 0.0 0.0
193.0 6.85969044889e-05 0.0 0.0
193.1 6.84634295589e-05 0.0 0.0
193.2 6.83302832454e-05 0.0 0.0
193.3 6.81974645698e-05 0.0 0.0
193.4 6.8064972557e-05 0.0 0.0
193.5 6.79328062353e-05 0.0 0.0
193.6 6.78009646364e-05 0.0 0.0
193.7 6.76694467953e-05 0.0 0.0
193.8 6.75382517506e-05 0.0 0.0
193.9 6.7407378544e-05 0.0 0.0
194.0 6.72768262206e-05 0.0 0.0
194.1 6.71465938288e-05 0.0 0.0
194.2 6.70166804205e-05 0.0 0.0
194.3 6.68870850506e-05 0.0 0.0
194.4 6.67578067774e-05 0.0 0.0
194.5 6.66288446627e-05 0.0 0.0
194.6 6.65001977712e-05 0.0 0.0
194.7 6.63718651711e-05 0.0 0.0
194.8 6.62438459337e-05 0.0 0.0
194.9 6.61161391335e-05 0.0 0.0
195.0 6.59887438483e-05 0.0 0.0
195.1 6.58616591591e-05 0.0 0.0
195.2 6.57348841499e-05 0.0 0.0
195.3 6.56084179082e-05 0.0 0.0
195.4 6.54822595244e-05 0.0 0.0
195.5 6.5356408092e-05 0.0 0.0
195.6 6.52308627078e-05 0.0 0.0
195.7 6.51056224716e-05 0.0 0.0
195.8 6.49806864864e-05 0.0 0.0
195.9 6.48560538583e-05 0.0 0.0
196.0 6.47317236964e-05 0.0 0.0
196.1 6.46076951128e-05 0.0 0.0
196.2 6.44839672228e-05 0.0 0.0
196.3 6.43605391448e-05 0.0 0.0
196.4 6.423741e-05 0.0 0.0
196.5 6.41145789129e-05 0.0 0.0
196.6 6.39920450107e-05 0.0 0.0
196.7 6.38698074239e-05 0.0 0.0
196.8 6.37478652857e-05 0.0 0.0
196.9 6.36262177325e-05 0.0 0.0
197.0 6.35048639036e-05 0.0 0.0
197.1 6.33838029412e-05 0.0 0.0
197.2 6.32630339905e-05 0.0 0.0
197.3 6.31425561995e-05 0.0 0.0
197.4 6.30223687193e-05 0.0 0.0
197.5 6.29024707038e-05 0.0 0.0
197.6 6.27828613098e-05 0.0 0.0
197.7 6.2663539697e-05 0.0 0.0
197.8 6.25445050278e-05 0.0 0.0
197.9 6.24257564679e-05 0.0 0.0
198.0 6.23072931853e-05 0.0 0.0
198.1 6.21891143513e-05 0.0 0.0
198.2 6.20712191396e-05 0.0 0.0
198.3 6.19536067272e-05 0.0 0.0
198.4 6.18362762934e-05 0.0 0.0
198.5 6.17192270208e-05 0.0 0.0
198.6 6.16024580942e-05 0.0 0.0
198.7 6.14859687017e-05 0.0 0.0
198.8 6.13697580339e-05 0.0 0.0
198.9 6.12538252842e-05 0.0 0.0
199.0 6.11381696487e-05 0.0 0.0
199.1 6.10227903263e-05 0.0 0.0
199.2 6.09076865185e-05 0.0 0.0
199.3 6.07928574297e-05 0.0 0.0
199.4 6.06783022667e-05 0.0 0.0
199.5 6.05640202394e-05 0.0 0.0
199.6 6.04500105599e-05 0.0 0.0
199.7 6.03362724434e-05 0.0 0.0
199.8 6.02228051074e-05 0.0 0.0
199.9 6.01096077723e-05 0.0 0.0
