# r frac
0.0 0.0
0.1 0.0
0.2 0.0
0.3 0.0
0.4 0.0
0.5 0.0
0.6 0.0
0.7 0.0
0.8 0.0
0.9 0.0
1.0 0.0
1.1 0.0
1.2 0.0
1.3 0.0
1.4 0.0
1.5 0.0
1.6 0.0
1.7 0.0
1.8 0.0
1.9 0.0
2.0 0.0
2.1 0.0
2.2 0.0
2.3 0.0150810314735
2.4 0.0622682900329
2.5 0.117217361258
2.6 0.145823762775
2.7 0.178324317708
2.8 0.210546101265
2.9 0.205814819134
3.0 0.290198870508
3.1 0.266589536511
3.2 0.318729786427
3.3 0.341940017102
3.4 0.337577599344
3.5 0.385189571986
3.6 0.390886246544
3.7 0.400745901647
3.8 0.425134355449
3.9 0.421329090533
4.0 0.464421686584
4.1 0.45868714801
4.2 0.472187265703
4.3 0.464327094215
4.4 0.470081984651
4.5 0.474512005638
4.6 0.468752906945
4.7 0.473206260006
4.8 0.479611891218
4.9 0.466651484071
5.0 0.483841466728
5.1 0.473154315144
5.2 0.461066690673
5.3 0.493672896352
5.4 0.467992837575
5.5 0.476181159005
5.6 0.482646336783
5.7 0.475019476488
5.8 0.488685323423
5.9 0.479871928502
6.0 0.475185067654
6.1 0.48168728484
6.2 0.474653597659
6.3 0.486262159917
6.4 0.475056324659
6.5 0.483399379257
6.6 0.477626991153
6.7 0.481201036313
6.8 0.479646859002
6.9 0.479802030729
7.0 0.479822545063
7.1 0.481569644846
7.2 0.480023125028
7.3 0.482211520546
7.4 0.481360139753
7.5 0.482780256715
7.6 0.482261587654
7.7 0.483285215134
7.8 0.483192510514
7.9 0.483405540327
8.0 0.483951915959
8.1 0.483690672918
8.2 0.484556328135
8.3 0.484184854531
8.4 0.484649468067
8.5 0.4846900087
8.6 0.484810834193
8.7 0.485075072255
8.8 0.485139082019
8.9 0.485312203236
9.0 0.48562710996
9.1 0.485516504645
9.2 0.486012643292
9.3 0.486023159229
9.4 0.486076560965
9.5 0.486521971252
9.6 0.486455711842
9.7 0.486743031941
9.8 0.486893506304
9.9 0.487088463077
10.0 0.487269167586
10.1 0.487204361079
10.2 0.487245537878
10.3 0.487368581381
10.4 0.487592565922
10.5 0.487776239644
10.6 0.487882220403
10.7 0.48811639813
10.8 0.488289199673
10.9 0.48842600455
11.0 0.488587349329
11.1 0.488743214764
11.2 0.488859204397
11.3 0.488974870161
11.4 0.489125023292
11.5 0.489229617829
11.6 0.489297325839
11.7 0.489364175669
11.8 0.489419886237
11.9 0.489446030508
12.0 0.489408401528
12.1 0.489378161846
12.2 0.48930844105
12.3 0.48919466214
12.4 0.489031408054
12.5 0.488838483305
12.6 0.488571756755
12.7 0.488293474646
12.8 0.487958323561
12.9 0.487536198821
13.0 0.486929209698
13.1 0.486015050669
13.2 0.485429952186
13.3 0.484848819634
13.4 0.484261056609
13.5 0.483704679885
13.6 0.483141038349
13.7 0.482586900217
13.8 0.482057398768
13.9 0.481408429355
14.0 0.480829074856
14.1 0.480302073718
14.2 0.479783061241
14.3 0.47894356125
14.4 0.478424754834
14.5 0.477914935144
14.6 0.477409004204
14.7 0.476908844676
14.8 0.476196073493
14.9 0.475621215003
15.0 0.475149143636
15.1 0.474664730501
15.2 0.474220668931
15.3 0.473741332576
15.4 0.473297661327
15.5 0.472799710813
15.6 0.47236733328
15.7 0.471911100127
15.8 0.471485643096
15.9 0.471058663085
16.0 0.470628749992
16.1 0.47019652083
16.2 0.469776628759
16.3 0.469369596852
16.4 0.468958056108
16.5 0.468550296017
16.6 0.468150262156
16.7 0.467746205198
16.8 0.467378712236
16.9 0.466955658645
17.0 0.466590510242
17.1 0.466199606452
17.2 0.465822277868
17.3 0.46544884679
17.4 0.464975708477
17.5 0.464415254479
17.6 0.464065348198
17.7 0.463697535513
17.8 0.463352452599
17.9 0.462995944292
18.0 0.462651792383
18.1 0.462298640485
18.2 0.461965328621
18.3 0.461618384642
18.4 0.461287535553
18.5 0.460957242206
18.6 0.460618789975
18.7 0.460312463776
18.8 0.459976623751
18.9 0.459654827051
19.0 0.459343771672
19.1 0.459025635239
19.2 0.458724207106
19.3 0.458401459117
19.4 0.458106160578
19.5 0.457797102791
19.6 0.457500234898
19.7 0.457204898871
19.8 0.456907967775
19.9 0.456608284982
20.0 0.456332614088
20.1 0.456045854173
20.2 0.455754273576
20.3 0.455466633186
20.4 0.455193552643
20.5 0.454915169249
20.6 0.454424112136
20.7 0.454038870537
20.8 0.453788105647
20.9 0.45336178555
21.0 0.453038441857
21.1 0.452775478598
21.2 0.452527022318
21.3 0.452114772706
21.4 0.451738534599
21.5 0.451496274462
21.6 0.451233161681
21.7 0.45100092476
21.8 0.450732728864
21.9 0.450331864851
22.0 0.450003680062
22.1 0.44976158002
22.2 0.449512115023
22.3 0.449038706257
22.4 0.448654575868
22.5 0.448179516943
22.6 0.447851237529
22.7 0.447604898321
22.8 0.447397468747
22.9 0.447165820933
23.0 0.446788054078
23.1 0.44648503017
23.2 0.446265553267
23.3 0.446037107825
23.4 0.445838208629
23.5 0.445613586956
23.6 0.445393611046
23.7 0.445196283998
23.8 0.444992469886
23.9 0.444785396493
24.0 0.444570511157
24.1 0.44437957279
24.2 0.444160736539
24.3 0.443976559412
24.4 0.44376677472
24.5 0.443581822694
24.6 0.443368155397
24.7 0.443192281341
24.8 0.442998833477
24.9 0.442785408246
25.0 0.442618701267
25.1 0.442415972667
25.2 0.442228160302
25.3 0.442048789419
25.4 0.441870574338
25.5 0.441475628348
25.6 0.441261574468
25.7 0.441076368978
25.8 0.440901389664
25.9 0.440725904583
26.0 0.44053424809
26.1 0.440363524473
26.2 0.440215855296
26.3 0.43999925407
26.4 0.439607449483
26.5 0.439453454061
26.6 0.439277862647
26.7 0.439105467731
26.8 0.438936520145
26.9 0.438781625885
27.0 0.438615808599
27.1 0.438449841446
27.2 0.438276292346
27.3 0.43813759025
27.4 0.437878052572
27.5 0.4374445749
27.6 0.437183385687
27.7 0.437036997974
27.8 0.436884206192
27.9 0.436727800831
28.0 0.436505137041
28.1 0.436335683053
28.2 0.436190591124
28.3 0.436042904763
28.4 0.435886303586
28.5 0.435756694632
28.6 0.435582425152
28.7 0.435447708278
28.8 0.435312771891
28.9 0.435149613267
29.0 0.434870253492
29.1 0.434529891841
29.2 0.43429480085
29.3 0.434153697909
29.4 0.434002596143
29.5 0.43372932663
29.6 0.433500627674
29.7 0.433023038781
29.8 0.43280828927
29.9 0.43266277091
30.0 0.432538252019
30.1 0.432414847209
30.2 0.432248456256
30.3 0.432147732626
30.4 0.432015534035
30.5 0.431867411002
30.6 0.431760305563
30.7 0.431621174954
30.8 0.431485512722
30.9 0.4313867075
31.0 0.431235301772
31.1 0.431126212153
31.2 0.430998075342
31.3 0.43086536602
31.4 0.430759362096
31.5 0.430569434731
31.6 0.430291651006
31.7 0.430170559391
31.8 0.430054269027
31.9 0.429934405366
32.0 0.429802620217
32.1 0.429712461345
32.2 0.429574403301
32.3 0.42945549507
32.4 0.429357285392
32.5 0.429077967788
32.6 0.428958734505
32.7 0.428837449854
32.8 0.428739187146
32.9 0.428622782968
33.0 0.428500226113
33.1 0.428403348495
33.2 0.428278434757
33.3 0.428193329342
33.4 0.428057679834
33.5 0.427959196488
33.6 0.427852548515
33.7 0.427742605504
33.8 0.427648128963
33.9 0.427534940809
34.0 0.427428296379
34.1 0.427324911343
34.2 0.427219230095
34.3 0.427111393651
34.4 0.426856046008
34.5 0.426703457839
34.6 0.426613185688
34.7 0.426497629509
34.8 0.426391423808
34.9 0.426148757396
35.0 0.425992866434
35.1 0.425893349062
35.2 0.42579567858
35.3 0.425707061896
35.4 0.425608377097
35.5 0.425506451142
35.6 0.425212806177
35.7 0.425113855364
35.8 0.42502469345
35.9 0.424934310644
36.0 0.424833896301
36.1 0.424733215727
36.2 0.424658879145
36.3 0.424547879688
36.4 0.424256793491
36.5 0.424173197331
36.6 0.424081099824
36.7 0.423994459806
36.8 0.42389270769
36.9 0.423805504657
37.0 0.423720547699
37.1 0.423637108931
37.2 0.423402500778
37.3 0.423242647167
37.4 0.423172966094
37.5 0.423074459832
37.6 0.422998019915
37.7 0.42290679154
37.8 0.422822352245
37.9 0.422572900281
38.0 0.42228470501
38.1 0.422128455108
38.2 0.421894245356
38.3 0.421794330303
38.4 0.421719478421
38.5 0.421639449244
38.6 0.421497570756
38.7 0.421278012226
38.8 0.421199823121
38.9 0.421119663805
39.0 0.421031975075
39.1 0.420959269742
39.2 0.420712378172
39.3 0.420510953132
39.4 0.420437606444
39.5 0.420192902804
39.6 0.420087271526
39.7 0.419995218134
39.8 0.41992743377
39.9 0.419861450047
40.0 0.419773217215
40.1 0.419703457855
40.2 0.419616673395
40.3 0.419479537579
40.4 0.419379869835
40.5 0.419309704421
40.6 0.419238366817
40.7 0.419162237697
40.8 0.419079544185
40.9 0.419021511587
41.0 0.418943230809
41.1 0.418857609566
41.2 0.418784005972
41.3 0.41852725073
41.4 0.418470566435
41.5 0.418389738151
41.6 0.418312934722
41.7 0.418254010807
41.8 0.418184837858
41.9 0.418112720777
42.0 0.418053912846
42.1 0.417932243334
42.2 0.417811644794
42.3 0.417743031114
42.4 0.417672719881
42.5 0.417600302048
42.6 0.417549185109
42.7 0.41746933326
42.8 0.417406464129
42.9 0.417341595534
43.0 0.417264838087
43.1 0.417119476177
43.2 0.416931548617
43.3 0.416804315446
43.4 0.41670771885
43.5 0.416657823127
43.6 0.416596566617
43.7 0.416529885598
43.8 0.416448450757
43.9 0.416332046791
44.0 0.416170045697
44.1 0.41611280515
44.2 0.41605127289
44.3 0.4159882926
44.4 0.415922733858
44.5 0.415864326232
44.6 0.415738683016
44.7 0.415594690006
44.8 0.415531960679
44.9 0.415479700847
45.0 0.415408671604
45.1 0.415349638597
45.2 0.415302360605
45.3 0.415233601787
45.4 0.415178192698
45.5 0.415112583735
45.6 0.415044549381
45.7 0.415000812526
45.8 0.414806640234
45.9 0.414694730582
46.0 0.414572836425
46.1 0.414379678237
46.2 0.414325182901
46.3 0.414273133556
46.4 0.414220231102
46.5 0.414166583685
46.6 0.414100148876
46.7 0.414033627657
46.8 0.413989465263
46.9 0.413824122173
47.0 0.413628506209
47.1 0.413546970951
47.2 0.413475555722
47.3 0.413417120134
47.4 0.413374362071
47.5 0.413315426448
47.6 0.413262338617
47.7 0.413207036203
47.8 0.413020691523
47.9 0.412945770056
48.0 0.412886355158
48.1 0.412831601346
48.2 0.412788730337
48.3 0.412733783196
48.4 0.412603514887
48.5 0.41236259899
48.6 0.412186855932
48.7 0.412164664179
48.8 0.412101189825
48.9 0.412040420098
49.0 0.41199680563
49.1 0.411950689668
49.2 0.411897194533
49.3 0.411846046541
49.4 0.411784377851
49.5 0.411634009429
49.6 0.411601342673
49.7 0.411546428118
49.8 0.41149636972
49.9 0.411443577149
50.0 0.411400642291
50.1 0.411342658499
50.2 0.411271449032
50.3 0.410898468494
50.4 0.410831867856
50.5 0.410799563629
50.6 0.410736576001
50.7 0.410704382543
50.8 0.410648071642
50.9 0.410556924873
51.0 0.410385021978
51.1 0.410328997649
51.2 0.410278814343
51.3 0.410242398569
51.4 0.410176731537
51.5 0.410145231428
51.6 0.410096709555
51.7 0.41005578516
51.8 0.410002143961
51.9 0.409943949696
52.0 0.409928188117
52.1 0.409870928402
52.2 0.409822350465
52.3 0.409737409228
52.4 0.409563824087
52.5 0.409513183115
52.6 0.409459658812
52.7 0.409420970094
52.8 0.409380321545
52.9 0.409174354077
53.0 0.409025936814
53.1 0.408897303887
53.2 0.408856770755
53.3 0.408818305408
53.4 0.408776516157
53.5 0.408590630064
53.6 0.408501121317
53.7 0.4084674468
53.8 0.408407591907
53.9 0.408383713331
54.0 0.408340321484
54.1 0.408287692472
54.2 0.408134705681
54.3 0.408035093572
54.4 0.40798819389
54.5 0.407949701814
54.6 0.40790813136
54.7 0.407876529515
54.8 0.407835449383
54.9 0.407779463553
55.0 0.407750574692
55.1 0.407705886598
55.2 0.407663735929
55.3 0.407627793078
55.4 0.407581832717
55.5 0.407555529517
55.6 0.40739318122
55.7 0.407201187309
55.8 0.407157833468
55.9 0.407119174353
56.0 0.407077214388
56.1 0.407044053327
56.2 0.407005499471
56.3 0.406964434178
56.4 0.406913121533
56.5 0.406892905148
56.6 0.406846468827
56.7 0.4068154993
56.8 0.406654375819
56.9 0.406466061989
57.0 0.40636191977
57.1 0.406318421718
57.2 0.406289658557
57.3 0.406111266725
57.4 0.406042106013
57.5 0.406002436489
57.6 0.405969356441
57.7 0.405930348787
57.8 0.405879134339
57.9 0.405680175014
58.0 0.405644219748
58.1 0.405610948643
58.2 0.405446140888
58.3 0.405383263708
58.4 0.405360268475
58.5 0.405326296584
58.6 0.405278210863
58.7 0.405258670381
58.8 0.405220355803
58.9 0.405171344254
59.0 0.405139477715
59.1 0.40510886165
59.2 0.40509228345
59.3 0.404977134224
59.4 0.404825422241
59.5 0.404792030649
59.6 0.404715920904
59.7 0.404555319137
59.8 0.40451837935
59.9 0.404488800107
60.0 0.404453262016
60.1 0.404417892371
60.2 0.404381483769
60.3 0.404347742426
60.4 0.404320279296
60.5 0.404286299184
60.6 0.404239330329
60.7 0.404234170806
60.8 0.404180791333
60.9 0.404154790974
61.0 0.404122260017
61.1 0.404093419103
61.2 0.404042057471
61.3 0.404005927821
61.4 0.403670394347
61.5 0.403638823951
61.6 0.403605426158
61.7 0.403575939008
61.8 0.403509702571
61.9 0.403339050436
62.0 0.403302318633
62.1 0.403274360529
62.2 0.403227369307
62.3 0.403216788991
62.4 0.403180815742
62.5 0.403146734113
62.6 0.403118285237
62.7 0.403087495434
62.8 0.403060837766
62.9 0.403009330005
63.0 0.403003685348
63.1 0.402966739752
63.2 0.402928535103
63.3 0.402904404787
63.4 0.402870802239
63.5 0.402836222599
63.6 0.402810707862
63.7 0.402781892383
63.8 0.402756468559
63.9 0.402637130502
64.0 0.402489428206
64.1 0.402321472725
64.2 0.402287072391
64.3 0.402261265536
64.4 0.402234214065
64.5 0.402197485266
64.6 0.402172321041
64.7 0.402151375732
64.8 0.401939556164
64.9 0.40173826491
65.0 0.401578066338
65.1 0.401354553476
65.2 0.401145633254
65.3 0.401121586186
65.4 0.401078170113
65.5 0.401055218613
65.6 0.401029533245
65.7 0.401000081612
65.8 0.400984939955
65.9 0.400857960091
66.0 0.400735754697
66.1 0.400729781311
66.2 0.400686504804
66.3 0.400627813199
66.4 0.400469412476
66.5 0.400440463441
66.6 0.400412428529
66.7 0.400369381344
66.8 0.400369992976
66.9 0.4002698461
67.0 0.400124281213
67.1 0.40005474867
67.2 0.39992880221
67.3 0.399899768979
67.4 0.399876208828
67.5 0.399748258902
67.6 0.399658845938
67.7 0.399625601129
67.8 0.399560799753
67.9 0.399401356617
68.0 0.399392352301
68.1 0.399170293635
68.2 0.399154096404
68.3 0.399143083159
68.4 0.39909939627
68.5 0.399011820655
68.6 0.39889946939
68.7 0.398891406108
68.8 0.398849507785
68.9 0.398829464096
69.0 0.398799974272
69.1 0.398758260322
69.2 0.398589551348
69.3 0.398580207519
69.4 0.398552677998
69.5 0.398470154176
69.6 0.398328010651
69.7 0.398197210848
69.8 0.398172617275
69.9 0.3981204428
70.0 0.397970317257
70.1 0.397865344198
70.2 0.397695097097
70.3 0.397604476501
70.4 0.397423734963
70.5 0.397251359174
70.6 0.39711003853
70.7 0.397023448695
70.8 0.396977480397
70.9 0.39697436977
71.0 0.396912789038
71.1 0.396740274896
71.2 0.396548857872
71.3 0.396372254953
71.4 0.396254413432
71.5 0.396054020316
71.6 0.395974668028
71.7 0.395802384663
71.8 0.395757652137
71.9 0.395755824681
72.0 0.395712461955
72.1 0.395553174676
72.2 0.395298580335
72.3 0.395054825675
72.4 0.39495515248
72.5 0.394935397315
72.6 0.394848111976
72.7 0.394720407709
72.8 0.394705684478
72.9 0.394546392395
73.0 0.394394940872
73.1 0.3942874851
73.2 0.394212088761
73.3 0.394090427005
73.4 0.393952113553
73.5 0.393877405107
73.6 0.393799774271
73.7 0.393663642672
73.8 0.393649862017
73.9 0.393530598517
74.0 0.393440913386
74.1 0.393260656355
74.2 0.3932295635
74.3 0.393208299483
74.4 0.393192393675
74.5 0.393165905386
74.6 0.393136828459
74.7 0.393122896742
74.8 0.393081090324
74.9 0.392927024348
75.0 0.392904644357
75.1 0.392878359722
75.2 0.392866684376
75.3 0.392854086314
75.4 0.392834938365
75.5 0.392798632569
75.6 0.392794623561
75.7 0.392754210176
75.8 0.392748159813
75.9 0.392726195296
76.0 0.392708927382
76.1 0.392687040083
76.2 0.392665439904
76.3 0.39264918942
76.4 0.392631657365
76.5 0.392530932929
76.6 0.392426972067
76.7 0.392356013952
76.8 0.392215561617
76.9 0.392197152514
77.0 0.392183215604
77.1 0.391996996879
77.2 0.391833948053
77.3 0.391799992858
77.4 0.391771053638
77.5 0.391616001
77.6 0.391405845605
77.7 0.391233188474
77.8 0.391206668246
77.9 0.391089683552
78.0 0.391013988003
78.1 0.390835999256
78.2 0.390805952039
78.3 0.39078496979
78.4 0.390743364859
78.5 0.390418685357
78.6 0.390131305186
78.7 0.390026311706
78.8 0.389998789149
78.9 0.38999319864
79.0 0.389963772955
79.1 0.389772096223
79.2 0.389601409629
79.3 0.389544434529
79.4 0.38940221757
79.5 0.389258980008
79.6 0.389239637952
79.7 0.389092072766
79.8 0.389048591899
79.9 0.389030009072
80.0 0.38888907619
80.1 0.388814805956
80.2 0.388806590921
80.3 0.388709903637
80.4 0.388666684824
80.5 0.388640401105
80.6 0.388566984805
80.7 0.388492766281
80.8 0.388475159471
80.9 0.388453412106
81.0 0.388437235116
81.1 0.388431153458
81.2 0.388397250694
81.3 0.388375114373
81.4 0.388326509929
81.5 0.388224530534
81.6 0.388047947313
81.7 0.388017977732
81.8 0.387637099538
81.9 0.387341739542
82.0 0.387337323526
82.1 0.387315314465
82.2 0.387302902328
82.3 0.38713825001
82.4 0.386965758644
82.5 0.386930928762
82.6 0.386914239247
82.7 0.386898454645
82.8 0.38689645772
82.9 0.386860038134
83.0 0.38685326615
83.1 0.386823004939
83.2 0.386658223747
83.3 0.386395319915
83.4 0.386327624379
83.5 0.386183127517
83.6 0.386086126837
83.7 0.385970209451
83.8 0.385769001757
83.9 0.385375286959
84.0 0.385294172164
84.1 0.385030278611
84.2 0.384979035628
84.3 0.384987646703
84.4 0.384956222538
84.5 0.384954146255
84.6 0.384780186277
84.7 0.384758535412
84.8 0.384732364137
84.9 0.384726847249
85.0 0.384702586704
85.1 0.384629155513
85.2 0.384506547253
85.3 0.384523597975
85.4 0.384496350896
85.5 0.384435250776
85.6 0.384314505287
85.7 0.384300786198
85.8 0.384167392066
85.9 0.38411651637
86.0 0.383860850486
86.1 0.383766359313
86.2 0.383741386808
86.3 0.383727444639
86.4 0.38371776801
86.5 0.383357398785
86.6 0.38290363101
86.7 0.382876918352
86.8 0.382671620703
86.9 0.382528060443
87.0 0.382514354678
87.1 0.382502623727
87.2 0.382486134561
87.3 0.38244216978
87.4 0.382292622301
87.5 0.382285040347
87.6 0.382278967076
87.7 0.382250978493
87.8 0.382235148916
87.9 0.38219041448
88.0 0.382042778781
88.1 0.38189351342
88.2 0.381796995784
88.3 0.381712447995
88.4 0.381493633512
88.5 0.381443512707
88.6 0.381422681969
88.7 0.381336238729
88.8 0.381148263859
88.9 0.380775029123
89.0 0.38056572173
89.1 0.380562969201
89.2 0.380378907162
89.3 0.380175370933
89.4 0.380031564624
89.5 0.379867751718
89.6 0.379626386405
89.7 0.379571490236
89.8 0.379546792598
89.9 0.379424638765
90.0 0.379227336593
90.1 0.379134405455
90.2 0.378869946364
90.3 0.378477388617
90.4 0.378246998658
90.5 0.378035988035
90.6 0.377833594694
90.7 0.377707291978
90.8 0.377521188229
90.9 0.377176630807
91.0 0.376945757261
91.1 0.376934728421
91.2 0.376919998421
91.3 0.376900036395
91.4 0.376456852242
91.5 0.376286435526
91.6 0.37624207241
91.7 0.375863684405
91.8 0.375626344124
91.9 0.375617918127
92.0 0.375600985931
92.1 0.375481500222
92.2 0.375394910729
92.3 0.375134858754
92.4 0.374937187531
92.5 0.37476281565
92.6 0.374745046436
92.7 0.374728588646
92.8 0.374575164118
92.9 0.374563301259
93.0 0.374553486101
93.1 0.374530936012
93.2 0.374465771134
93.3 0.374186734307
93.4 0.374115267552
93.5 0.373920876231
93.6 0.37373075144
93.7 0.373566368565
93.8 0.373297159323
93.9 0.372891245596
94.0 0.372654355687
94.1 0.372512967873
94.2 0.372461302809
94.3 0.372320840067
94.4 0.3721994718
94.5 0.37196020969
94.6 0.371841107528
94.7 0.371808525833
94.8 0.371725593233
94.9 0.371634153582
95.0 0.371531132922
95.1 0.37144020812
95.2 0.371388498257
95.3 0.371275013622
95.4 0.371105013244
95.5 0.371100296734
95.6 0.370812472436
95.7 0.370764014772
95.8 0.37058912678
95.9 0.370302920062
96.0 0.370205081113
96.1 0.369776696604
96.2 0.369669203191
96.3 0.369620812604
96.4 0.36948304687
96.5 0.369487470945
96.6 0.369378346174
96.7 0.368930540938
96.8 0.368864805163
96.9 0.368845706985
97.0 0.368802358116
97.1 0.368663796784
97.2 0.368473676423
97.3 0.36820964057
97.4 0.367965221153
97.5 0.367710315408
97.6 0.367672841091
97.7 0.367660970233
97.8 0.367659664387
97.9 0.367518583027
98.0 0.367330918186
98.1 0.367027119148
98.2 0.367003262773
98.3 0.36683213341
98.4 0.366698912639
98.5 0.366667566086
98.6 0.366049573532
98.7 0.365927226759
98.8 0.365916095064
98.9 0.365900916796
99.0 0.365824642462
99.1 0.365611030552
99.2 0.365450895634
99.3 0.365424885193
99.4 0.36544108955
99.5 0.365321490625
99.6 0.365239138878
99.7 0.364895696483
99.8 0.364507153609
99.9 0.364316340649
100.0 0.364287196888
100.1 0.364277759766
100.2 0.364159131698
100.3 0.363718248283
100.4 0.363557888064
100.5 0.363517062198
100.6 0.363353460274
100.7 0.363013463113
100.8 0.362872656183
100.9 0.362731362362
101.0 0.362312507894
101.1 0.362105491719
101.2 0.362068567918
101.3 0.361791373803
101.4 0.361588841609
101.5 0.361447263525
101.6 0.361014840704
101.7 0.360575493474
101.8 0.360216666635
101.9 0.359877693129
102.0 0.359578237391
102.1 0.359390063464
102.2 0.359347755227
102.3 0.359093456752
102.4 0.358867598426
102.5 0.358582459441
102.6 0.358494068647
102.7 0.358023597453
102.8 0.357699029671
102.9 0.357635927525
103.0 0.357578844842
103.1 0.357246378661
103.2 0.356912829071
103.3 0.35665648045
103.4 0.356403842256
103.5 0.355945282093
103.6 0.35570979783
103.7 0.35502260238
103.8 0.35478617722
103.9 0.35469962975
104.0 0.354397413168
104.1 0.35411150198
104.2 0.353584100246
104.3 0.353539529176
104.4 0.353521761927
104.5 0.352890229482
104.6 0.352489580727
104.7 0.352326857835
104.8 0.352293603077
104.9 0.35229590708
105.0 0.352165665975
105.1 0.351453699487
105.2 0.351363747158
105.3 0.351095966372
105.4 0.350585580272
105.5 0.350289005786
105.6 0.350113845027
105.7 0.34986506101
105.8 0.349741615085
105.9 0.349422549907
106.0 0.348671311287
106.1 0.348228423022
106.2 0.34792021555
106.3 0.347294823885
106.4 0.346935995377
106.5 0.346649502853
106.6 0.346342800386
106.7 0.346235021082
106.8 0.345735404681
106.9 0.345155681002
107.0 0.344373455699
107.1 0.344169377796
107.2 0.343915015579
107.3 0.343637801943
107.4 0.343301857435
107.5 0.342921981888
107.6 0.342585681449
107.7 0.342310043859
107.8 0.341894288683
107.9 0.341741662848
108.0 0.341397642908
108.1 0.341099980032
108.2 0.341090800748
108.3 0.340697028825
108.4 0.340252770296
108.5 0.339814021869
108.6 0.339228378414
108.7 0.338808857584
108.8 0.338284079583
108.9 0.337966887658
109.0 0.337552080439
109.1 0.337164700794
109.2 0.337068954115
109.3 0.33683815948
109.4 0.33671234693
109.5 0.336621518787
109.6 0.336371776539
109.7 0.336253157152
109.8 0.336100334028
109.9 0.335749955913
110.0 0.335623999675
110.1 0.335237586635
110.2 0.334810105816
110.3 0.334311255321
110.4 0.334138261518
110.5 0.333873223333
110.6 0.333259197666
110.7 0.332583000768
110.8 0.331881571549
110.9 0.331425284183
111.0 0.330969468916
111.1 0.330778136765
111.2 0.33058045339
111.3 0.330424427217
111.4 0.329746882167
111.5 0.32896358349
111.6 0.328448695693
111.7 0.327954726539
111.8 0.327281372547
111.9 0.327047429087
112.0 0.326806148921
112.1 0.326099420187
112.2 0.325782668892
112.3 0.325530565785
112.4 0.325157161564
112.5 0.324844855517
112.6 0.324222370629
112.7 0.323094688121
112.8 0.322617329623
112.9 0.322096052893
113.0 0.321096493333
113.1 0.320170167551
113.2 0.319581724992
113.3 0.318767164058
113.4 0.318187736848
113.5 0.317605149744
113.6 0.317194801188
113.7 0.316843518736
113.8 0.31653071328
113.9 0.31583916474
114.0 0.315450384483
114.1 0.314687188168
114.2 0.314006985366
114.3 0.313517129094
114.4 0.313331285842
114.5 0.31296855384
114.6 0.312513883373
114.7 0.311919026146
114.8 0.311683294203
114.9 0.311493928601
115.0 0.311297699224
115.1 0.310974888944
115.2 0.310169994686
115.3 0.309799694342
115.4 0.309589854049
115.5 0.309245502413
115.6 0.308806164728
115.7 0.308141718575
115.8 0.307832679149
115.9 0.307337597927
116.0 0.306794022844
116.1 0.306544112017
116.2 0.306075993766
116.3 0.305351107458
116.4 0.304986636564
116.5 0.30400038303
116.6 0.303324380986
116.7 0.3025231074
116.8 0.302023588405
116.9 0.3014786132
117.0 0.300895759065
117.1 0.300580649828
117.2 0.300242866445
117.3 0.299449029166
117.4 0.298830427731
117.5 0.298415119718
117.6 0.297603512549
117.7 0.297168005038
117.8 0.296692654091
117.9 0.296215039762
118.0 0.295405286242
118.1 0.294763612112
118.2 0.294206389732
118.3 0.293508089113
118.4 0.292893588342
118.5 0.292322850136
118.6 0.291848870204
118.7 0.291691057272
118.8 0.291276175367
118.9 0.29095308973
119.0 0.290514203578
119.1 0.289615162529
119.2 0.289013379277
119.3 0.288057525298
119.4 0.287600225391
119.5 0.286950553358
119.6 0.286429609322
119.7 0.285838470392
119.8 0.28521104244
119.9 0.284828497516
120.0 0.284236875406
120.1 0.283689975351
120.2 0.283148211688
120.3 0.282759783654
120.4 0.282253436107
120.5 0.281344293664
120.6 0.280638454278
120.7 0.279912681025
120.8 0.279217346568
120.9 0.278918137748
121.0 0.278484886455
121.1 0.277458273701
121.2 0.276306358595
121.3 0.274927295008
121.4 0.274299968439
121.5 0.273516253986
121.6 0.272658498224
121.7 0.272007880178
121.8 0.270872923904
121.9 0.269814055618
122.0 0.268772750336
122.1 0.268171023914
122.2 0.267306908119
122.3 0.266493984434
122.4 0.26586902684
122.5 0.265101996477
122.6 0.264625086353
122.7 0.263891235645
122.8 0.263037958975
122.9 0.26217687728
123.0 0.261430189206
123.1 0.261014027724
123.2 0.260105540866
123.3 0.259699681786
123.4 0.258878233622
123.5 0.258097180081
123.6 0.257397584363
123.7 0.257120221976
123.8 0.256778235517
123.9 0.255990153984
124.0 0.25555943561
124.1 0.254566485763
124.2 0.254068692875
124.3 0.253576114668
124.4 0.252739394835
124.5 0.252158464976
124.6 0.251648680967
124.7 0.251053447323
124.8 0.250430964354
124.9 0.2498894121
125.0 0.248921918856
125.1 0.247981721091
125.2 0.246951073958
125.3 0.245968238209
125.4 0.245410344596
125.5 0.244395357668
125.6 0.243417647237
125.7 0.242857165319
125.8 0.242062652685
125.9 0.241302971069
126.0 0.240482238231
126.1 0.239758930416
126.2 0.238719897429
126.3 0.237893274798
126.4 0.237117194781
126.5 0.236370614724
126.6 0.235544123888
126.7 0.23495144466
126.8 0.234116322012
126.9 0.233751773643
127.0 0.232839644285
127.1 0.231992770622
127.2 0.230875729031
127.3 0.230426118314
127.4 0.22974179899
127.5 0.229147781097
127.6 0.22816539606
127.7 0.22730437722
127.8 0.225759447472
127.9 0.224647245307
128.0 0.223663931305
128.1 0.222450439652
128.2 0.221657099069
128.3 0.22120760826
128.4 0.2203453285
128.5 0.219555375594
128.6 0.218452267713
128.7 0.217731279027
128.8 0.217285275841
128.9 0.216324656521
129.0 0.215356981598
129.1 0.215034771276
129.2 0.214515542058
129.3 0.213972434557
129.4 0.213371245283
129.5 0.212766896863
129.6 0.211788067559
129.7 0.210810010112
129.8 0.209700769817
129.9 0.209113921062
130.0 0.208435047187
130.1 0.207623143642
130.2 0.206378509113
130.3 0.205580852049
130.4 0.204871352749
130.5 0.203825585512
130.6 0.203241953312
130.7 0.202298366242
130.8 0.201418120552
130.9 0.200569270356
131.0 0.200173926521
131.1 0.199508580893
131.2 0.198847838364
131.3 0.198061813964
131.4 0.197593722729
131.5 0.196944849896
131.6 0.196388857368
131.7 0.195718174921
131.8 0.194875128895
131.9 0.19386180127
132.0 0.192628298082
132.1 0.191369481242
132.2 0.190481066398
132.3 0.189220859337
132.4 0.188097917437
132.5 0.187285937408
132.6 0.18684721444
132.7 0.185905190881
132.8 0.184983571723
132.9 0.184183485981
133.0 0.183436545656
133.1 0.18194824508
133.2 0.180201550406
133.3 0.179297257325
133.4 0.178135987936
133.5 0.17722570171
133.6 0.176811505683
133.7 0.176074869354
133.8 0.175449010242
133.9 0.174969293206
134.0 0.174381208278
134.1 0.173478033064
134.2 0.172704122541
134.3 0.171535159475
134.4 0.170229244032
134.5 0.169044540457
134.6 0.168083645782
134.7 0.167059022617
134.8 0.166081241903
134.9 0.165040419551
135.0 0.163793636373
135.1 0.162057518432
135.2 0.161008406846
135.3 0.160134879976
135.4 0.159274951979
135.5 0.158071127025
135.6 0.157307210488
135.7 0.156409493282
135.8 0.155579494825
135.9 0.154913545333
136.0 0.153821923056
136.1 0.152564370814
136.2 0.151235710007
136.3 0.149814490757
136.4 0.149264986526
136.5 0.148203637928
136.6 0.147211369678
136.7 0.146560229099
136.8 0.145631848529
136.9 0.144623439901
137.0 0.14349966969
137.1 0.142348998358
137.2 0.141456227433
137.3 0.139977194899
137.4 0.139091512464
137.5 0.138197278212
137.6 0.137254033141
137.7 0.136110136013
137.8 0.134230686982
137.9 0.133083587556
138.0 0.132246495862
138.1 0.131250881526
138.2 0.130131157051
138.3 0.128383561212
138.4 0.127210333273
138.5 0.126409654694
138.6 0.124977629226
138.7 0.123552711777
138.8 0.122253501998
138.9 0.120901912466
139.0 0.119662638073
139.1 0.118425649502
139.2 0.116826879801
139.3 0.115539650798
139.4 0.113916159326
139.5 0.111955161595
139.6 0.110360367912
139.7 0.108792733014
139.8 0.107736534584
139.9 0.106459459248
140.0 0.104896346895
140.1 0.103254508114
140.2 0.101673851314
140.3 0.1001058908
140.4 0.0988412306836
140.5 0.0976438351043
140.6 0.0964442302335
140.7 0.0954475109644
140.8 0.0943471388833
140.9 0.0935708207803
141.0 0.0918790909173
141.1 0.0900968686128
141.2 0.0891862706062
141.3 0.0881361597295
141.4 0.086862877135
141.5 0.0859122284024
141.6 0.0848150077867
141.7 0.0839329021694
141.8 0.0825983819942
141.9 0.0815028207548
142.0 0.0795938861568
142.1 0.0783724844048
142.2 0.0773047117008
142.3 0.0757812850566
142.4 0.0742252263253
142.5 0.0721150304639
142.6 0.0707258330032
142.7 0.0688948840564
142.8 0.0677326689987
142.9 0.066317399594
143.0 0.065104391211
143.1 0.0636223325558
143.2 0.0625468966962
143.3 0.0609867798831
143.4 0.0588446381861
143.5 0.0573816226061
143.6 0.0553199589099
143.7 0.05303711291
143.8 0.0519884238449
143.9 0.0508784681858
144.0 0.0495348689887
144.1 0.0487351340302
144.2 0.0471071685458
144.3 0.0449193837667
144.4 0.0433885140467
144.5 0.0421037573661
144.6 0.0402480267571
144.7 0.0387751477679
144.8 0.0372917969278
144.9 0.035651782472
145.0 0.0339672465332
145.1 0.0322593693924
145.2 0.0306199425803
145.3 0.0297150400692
145.4 0.0287571822163
145.5 0.0277968041033
145.6 0.0269074850158
145.7 0.026234742617
145.8 0.0252611067435
145.9 0.0240767180837
146.0 0.0230770399862
146.1 0.0217437834279
146.2 0.020920872594
146.3 0.0201941199198
146.4 0.0190728290819
146.5 0.0180320402468
146.6 0.0172029906162
146.7 0.0164073329012
146.8 0.0153551375283
146.9 0.0140883369243
147.0 0.0133517814651
147.1 0.0127556926649
147.2 0.0123722490793
147.3 0.011448094046
147.4 0.0107735146996
147.5 0.0099987255237
147.6 0.00919390382024
147.7 0.00882295155951
147.8 0.00825578608043
147.9 0.00753037372933
148.0 0.00688695209452
148.1 0.00643237950836
148.2 0.00602381787846
148.3 0.00517432208396
148.4 0.00506841628368
148.5 0.00496865078308
148.6 0.00465106292108
148.7 0.00382766600331
148.8 0.00356867608875
148.9 0.00323391199026
149.0 0.00314623234721
149.1 0.0026886846163
149.2 0.00237301333473
149.3 0.00227963409129
149.4 0.00224170766777
149.5 0.00224126632364
149.6 0.0022136637042
149.7 0.00209944260839
149.8 0.0015331024725
149.9 0.00118873386466
150.0 0.00108758990728
150.1 0.00100200656492
150.2 0.000924310404925
150.3 0.000819197551489
150.4 0.000696739997979
150.5 0.000564962021729
150.6 0.000528918207991
150.7 0.000418174625986
150.8 0.000396887615638
150.9 0.000397165420122
151.0 0.000397441920539
151.1 0.000348526773015
151.2 0.000264755566065
151.3 0.000257897783368
151.4 8.18951535759e-05
151.5 0.0
151.6 0.0
151.7 0.0
151.8 0.0
151.9 0.0
152.0 0.0
152.1 0.0
152.2 0.0
152.3 0.0
152.4 0.0
152.5 0.0
152.6 0.0
152.7 0.0
152.8 0.0
152.9 0.0
153.0 0.0
153.1 0.0
153.2 0.0
153.3 0.0
153.4 0.0
153.5 0.0
153.6 0.0
153.7 0.0
153.8 0.0
153.9 0.0
154.0 0.0
154.1 0.0
154.2 0.0
154.3 0.0
154.4 0.0
154.5 0.0
154.6 0.0
154.7 0.0
154.8 0.0
154.9 0.0
155.0 0.0
155.1 0.0
155.2 0.0
155.3 0.0
155.4 0.0
155.5 0.0
155.6 0.0
155.7 0.0
155.8 0.0
155.9 0.0
156.0 0.0
156.1 0.0
156.2 0.0
156.3 0.0
156.4 0.0
156.5 0.0
156.6 0.0
156.7 0.0
156.8 0.0
156.9 0.0
157.0 0.0
157.1 0.0
157.2 0.0
157.3 0.0
157.4 0.0
157.5 0.0
157.6 0.0
157.7 0.0
157.8 0.0
157.9 0.0
158.0 0.0
158.1 0.0
158.2 0.0
158.3 0.0
158.4 0.0
158.5 0.0
158.6 0.0
158.7 0.0
158.8 0.0
158.9 0.0
159.0 0.0
159.1 0.0
159.2 0.0
159.3 0.0
159.4 0.0
159.5 0.0
159.6 0.0
159.7 0.0
159.8 0.0
159.9 0.0
160.0 0.0
160.1 0.0
160.2 0.0
160.3 0.0
160.4 0.0
160.5 0.0
160.6 0.0
160.7 0.0
160.8 0.0
160.9 0.0
161.0 0.0
161.1 0.0
161.2 0.0
161.3 0.0
161.4 0.0
161.5 0.0
161.6 0.0
161.7 0.0
161.8 0.0
161.9 0.0
162.0 0.0
162.1 0.0
162.2 0.0
162.3 0.0
162.4 0.0
162.5 0.0
162.6 0.0
162.7 0.0
162.8 0.0
162.9 0.0
163.0 0.0
163.1 0.0
163.2 0.0
163.3 0.0
163.4 0.0
163.5 0.0
163.6 0.0
163.7 0.0
163.8 0.0
163.9 0.0
164.0 0.0
164.1 0.0
164.2 0.0
164.3 0.0
164.4 0.0
164.5 0.0
164.6 0.0
164.7 0.0
164.8 0.0
164.9 0.0
165.0 0.0
165.1 0.0
165.2 0.0
165.3 0.0
165.4 0.0
165.5 0.0
165.6 0.0
165.7 0.0
165.8 0.0
165.9 0.0
166.0 0.0
166.1 0.0
166.2 0.0
166.3 0.0
166.4 0.0
166.5 0.0
166.6 0.0
166.7 0.0
166.8 0.0
166.9 0.0
167.0 0.0
167.1 0.0
167.2 0.0
167.3 0.0
167.4 0.0
167.5 0.0
167.6 0.0
167.7 0.0
167.8 0.0
167.9 0.0
168.0 0.0
168.1 0.0
168.2 0.0
168.3 0.0
168.4 0.0
168.5 0.0
168.6 0.0
168.7 0.0
168.8 0.0
168.9 0.0
169.0 0.0
169.1 0.0
169.2 0.0
169.3 0.0
169.4 0.0
169.5 0.0
169.6 0.0
169.7 0.0
169.8 0.0
169.9 0.0
170.0 0.0
170.1 0.0
170.2 0.0
170.3 0.0
170.4 0.0
170.5 0.0
170.6 0.0
170.7 0.0
170.8 0.0
170.9 0.0
171.0 0.0
171.1 0.0
171.2 0.0
171.3 0.0
171.4 0.0
171.5 0.0
171.6 0.0
171.7 0.0
171.8 0.0
171.9 0.0
172.0 0.0
172.1 0.0
172.2 0.0
172.3 0.0
172.4 0.0
172.5 0.0
172.6 0.0
172.7 0.0
172.8 0.0
172.9 0.0
173.0 0.0
173.1 0.0
173.2 0.0
173.3 0.0
173.4 0.0
173.5 0.0
173.6 0.0
173.7 0.0
173.8 0.0
173.9 0.0
174.0 0.0
174.1 0.0
174.2 0.0
174.3 0.0
174.4 0.0
174.5 0.0
174.6 0.0
174.7 0.0
174.8 0.0
174.9 0.0
175.0 0.0
175.1 0.0
175.2 0.0
175.3 0.0
175.4 0.0
175.5 0.0
175.6 0.0
175.7 0.0
175.8 0.0
175.9 0.0
176.0 0.0
176.1 0.0
176.2 0.0
176.3 0.0
176.4 0.0
176.5 0.0
176.6 0.0
176.7 0.0
176.8 0.0
176.9 0.0
177.0 0.0
177.1 0.0
177.2 0.0
177.3 0.0
177.4 0.0
177.5 0.0
177.6 0.0
177.7 0.0
177.8 0.0
177.9 0.0
178.0 0.0
178.1 0.0
178.2 0.0
178.3 0.0
178.4 0.0
178.5 0.0
178.6 0.0
178.7 0.0
178.8 0.0
178.9 0.0
179.0 0.0
179.1 0.0
179.2 0.0
179.3 0.0
179.4 0.0
179.5 0.0
179.6 0.0
179.7 0.0
179.8 0.0
179.9 0.0
180.0 0.0
180.1 0.0
180.2 0.0
180.3 0.0
180.4 0.0
180.5 0.0
180.6 0.0
180.7 0.0
180.8 0.0
180.9 0.0
181.0 0.0
181.1 0.0
181.2 0.0
181.3 0.0
181.4 0.0
181.5 0.0
181.6 0.0
181.7 0.0
181.8 0.0
181.9 0.0
182.0 0.0
182.1 0.0
182.2 0.0
182.3 0.0
182.4 0.0
182.5 0.0
182.6 0.0
182.7 0.0
182.8 0.0
182.9 0.0
183.0 0.0
183.1 0.0
183.2 0.0
183.3 0.0
183.4 0.0
183.5 0.0
183.6 0.0
183.7 0.0
183.8 0.0
183.9 0.0
184.0 0.0
184.1 0.0
184.2 0.0
184.3 0.0
184.4 0.0
184.5 0.0
184.6 0.0
184.7 0.0
184.8 0.0
184.9 0.0
185.0 0.0
185.1 0.0
185.2 0.0
185.3 0.0
185.4 0.0
185.5 0.0
185.6 0.0
185.7 0.0
185.8 0.0
185.9 0.0
186.0 0.0
186.1 0.0
186.2 0.0
186.3 0.0
186.4 0.0
186.5 0.0
186.6 0.0
186.7 0.0
186.8 0.0
186.9 0.0
187.0 0.0
187.1 0.0
187.2 0.0
187.3 0.0
187.4 0.0
187.5 0.0
187.6 0.0
187.7 0.0
187.8 0.0
187.9 0.0
188.0 0.0
188.1 0.0
188.2 0.0
188.3 0.0
188.4 0.0
188.5 0.0
188.6 0.0
188.7 0.0
188.8 0.0
188.9 0.0
189.0 0.0
189.1 0.0
189.2 0.0
189.3 0.0
189.4 0.0
189.5 0.0
189.6 0.0
189.7 0.0
189.8 0.0
189.9 0.0
190.0 0.0
190.1 0.0
190.2 0.0
190.3 0.0
190.4 0.0
190.5 0.0
190.6 0.0
190.7 0.0
190.8 0.0
190.9 0.0
191.0 0.0
191.1 0.0
191.2 0.0
191.3 0.0
191.4 0.0
191.5 0.0
191.6 0.0
191.7 0.0
191.8 0.0
191.9 0.0
192.0 0.0
192.1 0.0
192.2 0.0
192.3 0.0
192.4 0.0
192.5 0.0
192.6 0.0
192.7 0.0
192.8 0.0
192.9 0.0
193.0 0.0
193.1 0.0
193.2 0.0
193.3 0.0
193.4 0.0
193.5 0.0
193.6 0.0
193.7 0.0
193.8 0.0
193.9 0.0
194.0 0.0
194.1 0.0
194.2 0.0
194.3 0.0
194.4 0.0
194.5 0.0
194.6 0.0
194.7 0.0
194.8 0.0
194.9 0.0
195.0 0.0
195.1 0.0
195.2 0.0
195.3 0.0
195.4 0.0
195.5 0.0
195.6 0.0
195.7 0.0
195.8 0.0
195.9 0.0
196.0 0.0
196.1 0.0
196.2 0.0
196.3 0.0
196.4 0.0
196.5 0.0
196.6 0.0
196.7 0.0
196.8 0.0
196.9 0.0
197.0 0.0
197.1 0.0
197.2 0.0
197.3 0.0
197.4 0.0
197.5 0.0
197.6 0.0
197.7 0.0
197.8 0.0
197.9 0.0
198.0 0.0
198.1 0.0
198.2 0.0
198.3 0.0
198.4 0.0
198.5 0.0
198.6 0.0
198.7 0.0
198.8 0.0
198.9 0.0
199.0 0.0
199.1 0.0
199.2 0.0
199.3 0.0
199.4 0.0
199.5 0.0
199.6 0.0
199.7 0.0
199.8 0.0
199.9 0.0
