# r frac
0.0 0.0
0.1 0.0
0.2 0.0
0.3 0.0
0.4 0.0
0.5 0.0
0.6 0.0
0.7 0.0
0.8 0.0
0.9 0.0
1.0 0.0
1.1 0.0
1.2 0.0
1.3 0.0
1.4 0.0
1.5 0.0
1.6 0.0
1.7 0.0
1.8 0.0
1.9 0.0
2.0 0.0
2.1 0.0
2.2 0.0
2.3 0.027051177531
2.4 0.111193375059
2.5 0.208386420014
2.6 0.258095155354
2.7 0.314227872614
2.8 0.369379125026
2.9 0.359501867482
3.0 0.504693687841
3.1 0.46162690305
3.2 0.54953411453
3.3 0.587021488588
3.4 0.577055725374
3.5 0.655641824657
3.6 0.662519061939
3.7 0.676364390965
3.8 0.714511521763
3.9 0.705153289596
4.0 0.774036144306
4.1 0.761306469726
4.2 0.780474819344
4.3 0.764324434922
4.4 0.770626204346
4.5 0.774713478593
4.6 0.76219984869
4.7 0.766325927135
4.8 0.773567566481
4.9 0.749640938267
5.0 0.774146346765
5.1 0.754030781106
5.2 0.731851889956
5.3 0.780510508066
5.4 0.736996594606
5.5 0.746950837655
5.6 0.754134901223
5.7 0.739329924496
5.8 0.757651664222
5.9 0.741114947494
6.0 0.731053950238
6.1 0.738218061057
6.2 0.725217527801
6.3 0.740056575391
6.4 0.720145925767
6.5 0.730241534357
6.6 0.718236076922
6.7 0.720900428933
6.8 0.715890834331
6.9 0.713460268743
7.0 0.710848214908
7.1 0.710803903832
7.2 0.705916360336
7.3 0.706537026441
7.4 0.702715532485
7.5 0.702225827949
7.6 0.69892983718
7.7 0.697884787197
7.8 0.695241022322
7.9 0.693054538103
8.0 0.691359879942
8.1 0.688527648282
8.2 0.687313940617
8.3 0.684360218418
8.4 0.682604884602
8.5 0.680266678877
8.6 0.678057110759
8.7 0.676062818474
8.8 0.673804280581
8.9 0.671712392022
9.0 0.669830496496
9.1 0.667376638688
9.2 0.665770744236
9.3 0.663512845364
9.4 0.661328654374
9.5 0.659690808478
9.6 0.657372583571
9.7 0.655546170964
9.8 0.653548330609
9.9 0.651623361976
10.0 0.649692223447
10.1 0.647447655919
10.2 0.645358328315
10.3 0.64339086651
10.4 0.641569165687
10.5 0.639706543795
10.6 0.637754536475
10.7 0.635982277693
10.8 0.634141817757
10.9 0.632266672556
11.0 0.630435289457
11.1 0.628608636352
11.2 0.62674256974
11.3 0.624888012986
11.4 0.623089201646
11.5 0.621243959148
11.6 0.619363703593
11.7 0.617494227974
11.8 0.615622498411
11.9 0.613725430104
12.0 0.61176050191
12.1 0.609817024107
12.2 0.607836572732
12.3 0.605813823084
12.4 0.603742479078
12.5 0.601647364067
12.6 0.599474548166
12.7 0.597300886417
12.8 0.595071126294
12.9 0.592749177898
13.0 0.590217223876
13.1 0.587329366367
13.2 0.584855364079
13.3 0.582400984546
13.4 0.579953361208
13.5 0.577557826729
13.6 0.575167902796
13.7 0.572803442394
13.8 0.570482128719
13.9 0.568033544962
14.0 0.565681264537
14.1 0.563404192044
14.2 0.56114977923
14.3 0.558534765306
14.4 0.556307854458
14.5 0.554104272631
14.6 0.551917923935
14.7 0.549750829598
14.8 0.547628991782
14.9 0.545217858949
15.0 0.543027592727
15.1 0.540928467807
15.2 0.538887123785
15.3 0.536817374024
15.4 0.534799617319
15.5 0.532732068521
15.6 0.530749812674
15.7 0.528751932916
15.8 0.526799601225
15.9 0.52485644912
16.0 0.522920833324
16.1 0.520993374881
16.2 0.519090197524
16.3 0.517211676972
16.4 0.515338523196
16.5 0.513479776457
16.6 0.511639630771
16.7 0.509805128281
16.8 0.508020339387
16.9 0.506184995821
17.0 0.504422173235
17.1 0.502641085124
17.2 0.500884169751
17.3 0.499140854466
17.4 0.497300222971
17.5 0.495376271444
17.6 0.493686540636
17.7 0.491986775081
17.8 0.49032005566
17.9 0.488650073131
18.0 0.487001886719
18.1 0.485352903396
18.2 0.483733328399
18.3 0.482107973516
18.4 0.480507849534
18.5 0.478916615279
18.6 0.477325170958
18.7 0.475775156357
18.8 0.474202704898
18.9 0.472652778458
19.0 0.4711218171
19.1 0.4695914427
19.2 0.468085925618
19.3 0.466566370602
19.4 0.465082396526
19.5 0.463592002826
19.6 0.462121449392
19.7 0.460659847729
19.8 0.459203987714
19.9 0.457752666648
20.0 0.456332614088
20.1 0.456045854173
20.2 0.455754273576
20.3 0.455466633186
20.4 0.455193552643
20.5 0.454915169249
20.6 0.454652753488
20.7 0.454125431439
20.8 0.453788105647
20.9 0.45336178555
21.0 0.453038441857
21.1 0.452775478598
21.2 0.452527022318
21.3 0.452114772706
21.4 0.451738534599
21.5 0.451496274462
21.6 0.451233161681
21.7 0.45100092476
21.8 0.450732728864
21.9 0.450493897804
22.0 0.450097486242
22.1 0.44976158002
22.2 0.449515023121
22.3 0.449276805063
22.4 0.448807075178
22.5 0.448276472733
22.6 0.447851237529
22.7 0.447604898321
22.8 0.447397468747
22.9 0.447165820933
23.0 0.446934615164
23.1 0.446581403805
23.2 0.446265553267
23.3 0.446037107825
23.4 0.445838208629
23.5 0.445613586956
23.6 0.445393611046
23.7 0.445196283998
23.8 0.444992469886
23.9 0.444785396493
24.0 0.444570511157
24.1 0.44437957279
24.2 0.444160736539
24.3 0.443976559412
24.4 0.44376677472
24.5 0.443581822694
24.6 0.443368155397
24.7 0.443192281341
24.8 0.442998833477
24.9 0.442785408246
25.0 0.442618701267
25.1 0.442415972667
25.2 0.442228160302
25.3 0.442048789419
25.4 0.441870574338
25.5 0.441667426274
25.6 0.441305766867
25.7 0.441076368978
25.8 0.440901389664
25.9 0.440725904583
26.0 0.44053424809
26.1 0.440363524473
26.2 0.440215855296
26.3 0.440011006596
26.4 0.439829705693
26.5 0.439453454061
26.6 0.439277862647
26.7 0.439105467731
26.8 0.438936520145
26.9 0.438781625885
27.0 0.438615808599
27.1 0.438449841446
27.2 0.438276292346
27.3 0.43813759025
27.4 0.437961628106
27.5 0.437720461461
27.6 0.437280457186
27.7 0.437036997974
27.8 0.436884206192
27.9 0.436727800831
28.0 0.436505137041
28.1 0.436335683053
28.2 0.436190591124
28.3 0.436042904763
28.4 0.435886303586
28.5 0.435756694632
28.6 0.435582425152
28.7 0.435447708278
28.8 0.435312771891
28.9 0.435149613267
29.0 0.434870253492
29.1 0.434641855822
29.2 0.434403657152
29.3 0.434153697909
29.4 0.434002596143
29.5 0.43386867809
29.6 0.433578694505
29.7 0.4331890201
29.8 0.43286280596
29.9 0.43266277091
30.0 0.432538252019
30.1 0.432414847209
30.2 0.432248456256
30.3 0.432147732626
30.4 0.432015534035
30.5 0.431867411002
30.6 0.431760305563
30.7 0.431621174954
30.8 0.431485512722
30.9 0.4313867075
31.0 0.431235301772
31.1 0.431126212153
31.2 0.430998075342
31.3 0.43086536602
31.4 0.430759362096
31.5 0.430618130187
31.6 0.430459704554
31.7 0.430170559391
31.8 0.430054269027
31.9 0.429934405366
32.0 0.429802620217
32.1 0.429712461345
32.2 0.429574403301
32.3 0.42945549507
32.4 0.429357285392
32.5 0.429233976738
32.6 0.428961584782
32.7 0.428837449854
32.8 0.428739187146
32.9 0.428622782968
33.0 0.428500226113
33.1 0.428403348495
33.2 0.428278434757
33.3 0.428193329342
33.4 0.428057679834
33.5 0.427959196488
33.6 0.427852548515
33.7 0.427742605504
33.8 0.427648128963
33.9 0.427534940809
34.0 0.427428296379
34.1 0.427324911343
34.2 0.427219230095
34.3 0.427111393651
34.4 0.427019116515
34.5 0.426745621238
34.6 0.426613185688
34.7 0.426497629509
34.8 0.426391423808
34.9 0.426309890139
35.0 0.426039756316
35.1 0.425893349062
35.2 0.42579567858
35.3 0.425707061896
35.4 0.425608377097
35.5 0.425506451142
35.6 0.425403263557
35.7 0.425116161143
35.8 0.42502469345
35.9 0.424934310644
36.0 0.424833896301
36.1 0.424733215727
36.2 0.424658879145
36.3 0.424556406836
36.4 0.424450666405
36.5 0.424173197331
36.6 0.424081099824
36.7 0.423994459806
36.8 0.42389270769
36.9 0.423805504657
37.0 0.423720547699
37.1 0.423637108931
37.2 0.423549527817
37.3 0.423297962187
37.4 0.423172966094
37.5 0.423074459832
37.6 0.422998019915
37.7 0.42290679154
37.8 0.422822352245
37.9 0.42273622458
38.0 0.422486443047
38.1 0.422199224559
38.2 0.422058010606
38.3 0.421794330303
38.4 0.421719478421
38.5 0.421639449244
38.6 0.421555155323
38.7 0.421417215843
38.8 0.421199823121
38.9 0.421119663805
39.0 0.421031975075
39.1 0.420959269742
39.2 0.420712378172
39.3 0.420510953132
39.4 0.420437606444
39.5 0.420346781462
39.6 0.420127566136
39.7 0.419995218134
39.8 0.41992743377
39.9 0.419861450047
40.0 0.419773217215
40.1 0.419703457855
40.2 0.419616673395
40.3 0.419479537579
40.4 0.419379869835
40.5 0.419309704421
40.6 0.419238366817
40.7 0.419162237697
40.8 0.419079544185
40.9 0.419021511587
41.0 0.418943230809
41.1 0.418857609566
41.2 0.418807369155
41.3 0.418698100908
41.4 0.418470566435
41.5 0.418389738151
41.6 0.418312934722
41.7 0.418254010807
41.8 0.418184837858
41.9 0.418112720777
42.0 0.418053912846
42.1 0.417932243334
42.2 0.417811644794
42.3 0.417743031114
42.4 0.417672719881
42.5 0.417600302048
42.6 0.417549185109
42.7 0.41746933326
42.8 0.417406464129
42.9 0.417341595534
43.0 0.417264838087
43.1 0.417215905978
43.2 0.417035221609
43.3 0.416894168725
43.4 0.41670771885
43.5 0.416657823127
43.6 0.416596566617
43.7 0.416529885598
43.8 0.416448450757
43.9 0.416410699941
44.0 0.41625041394
44.1 0.41611280515
44.2 0.41605127289
44.3 0.4159882926
44.4 0.415922733858
44.5 0.415864326232
44.6 0.415803458527
44.7 0.415671172366
44.8 0.415531960679
44.9 0.415479700847
45.0 0.415408671604
45.1 0.415349638597
45.2 0.415302360605
45.3 0.415233601787
45.4 0.415178192698
45.5 0.415112583735
45.6 0.415044549381
45.7 0.415000812526
45.8 0.414941050755
45.9 0.414746871628
46.0 0.414641556385
46.1 0.414500491315
46.2 0.414325182901
46.3 0.414273133556
46.4 0.414220231102
46.5 0.414166583685
46.6 0.414100148876
46.7 0.414033627657
46.8 0.413989465263
46.9 0.413824122173
47.0 0.413774415699
47.1 0.413585663597
47.2 0.413475555722
47.3 0.413417120134
47.4 0.413374362071
47.5 0.413315426448
47.6 0.413262338617
47.7 0.413207036203
47.8 0.413156474164
47.9 0.412965657448
48.0 0.412886355158
48.1 0.412831601346
48.2 0.412788730337
48.3 0.412733783196
48.4 0.412672116583
48.5 0.412560803759
48.6 0.412290959128
48.7 0.412164664179
48.8 0.412101189825
48.9 0.412040420098
49.0 0.41199680563
49.1 0.411950689668
49.2 0.411897194533
49.3 0.411846046541
49.4 0.411798696666
49.5 0.411718985708
49.6 0.411601342673
49.7 0.411546428118
49.8 0.41149636972
49.9 0.411443577149
50.0 0.411400642291
50.1 0.411342658499
50.2 0.411300689868
50.3 0.411229836346
50.4 0.410831867856
50.5 0.410799563629
50.6 0.410736576001
50.7 0.410704382543
50.8 0.410648071642
50.9 0.410592705182
51.0 0.410529630638
51.1 0.410328997649
51.2 0.410278814343
51.3 0.410242398569
51.4 0.410176731537
51.5 0.410145231428
51.6 0.410096709555
51.7 0.41005578516
51.8 0.410002143961
51.9 0.409943949696
52.0 0.409928188117
52.1 0.409870928402
52.2 0.409822350465
52.3 0.409765577671
52.4 0.409713616376
52.5 0.409513183115
52.6 0.409459658812
52.7 0.409420970094
52.8 0.409380321545
52.9 0.409327973185
53.0 0.409145121015
53.1 0.40908091151
53.2 0.408928270857
53.3 0.408818305408
53.4 0.408776516157
53.5 0.408727369277
53.6 0.408684129873
53.7 0.408513030176
53.8 0.408407591907
53.9 0.408383713331
54.0 0.408340321484
54.1 0.408287692472
54.2 0.408254027596
54.3 0.408093742994
54.4 0.40798819389
54.5 0.407949701814
54.6 0.40790813136
54.7 0.407876529515
54.8 0.407835449383
54.9 0.407779463553
55.0 0.407750574692
55.1 0.407705886598
55.2 0.407663735929
55.3 0.407627793078
55.4 0.407581832717
55.5 0.407555529517
55.6 0.407496798309
55.7 0.407367501247
55.8 0.407157833468
55.9 0.407119174353
56.0 0.407077214388
56.1 0.407044053327
56.2 0.407005499471
56.3 0.406964434178
56.4 0.406913121533
56.5 0.406892905148
56.6 0.406846468827
56.7 0.4068154993
56.8 0.40676685982
56.9 0.406616355075
57.0 0.406539250263
57.1 0.406390179093
57.2 0.406289658557
57.3 0.406251273656
57.4 0.406212592529
57.5 0.406031595651
57.6 0.405969356441
57.7 0.405930348787
57.8 0.405886942152
57.9 0.405849490249
58.0 0.405644219748
58.1 0.405610948643
58.2 0.405572984582
58.3 0.405397646368
58.4 0.405360268475
58.5 0.405326296584
58.6 0.405278210863
58.7 0.405258670381
58.8 0.405220355803
58.9 0.405171344254
59.0 0.405139477715
59.1 0.40510886165
59.2 0.40509228345
59.3 0.405036777861
59.4 0.404940984333
59.5 0.404792030649
59.6 0.404766973696
59.7 0.404729069537
59.8 0.404640358083
59.9 0.404488800107
60.0 0.404453262016
60.1 0.404417892371
60.2 0.404381483769
60.3 0.404347742426
60.4 0.404320279296
60.5 0.404286299184
60.6 0.404239330329
60.7 0.404234170806
60.8 0.404180791333
60.9 0.404154790974
61.0 0.404122260017
61.1 0.404093419103
61.2 0.404042057471
61.3 0.404026280215
61.4 0.403979225809
61.5 0.403798832934
61.6 0.403605426158
61.7 0.403575939008
61.8 0.403544662314
61.9 0.403478638566
62.0 0.403302318633
62.1 0.403274360529
62.2 0.403227369307
62.3 0.403216788991
62.4 0.403180815742
62.5 0.403146734113
62.6 0.403118285237
62.7 0.403087495434
62.8 0.403060837766
62.9 0.403009330005
63.0 0.403003685348
63.1 0.402966739752
63.2 0.402928535103
63.3 0.402904404787
63.4 0.402870802239
63.5 0.402836222599
63.6 0.402810707862
63.7 0.402781892383
63.8 0.402756468559
63.9 0.402722341765
64.0 0.402690389294
64.1 0.402548630835
64.2 0.402287072391
64.3 0.402261265536
64.4 0.402234214065
64.5 0.402197485266
64.6 0.402172321041
64.7 0.402151375732
64.8 0.40210457212
64.9 0.401915766074
65.0 0.401720409261
65.1 0.401679595413
65.2 0.401517311864
65.3 0.401309830089
65.4 0.401078170113
65.5 0.401055218613
65.6 0.401029533245
65.7 0.401000081612
65.8 0.400984939955
65.9 0.400944991072
66.0 0.400907927429
66.1 0.400814236779
66.2 0.400686504804
66.3 0.400660269419
66.4 0.400609362471
66.5 0.400440463441
66.6 0.400412428529
66.7 0.400369381344
66.8 0.400369992976
66.9 0.400326759231
67.0 0.400238604874
67.1 0.400108746368
67.2 0.40007900803
67.3 0.39999358865
67.4 0.399876208828
67.5 0.399845579442
67.6 0.399825686737
67.7 0.399694463057
67.8 0.399612973138
67.9 0.399519492917
68.0 0.399392352301
68.1 0.399342156456
68.2 0.399325907137
68.3 0.399143083159
68.4 0.39909939627
68.5 0.399089582754
68.6 0.398970569235
68.7 0.398891406108
68.8 0.398849507785
68.9 0.398829464096
69.0 0.398799974272
69.1 0.398784744429
69.2 0.3987205092
69.3 0.398580207519
69.4 0.398552677998
69.5 0.398509797025
69.6 0.398511072675
69.7 0.398431510904
69.8 0.398263715125
69.9 0.398150673611
70.0 0.39812219433
70.1 0.398078748473
70.2 0.39782581983
70.3 0.397677023081
70.4 0.397571800789
70.5 0.39756470601
70.6 0.397216280396
70.7 0.397192077886
70.8 0.397054301243
70.9 0.39697436977
71.0 0.396948088096
71.1 0.396872862476
71.2 0.396743987852
71.3 0.396591358877
71.4 0.396430279404
71.5 0.39624682209
71.6 0.396143756012
71.7 0.396002517125
71.8 0.395764730687
71.9 0.395755824681
72.0 0.395712461955
72.1 0.395704764744
72.2 0.395536002853
72.3 0.395436277149
72.4 0.395124736645
72.5 0.395005535092
72.6 0.394905659125
72.7 0.39483096056
72.8 0.394705684478
72.9 0.394673005983
73.0 0.394659957252
73.1 0.394493717674
73.2 0.394352349817
73.3 0.394187108629
73.4 0.394073111028
73.5 0.394044892158
73.6 0.393903770163
73.7 0.39377507031
73.8 0.393649862017
73.9 0.393622501149
74.0 0.393606407699
74.1 0.393475530208
74.2 0.393398863345
74.3 0.39323569099
74.4 0.393192393675
74.5 0.393165905386
74.6 0.393136828459
74.7 0.393122896742
74.8 0.393105200857
74.9 0.393055332342
75.0 0.392904644357
75.1 0.392878359722
75.2 0.392866684376
75.3 0.392854086314
75.4 0.392834938365
75.5 0.392798632569
75.6 0.392794623561
75.7 0.392754210176
75.8 0.392748159813
75.9 0.392726195296
76.0 0.392708927382
76.1 0.392687040083
76.2 0.392665439904
76.3 0.39264918942
76.4 0.392631657365
76.5 0.392601415256
76.6 0.392591065405
76.7 0.392495052862
76.8 0.392333905379
76.9 0.392197152514
77.0 0.392183215604
77.1 0.392158600143
77.2 0.392142686945
77.3 0.391970182919
77.4 0.391794105607
77.5 0.391752135897
77.6 0.391643061368
77.7 0.391517152869
77.8 0.391364575636
77.9 0.391193800865
78.0 0.39118000248
78.1 0.391044311003
78.2 0.390968912097
78.3 0.390800238139
78.4 0.390771729903
78.5 0.390723070291
78.6 0.39061594581
78.7 0.390354683783
78.8 0.389998789149
78.9 0.38999319864
79.0 0.389963772955
79.1 0.389964135276
79.2 0.389836887967
79.3 0.389646690915
79.4 0.389536836635
79.5 0.389406396315
79.6 0.389354778491
79.7 0.389234457515
79.8 0.38921409316
79.9 0.389053151463
80.0 0.389013575456
80.1 0.388979736624
80.2 0.388846381757
80.3 0.388798867116
80.4 0.388781847048
80.5 0.388666124982
80.6 0.388619102254
80.7 0.38860979355
80.8 0.388539604864
80.9 0.388453412106
81.0 0.388437235116
81.1 0.388431153458
81.2 0.388397250694
81.3 0.388375114373
81.4 0.388382933672
81.5 0.388357789262
81.6 0.388272611463
81.7 0.388187608134
81.8 0.388021199301
81.9 0.387899531052
82.0 0.387517220251
82.1 0.387315314465
82.2 0.387302902328
82.3 0.387273472864
82.4 0.387278382345
82.5 0.386966932335
82.6 0.386914239247
82.7 0.386898454645
82.8 0.38689645772
82.9 0.386860038134
83.0 0.38685326615
83.1 0.386823004939
83.2 0.386818699097
83.3 0.386806095038
83.4 0.386629782959
83.5 0.386351254407
83.6 0.386293970979
83.7 0.386157649988
83.8 0.38604863161
83.9 0.385942786434
84.0 0.385586360497
84.1 0.385326278576
84.2 0.385117539364
84.3 0.384987646703
84.4 0.384956222538
84.5 0.384954146255
84.6 0.384920338837
84.7 0.384919532381
84.8 0.384752586494
84.9 0.384726847249
85.0 0.384702586704
85.1 0.384703987763
85.2 0.384582493416
85.3 0.384523597975
85.4 0.384496350896
85.5 0.384483559749
85.6 0.384409859333
85.7 0.384300786198
85.8 0.384299653892
85.9 0.384276132016
86.0 0.384122752693
86.1 0.384091334835
86.2 0.383830570642
86.3 0.383727444639
86.4 0.38371776801
86.5 0.383704960114
86.6 0.38368372838
86.7 0.383329126903
86.8 0.382877130796
86.9 0.38281446636
87.0 0.382516940948
87.1 0.382502623727
87.2 0.382486134561
87.3 0.382474742925
87.4 0.38242114423
87.5 0.382285040347
87.6 0.382278967076
87.7 0.382250978493
87.8 0.382235148916
87.9 0.382225844719
88.0 0.382210566132
88.1 0.382152249332
88.2 0.381871981828
88.3 0.381779004955
88.4 0.381733861218
88.5 0.381693344188
88.6 0.381454476411
88.7 0.381416408877
88.8 0.381402929001
88.9 0.381312916524
89.0 0.381103918473
89.1 0.380746133036
89.2 0.380555536077
89.3 0.380520929997
89.4 0.380349609434
89.5 0.380155485757
89.6 0.37999872229
89.7 0.379848244691
89.8 0.379599372065
89.9 0.379535101406
90.0 0.379537010647
90.1 0.379380560343
90.2 0.379191696924
90.3 0.379127153306
90.4 0.378774886913
90.5 0.378355254051
90.6 0.378223659777
90.7 0.378005148106
90.8 0.377817192033
90.9 0.377676150106
91.0 0.377483422908
91.1 0.377151485097
91.2 0.376919998421
91.3 0.376911841812
91.4 0.376900090412
91.5 0.376876676001
91.6 0.376425093466
91.7 0.376264220491
91.8 0.3762196781
91.9 0.375831146695
92.0 0.375600985931
92.1 0.375592547335
92.2 0.375583565465
92.3 0.375451259327
92.4 0.375365245694
92.5 0.375119435008
92.6 0.374913534345
92.7 0.374728588646
92.8 0.374722284202
92.9 0.374711592549
93.0 0.374553486101
93.1 0.374530936012
93.2 0.374533942591
93.3 0.374501811261
93.4 0.374434371024
93.5 0.374169932308
93.6 0.374097431007
93.7 0.373905172406
93.8 0.373699013374
93.9 0.37353263594
94.0 0.373278545407
94.1 0.372876850156
94.2 0.372545400492
94.3 0.372443872282
94.4 0.372432547426
94.5 0.372308833193
94.6 0.372174354026
94.7 0.371927887094
94.8 0.37182210005
94.9 0.371794699833
95.0 0.371705560936
95.1 0.37159886702
95.2 0.371505440587
95.3 0.371430763775
95.4 0.371356521383
95.5 0.371254364856
95.6 0.371097584871
95.7 0.371072437578
95.8 0.37078056883
95.9 0.370739960885
96.0 0.370573117559
96.1 0.370276217907
96.2 0.370175530889
96.3 0.369762712459
96.4 0.369641342969
96.5 0.369600222572
96.6 0.369472213299
96.7 0.3694592989
96.8 0.36936241842
96.9 0.368907342359
97.0 0.368831963376
97.1 0.368822818182
97.2 0.368787675721
97.3 0.368642367055
97.4 0.368451791316
97.5 0.368186029761
97.6 0.367941459427
97.7 0.36769295639
97.8 0.367659664387
97.9 0.367645468469
98.0 0.367629170326
98.1 0.367490591247
98.2 0.367314421462
98.3 0.367312526627
98.4 0.366997358153
98.5 0.366792471573
98.6 0.366679998524
98.7 0.366656873375
98.8 0.366027648578
98.9 0.365900916796
99.0 0.365898109639
99.1 0.365897571809
99.2 0.365796723208
99.3 0.365564138639
99.4 0.36544763464
99.5 0.365424581795
99.6 0.365400463347
99.7 0.365309605028
99.8 0.365208872568
99.9 0.364867709027
100.0 0.364514517832
100.1 0.364297897112
100.2 0.364260523706
100.3 0.3642396648
100.4 0.364143353969
100.5 0.363720147168
100.6 0.363524072567
100.7 0.36348937563
100.8 0.363446182684
100.9 0.363046694764
101.0 0.362855914541
101.1 0.362729016511
101.2 0.362282886485
101.3 0.362072581052
101.4 0.362056570789
101.5 0.361775421536
101.6 0.361572430276
101.7 0.361421744241
101.8 0.360992174226
101.9 0.360593612203
102.0 0.360372517846
102.1 0.359973007718
102.2 0.359682358569
102.3 0.359549268303
102.4 0.359340157773
102.5 0.359048926295
102.6 0.358853323727
102.7 0.358580415484
102.8 0.358464137012
102.9 0.358005758074
103.0 0.357685884652
103.1 0.357614906815
103.2 0.357552778843
103.3 0.357242791088
103.4 0.35693012089
103.5 0.356748030042
103.6 0.356395745794
103.7 0.355930204028
103.8 0.355682840022
103.9 0.355201948752
104.0 0.35489822294
104.1 0.354766941455
104.2 0.354570277124
104.3 0.354212324362
104.4 0.353639153618
104.5 0.35352988551
104.6 0.353499179896
104.7 0.353146211889
104.8 0.352502777422
104.9 0.352317952251
105.0 0.352273912433
105.1 0.352287620632
105.2 0.352150631495
105.3 0.351681614363
105.4 0.351395225254
105.5 0.351231838136
105.6 0.350563870967
105.7 0.350275992861
105.8 0.35019070817
105.9 0.349903854763
106.0 0.349739034763
106.1 0.349398079547
106.2 0.348652372161
106.3 0.348206914477
106.4 0.347979965908
106.5 0.347526457554
106.6 0.346915918774
106.7 0.346632410036
106.8 0.346328556241
106.9 0.346299973521
107.0 0.34579768306
107.1 0.345288199251
107.2 0.344652592781
107.3 0.344171140819
107.4 0.34390035152
107.5 0.343727852809
107.6 0.343499030302
107.7 0.343253821896
107.8 0.3428282345
107.9 0.342381331757
108.0 0.342125085507
108.1 0.341853043361
108.2 0.341517314051
108.3 0.341118922383
108.4 0.341062386396
108.5 0.340682431899
108.6 0.340245815037
108.7 0.33985136472
108.8 0.339381536396
108.9 0.339086368744
109.0 0.338614039361
109.1 0.338158923497
109.2 0.337631297817
109.3 0.337362065806
109.4 0.337095936372
109.5 0.336944767149
109.6 0.336712144844
109.7 0.336603554222
109.8 0.336345665578
109.9 0.336243397918
110.0 0.336103435678
110.1 0.335879743335
110.2 0.335667353021
110.3 0.335419013381
110.4 0.335040473679
110.5 0.334538918297
110.6 0.334133255135
110.7 0.333918707109
110.8 0.333650933946
110.9 0.332906312073
111.0 0.332208853632
111.1 0.331619336768
111.2 0.331335744074
111.3 0.33087245468
111.4 0.330567987791
111.5 0.330505377898
111.6 0.329939350815
111.7 0.329117773009
111.8 0.328421501534
111.9 0.328089384734
112.0 0.327458257243
112.1 0.327132048442
112.2 0.326805572454
112.3 0.326208986405
112.4 0.325936477037
112.5 0.325669598998
112.6 0.325176400403
112.7 0.324825520012
112.8 0.324461206976
112.9 0.323357451366
113.0 0.322721763656
113.1 0.322221664443
113.2 0.321432261327
113.3 0.32051604432
113.4 0.319869509743
113.5 0.319116209673
113.6 0.318333701498
113.7 0.317915647345
113.8 0.317406895585
113.9 0.317134716435
114.0 0.316530822215
114.1 0.316014207026
114.2 0.315590336072
114.3 0.314785027793
114.4 0.314014456049
114.5 0.313790540076
114.6 0.313509246919
114.7 0.313311931919
114.8 0.312760507527
114.9 0.31211464651
115.0 0.311695844098
115.1 0.311486590477
115.2 0.311434817834
115.3 0.310991206661
115.4 0.310607678954
115.5 0.309942720913
115.6 0.309590704862
115.7 0.30924815641
115.8 0.308798555761
115.9 0.30837911944
116.0 0.307863343722
116.1 0.307324265893
116.2 0.306785581849
116.3 0.306637227009
116.4 0.306169548382
116.5 0.305583398812
116.6 0.30510486411
116.7 0.30454830664
116.8 0.303726631071
116.9 0.30299054375
117.0 0.302299735456
117.1 0.301739721426
117.2 0.301025158571
117.3 0.300758738011
117.4 0.300477204007
117.5 0.299704070499
117.6 0.298914007224
117.7 0.298538235291
117.8 0.297766254789
117.9 0.297416994296
118.0 0.296855069115
118.1 0.296549002335
118.2 0.295885325995
118.3 0.295192853101
118.4 0.294570902079
118.5 0.293791841803
118.6 0.292947064826
118.7 0.292655885018
118.8 0.292088120807
118.9 0.291788310492
119.0 0.291381253169
119.1 0.291172004007
119.2 0.290622033088
119.3 0.289871424209
119.4 0.289340226154
119.5 0.288343939358
119.6 0.287826323008
119.7 0.28744317982
119.8 0.286730819089
119.9 0.286136523679
120.0 0.285444252856
120.1 0.284968509923
120.2 0.284616899705
120.3 0.28390212461
120.4 0.283459951322
120.5 0.283052754665
120.6 0.282574297945
120.7 0.281659044353
120.8 0.280938896533
120.9 0.280256501978
121.0 0.279766538301
121.1 0.279100269497
121.2 0.278549205847
121.3 0.278004741467
121.4 0.277010650114
121.5 0.275857773906
121.6 0.274711918131
121.7 0.273749093818
121.8 0.273234537108
121.9 0.272016009191
122.0 0.271681404046
122.1 0.270286117069
122.2 0.269272039859
122.3 0.268471470866
122.4 0.267688368463
122.5 0.266850865871
122.6 0.266059591736
122.7 0.265423814544
122.8 0.264845937254
122.9 0.264227692392
123.0 0.263650980071
123.1 0.262671025628
123.2 0.261900876781
123.3 0.261166169935
123.4 0.260351419761
123.5 0.259742007901
123.6 0.259589495884
123.7 0.258598332434
123.8 0.257756292712
123.9 0.257237215225
124.0 0.256893448944
124.1 0.25629267501
124.2 0.255839923666
124.3 0.255009882737
124.4 0.254362553738
124.5 0.254033002282
124.6 0.253241562162
124.7 0.252533191962
124.8 0.252026844765
124.9 0.251471415035
125.0 0.250820986672
125.1 0.250045854563
125.2 0.249496589376
125.3 0.2485671967
125.4 0.247251867663
125.5 0.246412264034
125.6 0.245816425882
125.7 0.24516828092
125.8 0.244104081123
125.9 0.243010368269
126.0 0.242272935136
126.1 0.241850286854
126.2 0.241055846282
126.3 0.240400417512
126.4 0.239290974892
126.5 0.238287457337
126.6 0.237452300285
126.7 0.236755099706
126.8 0.236116381552
126.9 0.235273304083
127.0 0.234623353924
127.1 0.234007182025
127.2 0.233444809833
127.3 0.232425410023
127.4 0.231860583178
127.5 0.230799253042
127.6 0.230213196371
127.7 0.229671938386
127.8 0.228774273342
127.9 0.228032853978
128.0 0.226816717429
128.1 0.225259989573
128.2 0.224169542798
128.3 0.223360609705
128.4 0.222442866706
128.5 0.221434253903
128.6 0.22055620321
128.7 0.219827286894
128.8 0.219145375741
128.9 0.218232925866
129.0 0.217459043087
129.1 0.217033991653
129.2 0.216209456402
129.3 0.215353197444
129.4 0.214671998098
129.5 0.214307827142
129.6 0.213756497818
129.7 0.213146518269
129.8 0.212425726944
129.9 0.211579632736
130.0 0.210268126704
130.1 0.209410436544
130.2 0.208816640423
130.3 0.208065939035
130.4 0.207047336244
130.5 0.206065015863
130.6 0.205527418566
130.7 0.204586236223
130.8 0.203676778226
130.9 0.203242218849
131.0 0.202100341094
131.1 0.201342392177
131.2 0.200432527663
131.3 0.200163563007
131.4 0.199506425563
131.5 0.198524877696
131.6 0.197792240679
131.7 0.197336174389
131.8 0.196728932765
131.9 0.196085595776
132.0 0.195399771097
132.1 0.19429837523
132.2 0.193126077657
132.3 0.192210423712
132.4 0.190869994396
132.5 0.189924718481
132.6 0.188671230289
132.7 0.187946999431
132.8 0.187072784673
132.9 0.186571620722
133.0 0.185563000308
133.1 0.18479814584
133.2 0.183736320326
133.3 0.182788448081
133.4 0.181190648869
133.5 0.17981483808
133.6 0.178975149449
133.7 0.177861983911
133.8 0.177220725545
133.9 0.176680596922
134.0 0.175839443499
134.1 0.175216630234
134.2 0.174620673314
134.3 0.17402785669
134.4 0.173050335483
134.5 0.172294993778
134.6 0.171120818689
134.7 0.170039279781
134.8 0.168706158112
134.9 0.167720087454
135.0 0.166748566646
135.1 0.165708998223
135.2 0.16460015187
135.3 0.163184094239
135.4 0.161940617502
135.5 0.160864446905
135.6 0.159829329621
135.7 0.158962593209
135.8 0.157904882645
135.9 0.157102098892
136.0 0.156185392063
136.1 0.155383363783
136.2 0.154651885892
136.3 0.153484070598
136.4 0.152249086428
136.5 0.151058449312
136.6 0.14981169246
136.7 0.148944381661
136.8 0.148107243841
136.9 0.146997029944
137.0 0.146185127338
137.1 0.14540757496
137.2 0.14434860681
137.3 0.143317201796
137.4 0.142151647284
137.5 0.140883631445
137.6 0.139774450488
137.7 0.138956542395
137.8 0.138194243738
137.9 0.137149931624
138.0 0.135795653847
138.1 0.133986934915
138.2 0.13302701392
138.3 0.13216995732
138.4 0.131060296949
138.5 0.129748636207
138.6 0.128113535111
138.7 0.127072144854
138.8 0.126015211328
138.9 0.124744829779
139.0 0.123311530014
139.1 0.122151567256
139.2 0.120572613414
139.3 0.119648685482
139.4 0.118330654938
139.5 0.116506445925
139.6 0.115029652614
139.7 0.113509201755
139.8 0.111595670449
139.9 0.11013615825
140.0 0.108652093706
140.1 0.107623704444
140.2 0.106221166182
140.3 0.104474563285
140.4 0.103031084854
140.5 0.101165277197
140.6 0.0999867917877
140.7 0.0988502733239
140.8 0.0975001157144
140.9 0.0962456439222
141.0 0.0953646244906
141.1 0.0943227427609
141.2 0.0932883912978
141.3 0.0911838884697
141.4 0.0899579176338
141.5 0.088961647058
141.6 0.0878789808767
141.7 0.0867080821114
141.8 0.0856065597011
141.9 0.0845443048571
142.0 0.0838607649966
142.1 0.0823114472745
142.2 0.0813319055615
142.3 0.0793204631146
142.4 0.0783728600675
142.5 0.077242285115
142.6 0.0753548901847
142.7 0.0737765758025
142.8 0.0720473153291
142.9 0.0706367415795
143.0 0.068866683363
143.1 0.0675661176716
143.2 0.0661990677985
143.3 0.0648616616089
143.4 0.0633624369535
143.5 0.0623048536732
143.6 0.0608598098027
143.7 0.058652218712
143.8 0.0570995318981
143.9 0.0549408052472
144.0 0.053021627644
144.1 0.051863563781
144.2 0.0508584172451
144.3 0.0494177265786
144.4 0.0485576376189
144.5 0.0467767147206
144.6 0.0445779282931
144.7 0.0430347221462
144.8 0.0419671044878
144.9 0.0399788671693
145.0 0.0384255066169
145.1 0.0370334763857
145.2 0.0355146043472
145.3 0.0337396920422
145.4 0.0321147272329
145.5 0.0306159048651
145.6 0.0297180984029
145.7 0.0286800133174
145.8 0.0274525984055
145.9 0.0268067184241
146.0 0.026003266731
146.1 0.0249704980136
146.2 0.0239753133806
146.3 0.022740750601
146.4 0.0215504717866
146.5 0.0208704376335
146.6 0.0201524048265
146.7 0.0189735988659
146.8 0.0179424604489
146.9 0.016943835008
147.0 0.0162254011255
147.1 0.0150965572196
147.2 0.0140724598468
147.3 0.0133503814096
147.4 0.0127544734262
147.5 0.0121451009632
147.6 0.0114044171585
147.7 0.0106528774285
147.8 0.00997890137334
147.9 0.00919316059645
148.0 0.00877553978088
148.1 0.00816492302216
148.2 0.00748573464019
148.3 0.00679662577123
148.4 0.00638749866775
148.5 0.00593372280344
148.6 0.00517535442413
148.7 0.00506759481564
148.8 0.00493745452015
148.9 0.00454358042434
149.0 0.00382593623265
149.1 0.00356877853411
149.2 0.00321265550626
149.3 0.00303387985846
149.4 0.00268657265179
149.5 0.00237352611299
149.6 0.00227986762704
149.7 0.00224115183641
149.8 0.00224149317687
149.9 0.00221363235162
150.0 0.00209913329573
150.1 0.00153010489568
150.2 0.00118858719584
150.3 0.00108716729714
150.4 0.00100211337303
150.5 0.00092387313751
150.6 0.000818750121649
150.7 0.000696284425341
150.8 0.000564490417949
150.9 0.000528969423438
151.0 0.000417688286615
151.1 0.000396924920066
151.2 0.000397202698776
151.3 0.000397479175978
151.4 0.000348295833289
151.5 0.00026451530151
151.6 0.000257393578999
151.7 8.13721024135e-05
151.8 0.0
151.9 0.0
152.0 0.0
152.1 0.0
152.2 0.0
152.3 0.0
152.4 0.0
152.5 0.0
152.6 0.0
152.7 0.0
152.8 0.0
152.9 0.0
153.0 0.0
153.1 0.0
153.2 0.0
153.3 0.0
153.4 0.0
153.5 0.0
153.6 0.0
153.7 0.0
153.8 0.0
153.9 0.0
154.0 0.0
154.1 0.0
154.2 0.0
154.3 0.0
154.4 0.0
154.5 0.0
154.6 0.0
154.7 0.0
154.8 0.0
154.9 0.0
155.0 0.0
155.1 0.0
155.2 0.0
155.3 0.0
155.4 0.0
155.5 0.0
155.6 0.0
155.7 0.0
155.8 0.0
155.9 0.0
156.0 0.0
156.1 0.0
156.2 0.0
156.3 0.0
156.4 0.0
156.5 0.0
156.6 0.0
156.7 0.0
156.8 0.0
156.9 0.0
157.0 0.0
157.1 0.0
157.2 0.0
157.3 0.0
157.4 0.0
157.5 0.0
157.6 0.0
157.7 0.0
157.8 0.0
157.9 0.0
158.0 0.0
158.1 0.0
158.2 0.0
158.3 0.0
158.4 0.0
158.5 0.0
158.6 0.0
158.7 0.0
158.8 0.0
158.9 0.0
159.0 0.0
159.1 0.0
159.2 0.0
159.3 0.0
159.4 0.0
159.5 0.0
159.6 0.0
159.7 0.0
159.8 0.0
159.9 0.0
160.0 0.0
160.1 0.0
160.2 0.0
160.3 0.0
160.4 0.0
160.5 0.0
160.6 0.0
160.7 0.0
160.8 0.0
160.9 0.0
161.0 0.0
161.1 0.0
161.2 0.0
161.3 0.0
161.4 0.0
161.5 0.0
161.6 0.0
161.7 0.0
161.8 0.0
161.9 0.0
162.0 0.0
162.1 0.0
162.2 0.0
162.3 0.0
162.4 0.0
162.5 0.0
162.6 0.0
162.7 0.0
162.8 0.0
162.9 0.0
163.0 0.0
163.1 0.0
163.2 0.0
163.3 0.0
163.4 0.0
163.5 0.0
163.6 0.0
163.7 0.0
163.8 0.0
163.9 0.0
164.0 0.0
164.1 0.0
164.2 0.0
164.3 0.0
164.4 0.0
164.5 0.0
164.6 0.0
164.7 0.0
164.8 0.0
164.9 0.0
165.0 0.0
165.1 0.0
165.2 0.0
165.3 0.0
165.4 0.0
165.5 0.0
165.6 0.0
165.7 0.0
165.8 0.0
165.9 0.0
166.0 0.0
166.1 0.0
166.2 0.0
166.3 0.0
166.4 0.0
166.5 0.0
166.6 0.0
166.7 0.0
166.8 0.0
166.9 0.0
167.0 0.0
167.1 0.0
167.2 0.0
167.3 0.0
167.4 0.0
167.5 0.0
167.6 0.0
167.7 0.0
167.8 0.0
167.9 0.0
168.0 0.0
168.1 0.0
168.2 0.0
168.3 0.0
168.4 0.0
168.5 0.0
168.6 0.0
168.7 0.0
168.8 0.0
168.9 0.0
169.0 0.0
169.1 0.0
169.2 0.0
169.3 0.0
169.4 0.0
169.5 0.0
169.6 0.0
169.7 0.0
169.8 0.0
169.9 0.0
170.0 0.0
170.1 0.0
170.2 0.0
170.3 0.0
170.4 0.0
170.5 0.0
170.6 0.0
170.7 0.0
170.8 0.0
170.9 0.0
171.0 0.0
171.1 0.0
171.2 0.0
171.3 0.0
171.4 0.0
171.5 0.0
171.6 0.0
171.7 0.0
171.8 0.0
171.9 0.0
172.0 0.0
172.1 0.0
172.2 0.0
172.3 0.0
172.4 0.0
172.5 0.0
172.6 0.0
172.7 0.0
172.8 0.0
172.9 0.0
173.0 0.0
173.1 0.0
173.2 0.0
173.3 0.0
173.4 0.0
173.5 0.0
173.6 0.0
173.7 0.0
173.8 0.0
173.9 0.0
174.0 0.0
174.1 0.0
174.2 0.0
174.3 0.0
174.4 0.0
174.5 0.0
174.6 0.0
174.7 0.0
174.8 0.0
174.9 0.0
175.0 0.0
175.1 0.0
175.2 0.0
175.3 0.0
175.4 0.0
175.5 0.0
175.6 0.0
175.7 0.0
175.8 0.0
175.9 0.0
176.0 0.0
176.1 0.0
176.2 0.0
176.3 0.0
176.4 0.0
176.5 0.0
176.6 0.0
176.7 0.0
176.8 0.0
176.9 0.0
177.0 0.0
177.1 0.0
177.2 0.0
177.3 0.0
177.4 0.0
177.5 0.0
177.6 0.0
177.7 0.0
177.8 0.0
177.9 0.0
178.0 0.0
178.1 0.0
178.2 0.0
178.3 0.0
178.4 0.0
178.5 0.0
178.6 0.0
178.7 0.0
178.8 0.0
178.9 0.0
179.0 0.0
179.1 0.0
179.2 0.0
179.3 0.0
179.4 0.0
179.5 0.0
179.6 0.0
179.7 0.0
179.8 0.0
179.9 0.0
180.0 0.0
180.1 0.0
180.2 0.0
180.3 0.0
180.4 0.0
180.5 0.0
180.6 0.0
180.7 0.0
180.8 0.0
180.9 0.0
181.0 0.0
181.1 0.0
181.2 0.0
181.3 0.0
181.4 0.0
181.5 0.0
181.6 0.0
181.7 0.0
181.8 0.0
181.9 0.0
182.0 0.0
182.1 0.0
182.2 0.0
182.3 0.0
182.4 0.0
182.5 0.0
182.6 0.0
182.7 0.0
182.8 0.0
182.9 0.0
183.0 0.0
183.1 0.0
183.2 0.0
183.3 0.0
183.4 0.0
183.5 0.0
183.6 0.0
183.7 0.0
183.8 0.0
183.9 0.0
184.0 0.0
184.1 0.0
184.2 0.0
184.3 0.0
184.4 0.0
184.5 0.0
184.6 0.0
184.7 0.0
184.8 0.0
184.9 0.0
185.0 0.0
185.1 0.0
185.2 0.0
185.3 0.0
185.4 0.0
185.5 0.0
185.6 0.0
185.7 0.0
185.8 0.0
185.9 0.0
186.0 0.0
186.1 0.0
186.2 0.0
186.3 0.0
186.4 0.0
186.5 0.0
186.6 0.0
186.7 0.0
186.8 0.0
186.9 0.0
187.0 0.0
187.1 0.0
187.2 0.0
187.3 0.0
187.4 0.0
187.5 0.0
187.6 0.0
187.7 0.0
187.8 0.0
187.9 0.0
188.0 0.0
188.1 0.0
188.2 0.0
188.3 0.0
188.4 0.0
188.5 0.0
188.6 0.0
188.7 0.0
188.8 0.0
188.9 0.0
189.0 0.0
189.1 0.0
189.2 0.0
189.3 0.0
189.4 0.0
189.5 0.0
189.6 0.0
189.7 0.0
189.8 0.0
189.9 0.0
190.0 0.0
190.1 0.0
190.2 0.0
190.3 0.0
190.4 0.0
190.5 0.0
190.6 0.0
190.7 0.0
190.8 0.0
190.9 0.0
191.0 0.0
191.1 0.0
191.2 0.0
191.3 0.0
191.4 0.0
191.5 0.0
191.6 0.0
191.7 0.0
191.8 0.0
191.9 0.0
192.0 0.0
192.1 0.0
192.2 0.0
192.3 0.0
192.4 0.0
192.5 0.0
192.6 0.0
192.7 0.0
192.8 0.0
192.9 0.0
193.0 0.0
193.1 0.0
193.2 0.0
193.3 0.0
193.4 0.0
193.5 0.0
193.6 0.0
193.7 0.0
193.8 0.0
193.9 0.0
194.0 0.0
194.1 0.0
194.2 0.0
194.3 0.0
194.4 0.0
194.5 0.0
194.6 0.0
194.7 0.0
194.8 0.0
194.9 0.0
195.0 0.0
195.1 0.0
195.2 0.0
195.3 0.0
195.4 0.0
195.5 0.0
195.6 0.0
195.7 0.0
195.8 0.0
195.9 0.0
196.0 0.0
196.1 0.0
196.2 0.0
196.3 0.0
196.4 0.0
196.5 0.0
196.6 0.0
196.7 0.0
196.8 0.0
196.9 0.0
197.0 0.0
197.1 0.0
197.2 0.0
197.3 0.0
197.4 0.0
197.5 0.0
197.6 0.0
197.7 0.0
197.8 0.0
197.9 0.0
198.0 0.0
198.1 0.0
198.2 0.0
198.3 0.0
198.4 0.0
198.5 0.0
198.6 0.0
198.7 0.0
198.8 0.0
198.9 0.0
199.0 0.0
199.1 0.0
199.2 0.0
199.3 0.0
199.4 0.0
199.5 0.0
199.6 0.0
199.7 0.0
199.8 0.0
199.9 0.0
