# r frac rho dNdR
0.0 0.0 inf nan
0.1 0.0 15135612.4844 0.0
0.2 0.0 1494719.89288 0.0
0.3 0.0 385846.894561 0.0
0.4 0.0 147611.308129 0.0
0.5 0.0 70055.1690683 0.0
0.6 0.0 38104.3733446 0.0
0.7 0.0 22770.4989143 0.0
0.8 0.0 14577.3789401 0.0
0.9 0.0 9836.26042196 0.0
1.0 0.0 6918.30970919 0.0
1.1 0.0 5032.09036632 0.0
1.2 0.0 3763.00363811 0.0
1.3 0.0 2880.24348735 0.0
1.4 0.0 2248.70435425 0.0
1.5 0.0 1785.89201202 0.0
1.6 0.0 1439.59144767 0.0
1.7 0.0 1175.71105713 0.0
1.8 0.0 971.381510949 0.0
1.9 0.0 810.89191969 0.0
2.0 0.0 683.218809816 0.0
2.1 0.0 580.48039369 0.0
2.2 0.0 496.944909303 0.0
2.3 0.0150810314735 428.379843363 429.462858131
2.4 0.0622682900329 371.61604135 1674.91873223
2.5 0.117217361258 324.250288401 2985.1227407
2.6 0.145823762775 284.438917904 3523.49677343
2.7 0.178324317708 250.752359168 4096.31165427
2.8 0.210546101265 222.071167253 4606.43880324
2.9 0.205814819134 197.510726754 4296.088196
3.0 0.290198870508 176.366058503 5788.46085223
3.1 0.266589536511 158.070906033 5088.95128923
3.2 0.318729786427 142.167089483 5830.84564413
3.3 0.341940017102 128.281326111 6002.76184873
3.4 0.337577599344 116.107538243 5693.79380542
3.5 0.385189571986 105.393234192 6249.32636406
3.6 0.390886246544 95.9289404037 6106.81695791
3.7 0.400745901647 87.5399393963 6035.157986
3.8 0.425134355449 80.0797645014 6177.68907908
3.9 0.421329090533 73.4250435072 5912.95721436
4.0 0.464421686584 67.4713855996 6300.31069599
4.1 0.45868714801 62.1300808206 6019.99413008
4.2 0.472187265703 57.3254364677 6000.2602212
4.3 0.464327094215 52.9926159041 5717.23652691
4.4 0.470081984651 49.0758760087 5612.50686473
4.5 0.474512005638 45.5271227096 5497.33623393
4.6 0.468752906945 42.3047216783 5273.0069478
4.7 0.473206260006 39.3725147615 5171.88924084
4.8 0.479611891218 36.6990031022 5096.08365003
4.9 0.466651484071 34.2566659486 4823.24994607
5.0 0.483841466728 32.0213904026 4867.35636295
5.1 0.473154315144 29.9719922641 4635.20165837
5.2 0.461066690673 28.0898119808 4400.77466468
5.3 0.493672896352 26.358372763 4593.24364648
5.4 0.467992837575 24.7630903487 4246.60075175
5.5 0.476181159005 23.2910258335 4215.95598197
5.6 0.482646336783 21.930674538 4171.25674705
5.7 0.475019476488 20.6717851266 4009.11924741
5.8 0.488685323423 19.5052042089 4029.44886497
5.9 0.479871928502 18.4227424674 3867.1722243
6.0 0.475185067654 17.4170590285 3744.12184294
6.1 0.48168728484 16.4815613377 3712.21453996
6.2 0.474653597659 15.6103182462 3579.16547128
6.3 0.486262159917 14.7979843888 3588.9218588
6.4 0.475056324659 14.0397342348 3432.99999922
6.5 0.483399379257 13.3312044473 3421.46462801
6.6 0.477626991153 12.668443396 3312.14889264
6.7 0.481201036313 12.0478668447 3270.36466954
6.8 0.479646859002 11.4662189789 3195.7259247
6.9 0.479802030729 10.9205380638 3134.83122654
7.0 0.479822545063 10.4081261253 3075.09927143
7.1 0.481569644846 9.92652213338 3028.18762707
7.2 0.480023125028 9.47347824028 2962.4189609
7.3 0.482211520546 9.04693869066 2921.42548417
7.4 0.481360139753 8.64502107014 2863.58107889
7.5 0.482780256715 8.26599960651 2820.83232938
7.6 0.482261587654 7.90829027505 2768.23096266
7.7 0.483285215134 7.57043749245 2725.9369185
7.8 0.483192510514 7.25110221201 2678.6951448
7.9 0.483405540327 6.94905125688 2634.51809146
8.0 0.483951915959 6.66314774904 2593.41187445
8.1 0.483690672918 6.39234250933 2549.22196363
8.2 0.484556328135 6.13566631971 2512.13845442
8.3 0.484184854531 5.89222295194 2469.76948634
8.4 0.484649468067 5.66118287876 2432.78293704
8.5 0.4846900087 5.44177759359 2394.70803239
8.6 0.484810834193 5.23329447349 2358.0567669
8.7 0.485075072255 5.035072128 2323.07388429
8.8 0.485139082019 4.84649618285 2288.07020303
8.9 0.485312203236 4.66699545352 2254.49079771
9.0 0.48562710996 4.49603846885 2222.4286367
9.1 0.485516504645 4.33313030902 2189.26531356
9.2 0.486012643292 4.17780972659 2159.64188946
9.3 0.486023159229 4.02964652247 2128.62754163
9.4 0.486076560965 3.88823915169 2098.56883828
9.5 0.486521971252 3.7532125369 2070.91698778
9.6 0.486455711842 3.62421606937 2041.78363634
9.7 0.486743031941 3.50092177986 2014.81642734
9.8 0.486893506304 3.38302266326 1987.92916354
9.9 0.487088463077 3.27023114269 1961.85337738
10.0 0.487269167586 3.16227766017 1936.32742183
10.1 0.487204361079 3.05890938238 1910.42674884
10.2 0.487245537878 2.95988901094 1885.53025078
10.3 0.487368581381 2.86499368796 1861.51059122
10.4 0.487592565922 2.77401398841 1838.40953944
10.5 0.487776239644 2.68675299152 1815.66969365
10.6 0.487882220403 2.60302542454 1793.14329345
10.7 0.48811639813 2.52265687247 1771.57278425
10.8 0.488289199673 2.44548304811 1750.24622663
10.9 0.48842600455 2.37134911744 1729.24741515
11.0 0.488587349329 2.30010907552 1708.77894359
11.1 0.488743214764 2.23162516885 1688.72064814
11.2 0.488859204397 2.16576736025 1668.94302289
11.3 0.488974870161 2.10241283286 1649.57205148
11.4 0.489125023292 2.04144553 1630.71191643
11.5 0.489229617829 1.98275572814 1612.08337479
11.6 0.489297325839 1.92623964017 1593.70891
11.7 0.489364175669 1.87179904675 1575.69799558
11.8 0.489419886237 1.81934095338 1558.0076507
11.9 0.489446030508 1.76877727132 1540.5710995
12.0 0.489408401528 1.72002452046 1523.27535181
12.1 0.489378161846 1.67300355245 1506.33668578
12.2 0.48930844105 1.6276392926 1489.60252138
12.3 0.48919466214 1.58386049908 1473.05419176
12.4 0.489031408054 1.54159953823 1456.67128274
12.5 0.488838483305 1.50079217461 1440.50853082
12.6 0.488571756755 1.46137737493 1424.43190079
12.7 0.488293474646 1.4232971247 1408.61983196
12.8 0.487958323561 1.38649625664 1392.93623261
12.9 0.487536198821 1.35092229022 1377.29356748
13.0 0.486929209698 1.31652528128 1361.41834856
13.1 0.486015050669 1.28325768123 1344.98068116
13.2 0.485429952186 1.25107420498 1329.74193827
13.3 0.484848819634 1.21993170716 1314.78580857
13.4 0.484261056609 1.18978906589 1300.07671368
13.5 0.483704679885 1.16060707381 1285.70964981
13.6 0.483141038349 1.13234833552 1271.57404648
13.7 0.482586900217 1.10497717145 1257.70802751
13.8 0.482057398768 1.07845952727 1244.14397624
13.9 0.481408429355 1.05276288888 1230.50596148
14.0 0.480829074856 1.02785620226 1217.27588091
14.1 0.480302073718 1.00370979816 1204.3999111
14.2 0.479783061241 0.980295321062 1191.75887192
14.3 0.47894356125 0.957585662314 1178.53887587
14.4 0.478424754834 0.935554897107 1166.32011992
14.5 0.477914935144 0.914178225018 1154.32298573
14.6 0.477409004204 0.89343191394 1142.53008069
14.7 0.476908844676 0.873293247163 1130.94116534
14.8 0.476196073493 0.853740473417 1119.0383634
14.9 0.475621215003 0.834752759686 1107.64727235
15.0 0.475149143636 0.816310146624 1096.67395061
15.1 0.474664730501 0.798393506416 1085.8447046
15.2 0.474220668931 0.780984502937 1075.27595656
15.3 0.473741332576 0.76406555406 1064.79161881
15.4 0.473297661327 0.74761979599 1054.54825316
15.5 0.472799710813 0.731631049509 1044.34163079
15.6 0.47236733328 0.716083788004 1034.43393292
15.7 0.471911100127 0.700963107188 1024.62399609
15.8 0.471485643096 0.686254696399 1015.02757402
15.9 0.471058663085 0.671944811404 1005.57093635
16.0 0.470628749992 0.658020248599 996.248180661
16.1 0.47019652083 0.644468320544 987.057837843
16.2 0.469776628759 0.631276832744 978.027691704
16.3 0.469369596852 0.618434061613 969.155420498
16.4 0.468958056108 0.605928733547 960.402116634
16.5 0.468550296017 0.593750005048 951.782237032
16.6 0.468150262156 0.581887443843 943.301004624
16.7 0.467746205198 0.570331010931 934.932087812
16.8 0.467378712236 0.55907104353 926.75375452
16.9 0.466955658645 0.548098238839 918.58071291
17.0 0.466590510242 0.537403638613 910.634733157
17.1 0.466199606452 0.526978614468 902.748922357
17.2 0.465822277868 0.5168148539 894.997866241
17.3 0.46544884679 0.506904346979 887.360401599
17.4 0.464975708477 0.497239373667 879.638311335
17.5 0.464415254479 0.487812491739 871.857193554
17.6 0.464065348198 0.47861652528 864.573719201
17.7 0.463697535513 0.469644553708 857.354585099
17.8 0.463352452599 0.46088990132 850.273271342
17.9 0.462995944292 0.452346127312 843.26483319
18.0 0.462651792383 0.444007016265 836.37098144
18.1 0.462298640485 0.435866569063 829.551188694
18.2 0.461965328621 0.427918994227 822.855518843
18.3 0.461618384642 0.420158699638 816.222384101
18.4 0.461287535553 0.412580284639 809.702911479
18.5 0.460957242206 0.405178532482 803.267860218
18.6 0.460618789975 0.39794840312 796.900627664
18.7 0.460312463776 0.39088502631 790.669243947
18.8 0.459976623751 0.38398369503 784.465967238
18.9 0.459654827051 0.377239859178 778.364233714
19.0 0.459343771672 0.370649119544 772.356615565
19.1 0.459025635239 0.364207222052 766.411640289
19.2 0.458724207106 0.35791005224 760.56769738
19.3 0.458401459117 0.351753629988 754.760322361
19.4 0.458106160578 0.345734104462 749.068747831
19.5 0.457797102791 0.339847749277 743.423909845
19.6 0.457500234898 0.334090957868 737.86693575
19.7 0.457204898871 0.328460239048 732.379190754
19.8 0.456907967775 0.322952212758 726.95451901
19.9 0.456608284982 0.317563605991 721.590038159
20.0 0.456332614088 0.312291248889 716.326765322
20.1 0.456045854173 0.307132070996 711.108154845
20.2 0.455754273576 0.302083097666 705.943231564
20.3 0.455466633186 0.297141446621 700.844613658
20.4 0.455193552643 0.292304324646 695.827424905
20.5 0.454915169249 0.287569024419 690.860096505
20.6 0.454424112136 0.282932921465 685.628964411
20.7 0.454038870537 0.278393471238 680.616754505
20.8 0.453788105647 0.273948206316 675.862115671
20.9 0.45336178555 0.269594733706 670.901481234
21.0 0.453038441857 0.265330732259 666.148514902
21.1 0.452775478598 0.261153950181 661.537202263
21.2 0.452527022318 0.257062202652 656.998424738
21.3 0.452114772706 0.253053369522 652.273737861
21.4 0.451738534599 0.249125393113 647.653245883
21.5 0.451496274462 0.245276276092 643.274741285
21.6 0.451233161681 0.241504079434 638.914650086
21.7 0.45100092476 0.237806920461 634.645570212
21.8 0.450732728864 0.234182970954 630.37249746
21.9 0.450331864851 0.230630455337 625.961219906
22.0 0.450003680062 0.227147648932 621.698095708
22.1 0.44976158002 0.223732876275 617.598981661
22.2 0.449512115023 0.220384509498 613.533497772
22.3 0.449038706257 0.217100966774 609.207337503
22.4 0.448654575868 0.213880710811 605.047709196
22.5 0.448179516943 0.210722247409 600.810195607
22.6 0.447851237529 0.207624124069 596.813081979
22.7 0.447604898321 0.20458492865 592.966346529
22.8 0.447397468747 0.201603288077 589.210790503
22.9 0.447165820933 0.198677867096 585.46227849
23.0 0.446788054078 0.19580736707 581.562127288
23.1 0.44648503017 0.192990524827 577.798903489
23.2 0.446265553267 0.190226111536 574.18167741
23.3 0.446037107825 0.187512931638 570.589691119
23.4 0.445838208629 0.184849821805 567.071603395
23.5 0.445613586956 0.182235649936 563.556356641
23.6 0.445393611046 0.179669314192 560.082190314
23.7 0.445196283998 0.177149742066 556.671017804
23.8 0.444992469886 0.174675889478 553.285646196
23.9 0.444785396493 0.172246739913 549.92972695
24.0 0.444570511157 0.169861303573 546.5972624
24.1 0.44437957279 0.167518616575 543.326783259
24.2 0.444160736539 0.165217740166 540.05431228
24.3 0.443976559412 0.162957759968 536.855613688
24.4 0.44376677472 0.160737785246 533.657085161
24.5 0.443581822694 0.158556948206 530.519134077
24.6 0.443368155397 0.156414403313 527.377160435
24.7 0.443192281341 0.154309326633 524.309992504
24.8 0.442998833477 0.152240915194 521.251351879
24.9 0.442785408246 0.150208386374 518.198366234
25.0 0.442618701267 0.148210977307 515.228658744
25.1 0.442415972667 0.146247944305 512.245173746
25.2 0.442228160302 0.144318562302 509.306869083
25.3 0.442048789419 0.142422124321 506.40568349
25.4 0.441870574338 0.140557940946 503.532799406
25.5 0.441475628348 0.138725339826 500.440852914
25.6 0.441261574468 0.136923665186 497.581724314
25.7 0.441076368978 0.135152277352 494.781291054
25.8 0.440901389664 0.133410552299 492.017925681
25.9 0.440725904583 0.131697881208 489.27920489
26.0 0.44053424809 0.130013670041 486.547510543
26.1 0.440363524473 0.128357339122 483.863567511
26.2 0.440215855296 0.126728322743 481.229025604
26.3 0.43999925407 0.125126068769 478.543146998
26.4 0.439607449483 0.123550038268 475.691778299
26.5 0.439453454061 0.121999705145 473.12214405
26.6 0.439277862647 0.120474555788 470.552178651
26.7 0.439105467731 0.118974088728 468.00836845
26.8 0.438936520145 0.117497814308 465.49064386
26.9 0.438781625885 0.116045254359 463.009862429
27.0 0.438615808599 0.114615941894 460.539304245
27.1 0.438449841446 0.113209420802 458.090126872
27.2 0.438276292346 0.11182524556 455.654340481
27.3 0.43813759025 0.110462980946 453.275694814
27.4 0.437878052572 0.109122201764 450.793128867
27.5 0.4374445749 0.10780249258 448.153806087
27.6 0.437183385687 0.106503447464 445.713042991
27.7 0.437036997974 0.105224669737 443.409688082
27.8 0.436884206192 0.103965771726 441.119424634
27.9 0.436727800831 0.102726374534 438.844914921
28.0 0.436505137041 0.101506107805 436.523331587
28.1 0.436335683053 0.100304609506 434.274296986
28.2 0.436190591124 0.0991215257089 432.068248358
28.3 0.436042904763 0.0979565103809 429.878044398
28.4 0.435886303586 0.0968092251832 427.697302538
28.5 0.435756694632 0.0956793392725 425.560998892
28.6 0.435582425152 0.0945665291096 423.398902736
28.7 0.435447708278 0.093470478273 421.292891818
28.8 0.435312771891 0.0923908772789 419.203924514
28.9 0.435149613267 0.0913274234052 417.104962236
29.0 0.434870253492 0.0902798205213 414.912241526
29.1 0.434529891841 0.0892477789224 412.679519536
29.2 0.43429480085 0.0882310151687 410.564574225
29.3 0.434153697909 0.087229251929 408.555213882
29.4 0.434002596143 0.0862422178287 406.552624202
29.5 0.43372932663 0.0852696473027 404.452152049
29.6 0.433500627674 0.0843112804512 402.409941921
29.7 0.433023038781 0.0833668629006 400.15405787
29.8 0.43280828927 0.082436145668 398.158177719
29.9 0.43266277091 0.0815188850292 396.241536451
30.0 0.432538252019 0.0806148423907 394.359133349
30.1 0.432414847209 0.0797237841649 392.492495328
30.2 0.432248456256 0.078845481649 390.601594087
30.3 0.432147732626 0.0779797109071 388.784534304
30.4 0.432015534035 0.0771262526557 386.953362651
30.5 0.431867411002 0.0762848921518 385.122163289
30.6 0.431760305563 0.0754554190849 383.34152388
30.7 0.431621174954 0.0746376274709 381.546244764
30.8 0.431485512722 0.0738313155498 379.767785921
30.9 0.4313867075 0.0730362856857 378.035217649
31.0 0.431235301772 0.0722523442692 376.269919175
31.1 0.431126212153 0.071479301623 374.554803574
31.2 0.430998075342 0.0707169719098 372.836170718
31.3 0.43086536602 0.0699651730424 371.12656124
31.4 0.430759362096 0.0692237265963 369.452713592
31.5 0.430569434731 0.068492457725 367.719718367
31.6 0.430291651006 0.067771195077 365.925009532
31.7 0.430170559391 0.067059770715 364.276484639
31.8 0.430054269027 0.0663580200377 362.644242152
31.9 0.429934405366 0.0656657817032 361.021070388
32.0 0.429802620217 0.0649828975545 359.39989992
32.1 0.429712461345 0.0643092125468 357.825320288
32.2 0.429574403301 0.0636445746771 356.222536275
32.3 0.42945549507 0.0629888349151 354.647292137
32.4 0.429357285392 0.0623418471362 353.100544126
32.5 0.429077967788 0.0617034680562 351.416683157
32.6 0.428958734505 0.0610735571672 349.875712054
32.7 0.428837449854 0.0604519766761 348.344197086
32.8 0.428739187146 0.0598385914434 346.84232891
32.9 0.428622782968 0.0592332689249 345.336602917
33.0 0.428500226113 0.0586358791134 343.836707936
33.1 0.428403348495 0.0580462944835 342.368034086
33.2 0.428278434757 0.0574643899363 340.887470372
33.3 0.428193329342 0.0568900427461 339.448964692
33.4 0.428057679834 0.0563231325091 337.980692671
33.5 0.427959196488 0.0557635410916 336.552007972
33.6 0.427852548515 0.0552111525819 335.12695117
33.7 0.427742605504 0.0546658532407 333.70929799
33.8 0.427648128963 0.0541275314553 332.313559196
33.9 0.427534940809 0.0535960776929 330.91304063
34.0 0.427428296379 0.0530713844563 329.527288573
34.1 0.427324911343 0.0525533462398 328.153625943
34.2 0.427219230095 0.0520418594873 326.787679855
34.3 0.427111393651 0.0515368225498 325.429485822
34.4 0.426856046008 0.0510381356457 323.968651479
34.5 0.426703457839 0.0505457008208 322.59559945
34.6 0.426613185688 0.0500594219096 321.278871796
34.7 0.426497629509 0.0495792044978 319.95211804
34.8 0.426391423808 0.0491049558852 318.641353443
34.9 0.426148757396 0.0486365850503 317.237864921
35.0 0.425992866434 0.0481740026146 315.908281601
35.1 0.425893349062 0.0477171208087 314.629315869
35.2 0.42579567858 0.0472658534389 313.360278421
35.3 0.425707061896 0.0468201158543 312.106356209
35.4 0.425608377097 0.0463798249151 310.853427527
35.5 0.425506451142 0.0459448989615 309.6064643
35.6 0.425212806177 0.045515257783 308.228790766
35.7 0.425113855364 0.045090822589 307.000946343
35.8 0.42502469345 0.0446715159798 305.788234233
35.9 0.424934310644 0.0442572619179 304.582608582
36.0 0.424833896301 0.0438479857008 303.377713338
36.1 0.424733215727 0.0434436139336 302.180502628
36.2 0.424658879145 0.0430440745025 301.009767739
36.3 0.424547879688 0.0426492965494 299.820733772
36.4 0.424256793491 0.0422592104462 298.512701791
36.5 0.424173197331 0.0418737477707 297.358699351
36.6 0.424081099824 0.0414928412816 296.206188043
36.7 0.423994459806 0.041116424896 295.064879289
36.8 0.42389270769 0.0407444336657 293.92040161
36.9 0.423805504657 0.0403768037547 292.793294708
37.0 0.423720547699 0.0400134724177 291.674914176
37.1 0.423637108931 0.0396543779779 290.564679213
37.2 0.423402500778 0.0392994598068 289.358166166
37.3 0.423242647167 0.0389486583028 288.210269427
37.4 0.423172966094 0.0386019148717 287.130834128
37.5 0.423074459832 0.0382591719067 286.038685719
37.6 0.422998019915 0.0379203727695 284.968257119
37.7 0.42290679154 0.0375854617712 283.894588586
37.8 0.422822352245 0.037254384154 282.832159957
37.9 0.422572900281 0.0369270860735 281.666349272
38.0 0.42228470501 0.0366035145807 280.482129653
38.1 0.422128455108 0.0362836176051 279.392680909
38.2 0.421894245356 0.0359673439375 278.258576692
38.3 0.421794330303 0.0356546432142 277.219799207
38.4 0.421719478421 0.0353454659001 276.203822129
38.5 0.421639449244 0.0350397632737 275.190681571
38.6 0.421497570756 0.0347374874111 274.143499119
38.7 0.421278012226 0.0344385911711 273.052378211
38.8 0.421199823121 0.0341430281806 272.059272163
38.9 0.421119663805 0.03385075282 271.070913372
39.0 0.421031975075 0.0335617202091 270.083697139
39.1 0.420959269742 0.0332758861932 269.112014003
39.2 0.420712378172 0.0329932073295 268.035195221
39.3 0.420510953132 0.0327136408742 266.993789209
39.4 0.420437606444 0.0324371447691 266.039719801
39.5 0.420192902804 0.032163677629 264.983278224
39.6 0.420087271526 0.0318931987296 264.020614587
39.7 0.419995218134 0.0316256679946 263.072184262
39.8 0.41992743377 0.0313610459847 262.144527206
39.9 0.419861450047 0.0310992938851 261.223464565
40.0 0.419773217215 0.0308403734945 260.294026445
40.1 0.419703457855 0.030584247214 259.381472861
40.2 0.419616673395 0.0303308780356 258.463778709
40.3 0.419479537579 0.0300802295322 257.520544989
40.4 0.419379869835 0.0298322658464 256.605768646
40.5 0.419309704421 0.0295869516808 255.714318507
40.6 0.419238366817 0.0293442522872 254.827327452
40.7 0.419162237697 0.0291041334574 253.942567266
40.8 0.419079544185 0.0288665615134 253.058953868
40.9 0.419021511587 0.0286315032973 252.195277845
41.0 0.418943230809 0.0283989261629 251.324411101
41.1 0.418857609566 0.0281687979659 250.454150157
41.2 0.418784005972 0.0279410870554 249.596034688
41.3 0.41852725073 0.0277157622649 248.634010584
41.4 0.418470566435 0.0274927929039 247.796018365
41.5 0.418389738151 0.0272721487493 246.948526119
41.6 0.418312934722 0.0270538000376 246.108206006
41.7 0.418254010807 0.0268377174562 245.28312162
41.8 0.418184837858 0.0266238721361 244.456691105
41.9 0.418112720777 0.0264122356438 243.633191364
42.0 0.418053912846 0.0262027799739 242.822042313
42.1 0.417932243334 0.0259954775415 241.979031247
42.2 0.417811644794 0.025790301175 241.14136766
42.3 0.417743031114 0.0255872241088 240.338300243
42.4 0.417672719881 0.0253862199767 239.538721152
42.5 0.417600302048 0.0251872628045 238.742370589
42.6 0.417549185109 0.0249903270036 237.962565073
42.7 0.41746933326 0.0247953873643 237.170729706
42.8 0.417406464129 0.0246024190492 236.392875782
42.9 0.417341595534 0.0244113975871 235.618162387
43.0 0.417264838087 0.0242222988665 234.841000982
43.1 0.417119476177 0.0240350991298 234.029600058
43.2 0.416931548617 0.023849774967 233.198848764
43.3 0.416804315446 0.0236663033099 232.406510391
43.4 0.41670771885 0.0234846614264 231.635527923
43.5 0.416657823127 0.0233048269148 230.894612839
43.6 0.416596566617 0.0231267776985 230.15141789
43.7 0.416529885598 0.0229504920201 229.409239671
43.8 0.416448450757 0.0227759484362 228.662952462
43.9 0.416332046791 0.0226031258126 227.901534046
44.0 0.416170045697 0.0224320033186 227.119328612
44.1 0.41611280515 0.0222625604221 226.398338229
44.2 0.41605127289 0.0220947768849 225.678859376
44.3 0.4159882926 0.0219286327575 224.962421998
44.4 0.415922733858 0.0217641083748 224.248394867
44.5 0.415864326232 0.0216011843508 223.541991937
44.6 0.415738683016 0.0214398415746 222.803284763
44.7 0.415594690006 0.0212800612056 222.058689791
44.8 0.415531960679 0.0211218246689 221.361331513
44.9 0.415479700847 0.0209651136515 220.67319214
45.0 0.415408671604 0.0208099100977 219.978711405
45.1 0.415349638597 0.0206561962048 219.294194659
45.2 0.415302360605 0.0205039544192 218.619431714
45.3 0.415233601787 0.0203531674325 217.936897371
45.4 0.415178192698 0.0202038181773 217.264892616
45.5 0.415112583735 0.0200558898232 216.59104232
45.6 0.415044549381 0.0199093657736 215.919412399
45.7 0.415000812526 0.0197642296612 215.263849784
45.8 0.414806640234 0.0196204653448 214.533848437
45.9 0.414694730582 0.0194780569058 213.850062901
46.0 0.414572836425 0.0193369886441 213.164663282
46.1 0.414379678237 0.0191972450752 212.446251621
46.2 0.414325182901 0.0190588109264 211.802434429
46.3 0.414273133556 0.0189216711338 211.16313711
46.4 0.414220231102 0.0187858108385 210.526648494
46.5 0.414166583685 0.0186512153842 209.893003799
46.6 0.414100148876 0.0185178703129 209.256097773
46.7 0.414033627657 0.0183857613627 208.622362827
46.8 0.413989465263 0.0182548744646 208.003053617
46.9 0.413824122173 0.0181251957389 207.326137706
47.0 0.413628506209 0.0179967114929 206.637527153
47.1 0.413546970951 0.0178694082178 206.009236533
47.2 0.413475555722 0.0177432725857 205.389115873
47.3 0.413417120134 0.0176182914469 204.778516653
47.4 0.413374362071 0.0174944518272 204.178695083
47.5 0.413315426448 0.0173717409252 203.5738744
47.6 0.413262338617 0.0172501461093 202.974918819
47.7 0.413207036203 0.0171296549158 202.377834398
47.8 0.413020691523 0.0170102550456 201.719689996
47.9 0.412945770056 0.0168919343621 201.1190912
48.0 0.412886355158 0.0167746808887 200.52897629
48.1 0.412831601346 0.016658482806 199.944009057
48.2 0.412788730337 0.0165433284501 199.36763853
48.3 0.412733783196 0.0164292063094 198.78825762
48.4 0.412603514887 0.016316105023 198.175518317
48.5 0.41236259899 0.0162040133782 197.512780328
48.6 0.412186855932 0.0160929203079 196.884443225
48.7 0.412164664179 0.0159828148891 196.332326072
48.8 0.412101189825 0.0158736863402 195.763252048
48.9 0.412040420098 0.015765524019 195.198202488
49.0 0.41199680563 0.0156583174207 194.6439752
49.1 0.411950689668 0.0155520561759 194.091224004
49.2 0.411897194533 0.0154467300485 193.537648605
49.3 0.411846046541 0.0153423289335 192.987816998
49.4 0.411784377851 0.0152388428557 192.435688902
49.5 0.411634009429 0.0151362619669 191.84485064
49.6 0.411601342673 0.0150345765449 191.311554386
49.7 0.411546428118 0.0149337769908 190.770465683
49.8 0.41149636972 0.014833853828 190.234180943
49.9 0.411443577149 0.0147347976999 189.69916534
50.0 0.411400642291 0.0146365993681 189.1712021
50.1 0.411342658499 0.014539249711 188.638816019
50.2 0.411271449032 0.014442739722 188.102879724
50.3 0.410898468494 0.0143470605076 187.431804599
50.4 0.410831867856 0.014252203286 186.903342956
50.5 0.410799563629 0.0141581593853 186.392910974
50.6 0.410736576001 0.0140649202421 185.870963355
50.7 0.410704382543 0.0139724773998 185.365341518
50.8 0.410648071642 0.0138808225072 184.851201319
50.9 0.410556924873 0.0137899473167 184.323800963
51.0 0.410385021978 0.0136998436832 183.762685835
51.1 0.410328997649 0.0136105035621 183.25594276
51.2 0.410278814343 0.0135219190086 182.754133317
51.3 0.410242398569 0.0134340821756 182.260743462
51.4 0.410176731537 0.0133469853125 181.756647977
51.5 0.410145231428 0.0132606207643 181.269961988
51.6 0.410096709555 0.0131749809693 180.777988007
51.7 0.41005578516 0.0130900584588 180.291594511
51.8 0.410002143961 0.0130058458549 179.801832511
51.9 0.409943949696 0.01292233587 179.312301825
52.0 0.409928188117 0.0128395213049 178.843502481
52.1 0.409870928402 0.0127573950479 178.358754222
52.2 0.409822350465 0.0126759500734 177.879962742
52.3 0.409737409228 0.012595179441 177.38758371
52.4 0.409563824087 0.0125150762937 176.859148118
52.5 0.409513183115 0.0124356338576 176.386070282
52.6 0.409459658812 0.0123568454398 175.913871677
52.7 0.409420970094 0.012278704428 175.450141425
52.8 0.409380321545 0.0122012042892 174.98763863
52.9 0.409174354077 0.0121243385684 174.456706365
53.0 0.409025936814 0.0120481008875 173.952649027
53.1 0.408897303887 0.0119724849446 173.459245407
53.2 0.408856770755 0.0118974845126 173.005325098
53.3 0.408818305408 0.0118230934385 172.554280683
53.4 0.408776516157 0.0117493056421 172.103823022
53.5 0.408590630064 0.0116761151149 171.594830133
53.6 0.408501121317 0.0116035159196 171.128482346
53.7 0.4084674468 0.0115315021886 170.687521396
53.8 0.408407591907 0.0114600681236 170.237573831
53.9 0.408383713331 0.0113892079941 169.804553603
54.0 0.408340321484 0.0113189161368 169.365322029
54.1 0.408287692472 0.0112491869546 168.924179217
54.2 0.408134705681 0.0111800149157 168.443534813
54.3 0.408035093572 0.011111394553 167.986974784
54.4 0.40798819389 0.0110433204627 167.554051771
54.5 0.407949701814 0.0109757873039 167.126443358
54.6 0.40790813136 0.0109087897973 166.699418761
54.7 0.407876529515 0.0108423227251 166.278294796
54.8 0.407835449383 0.0107763809293 165.855121943
54.9 0.407779463553 0.0107109593117 165.427715628
55.0 0.407750574692 0.0106460528325 165.013107113
55.1 0.407705886598 0.0105816565099 164.593887769
55.2 0.407663735929 0.0105177654191 164.177478002
55.3 0.407627793078 0.0104543746917 163.765334154
55.4 0.407581832717 0.0103914795149 163.350924631
55.5 0.407555529517 0.0103290751308 162.946132288
55.6 0.40739318122 0.0102671568354 162.488787882
55.7 0.407201187309 0.0102057199786 162.021608026
55.8 0.407157833468 0.0101447599625 161.61543378
55.9 0.407119174353 0.0100842722416 161.212828783
56.0 0.407077214388 0.0100242523216 160.810610922
56.1 0.407044053327 0.00996469575893 160.413547889
56.2 0.407005499471 0.00990559816005 160.01602531
56.3 0.406964434178 0.00984695518076 159.619178574
56.4 0.406913121533 0.00978876252562 159.219977881
56.5 0.406892905148 0.00973101594728 158.834580821
56.6 0.406846468827 0.00967371124586 158.440570378
56.7 0.4068154993 0.00961684426836 158.054205455
56.8 0.406654375819 0.00956041090803 157.618991376
56.9 0.406466061989 0.00950440710379 157.175089725
57.0 0.40636191977 0.00944882883964 156.765524849
57.1 0.406318421718 0.00939367214407 156.38100212
57.2 0.406289658557 0.00933893308951 156.003719699
57.3 0.406111266725 0.00928460779175 155.570665254
57.4 0.406042106013 0.00923069240941 155.181162113
57.5 0.406002436489 0.00917718314336 154.804503919
57.6 0.405969356441 0.0091240762362 154.431891028
57.7 0.405930348787 0.00907136797176 154.058546578
57.8 0.405879134339 0.00901905467452 153.682099871
57.9 0.405680175014 0.00896713270914 153.251372793
58.0 0.405644219748 0.00891559847993 152.883861859
58.1 0.405610948643 0.00886444843037 152.518847889
58.2 0.405446140888 0.00881367904259 152.105961482
58.3 0.405383263708 0.00876328683692 151.732919952
58.4 0.405360268475 0.00871326837136 151.376279777
58.5 0.405326296584 0.00866362024117 151.01698104
58.6 0.405278210863 0.00861433907835 150.653877444
58.7 0.405258670381 0.00856542155122 150.302818136
58.8 0.405220355803 0.00851686436393 149.94621259
58.9 0.405171344254 0.00846866425606 149.587082288
59.0 0.405139477715 0.00842081800215 149.235701821
59.1 0.40510886165 0.00837332241126 148.886178533
59.2 0.40509228345 0.00832617432657 148.543190411
59.3 0.404977134224 0.00827937062494 148.165495497
59.4 0.404825422241 0.00823290821649 147.77596542
59.5 0.404792030649 0.00818678404422 147.431092468
59.6 0.404715920904 0.00814099508356 147.0720565
59.7 0.404555319137 0.00809553834203 146.683808008
59.8 0.40451837935 0.00805041085877 146.341848376
59.9 0.404488800107 0.00800560970423 146.003888672
60.0 0.404453262016 0.00796113197975 145.665106589
60.1 0.404417892371 0.00791697481719 145.327710953
60.2 0.404381483769 0.00787313537855 144.991261075
60.3 0.404347742426 0.0078296108556 144.657078038
60.4 0.404320279296 0.00778639846956 144.326437186
60.5 0.404286299184 0.00774349547069 143.99475917
60.6 0.404239330329 0.00770089913797 143.659752342
60.7 0.404234170806 0.00765860677875 143.34087149
60.8 0.404180791333 0.0076166157284 143.006157535
60.9 0.404154790974 0.00757492334997 142.682405752
61.0 0.404122260017 0.00753352703387 142.357600177
61.1 0.404093419103 0.00749242419754 142.035341585
61.2 0.404042057471 0.00745161228513 141.706421937
61.3 0.404005927821 0.00741108876714 141.384098026
61.4 0.403670394347 0.00737085114018 140.958459764
61.5 0.403638823951 0.0073308969266 140.640415575
61.6 0.403605426158 0.0072912236742 140.322949939
61.7 0.403575939008 0.00725182895593 140.008051046
61.8 0.403509702571 0.0072127103696 139.681628407
61.9 0.403339050436 0.00717386553756 139.320384978
62.0 0.403302318633 0.00713529210646 139.006695375
62.1 0.403274360529 0.00709698774689 138.697211916
62.2 0.403227369307 0.00705895015317 138.382365769
62.3 0.403216788991 0.00702117704303 138.081179545
62.4 0.403180815742 0.00698366615733 137.772447319
62.5 0.403146734113 0.00694641525984 137.465522364
62.6 0.403118285237 0.00690942213689 137.161667253
62.7 0.403087495434 0.0068726845972 136.858156284
62.8 0.403060837766 0.00683620047153 136.557181553
62.9 0.403009330005 0.00679996761248 136.248929792
63.0 0.403003685348 0.00676398389423 135.957304427
63.1 0.402966739752 0.00672824721226 135.656223995
63.2 0.402928535103 0.00669275548314 135.355841758
63.3 0.402904404787 0.00665750664427 135.061294519
63.4 0.402870802239 0.00662249865361 134.76466989
63.5 0.402836222599 0.00658772948951 134.4688179
63.6 0.402810707862 0.0065531971504 134.177079839
63.7 0.402781892383 0.00651889965463 133.885320545
63.8 0.402756468559 0.00648483504017 133.595761182
63.9 0.402637130502 0.00645100136444 133.276180003
64.0 0.402489428206 0.00641739670408 132.948418819
64.1 0.402321472725 0.00638401915469 132.615203741
64.2 0.402287072391 0.00635086683067 132.327163425
64.3 0.402261265536 0.00631793786496 132.042997873
64.4 0.402234214065 0.00628523040886 131.759461348
64.5 0.402197485266 0.00625274263179 131.473794457
64.6 0.402172321041 0.00622047272113 131.192940868
64.7 0.402151375732 0.00618841888197 130.914480492
64.8 0.401939556164 0.00615657933694 130.575021124
64.9 0.40173826491 0.00612495232598 130.240234604
65.0 0.401578066338 0.00609353610621 129.919981578
65.1 0.401354553476 0.00606232895164 129.580464937
65.2 0.401145633254 0.00603132915307 129.246905779
65.3 0.401121586186 0.00600053501786 128.974019553
65.4 0.401078170113 0.00596994486974 128.695898446
65.5 0.401055218613 0.00593955704864 128.425331041
65.6 0.401029533245 0.0059093699105 128.15485868
65.7 0.401000081612 0.00587938182711 127.884152531
65.8 0.400984939955 0.00584959118592 127.618968026
65.9 0.400857960091 0.00581999638984 127.3192057
66.0 0.400735754697 0.00579059585713 127.022040039
66.1 0.400729781311 0.00576138802117 126.762713652
66.2 0.400686504804 0.00573237133032 126.492528447
66.3 0.400627813199 0.00570354424777 126.218447045
66.4 0.400469412476 0.00567490525134 125.913990609
66.5 0.400440463441 0.00564645283333 125.651250363
66.6 0.400412428529 0.00561818550039 125.389723918
66.7 0.400369381344 0.00559010177333 125.124427539
66.8 0.400369992976 0.00556220018696 124.873684099
66.9 0.4002698461 0.00553447928998 124.592454163
67.0 0.400124281213 0.00550693764477 124.29811295
67.1 0.40005474867 0.00547957382729 124.028393046
67.2 0.39992880221 0.00545238642691 123.742167954
67.3 0.399899768979 0.00542537404624 123.486883769
67.4 0.399876208828 0.00539853530105 123.234176878
67.5 0.399748258902 0.00537186882007 122.950242396
67.6 0.399658845938 0.00534537324486 122.679139598
67.7 0.399625601129 0.0053190472297 122.426194631
67.8 0.399560799753 0.00529288944141 122.164479224
67.9 0.399401356617 0.00526689855925 121.874796111
68.0 0.399392352301 0.00524107327478 121.631948935
68.1 0.399170293635 0.00521541229171 121.325180907
68.2 0.399154096404 0.00518991432577 121.081946121
68.3 0.399143083159 0.00516457810461 120.841116369
68.4 0.39909939627 0.00513940236764 120.591239345
68.5 0.399011820655 0.00511438586593 120.328986841
68.6 0.39889946939 0.00508952736206 120.060184826
68.7 0.398891406108 0.00506482563002 119.823642124
68.8 0.398849507785 0.00504027945508 119.577760967
68.9 0.398829464096 0.00501588763364 119.339260296
69.0 0.398799974272 0.00499164897319 119.098750188
69.1 0.398758260322 0.0049675622921 118.855415104
69.2 0.398589551348 0.00494362641957 118.57512942
69.3 0.398580207519 0.00491984019549 118.343131919
69.4 0.398552677998 0.00489620247032 118.106528703
69.5 0.398470154176 0.004872712105 117.854460384
69.6 0.398328010651 0.00484936797082 117.58565163
69.7 0.398197210848 0.00482616894933 117.321107785
69.8 0.398172617275 0.00480311393221 117.08870091
69.9 0.3981204428 0.00478020182119 116.848980339
70.0 0.397970317257 0.00475743152792 116.581374587
70.1 0.397865344198 0.00473480197387 116.327884921
70.2 0.397695097097 0.00471231209026 116.056206471
70.3 0.397604476501 0.0046899608179 115.808648621
70.4 0.397423734963 0.00466774710715 115.535726953
70.5 0.397251359174 0.00464566991779 115.266163669
70.6 0.39711003853 0.00462372821889 115.006511543
70.7 0.397023448695 0.00460192098881 114.763558757
70.8 0.396977480397 0.00458024721499 114.533140613
70.9 0.39697436977 0.00455870589395 114.315830751
71.0 0.396912789038 0.00453729603112 114.082431615
71.1 0.396740274896 0.00451601664081 113.817984012
71.2 0.396548857872 0.00449486674608 113.549016232
71.3 0.396372254953 0.00447384537867 113.285191045
71.4 0.396254413432 0.0044529515789 113.039017112
71.5 0.396054020316 0.00443218439558 112.770159359
71.6 0.395974668028 0.00441154288595 112.536607144
71.7 0.395802384663 0.00439102611554 112.277465854
71.8 0.395757652137 0.00437063315814 112.055306958
71.9 0.395755824681 0.00435036309569 111.846002457
72.0 0.395712461955 0.00433021501821 111.625661686
72.1 0.395553174676 0.00431018802368 111.373401486
72.2 0.395298580335 0.00429028121802 111.09519457
72.3 0.395054825675 0.00427049371496 110.820962256
72.4 0.39495515248 0.00425082463599 110.587991178
72.5 0.394935397315 0.00423127311025 110.378120753
72.6 0.394848111976 0.00421183827449 110.150090421
72.7 0.394720407709 0.00419251927298 109.911550446
72.8 0.394705684478 0.00417331525741 109.70519578
72.9 0.394546392395 0.00415422538685 109.459397361
73.0 0.394394940872 0.00413524882767 109.21657846
73.1 0.3942874851 0.00411638475344 108.986717224
73.2 0.394212088761 0.00409763234488 108.766449881
73.3 0.394090427005 0.0040789907898 108.534153505
73.4 0.393952113553 0.004060459283 108.298035461
73.5 0.393877405107 0.00404203702621 108.080139794
73.6 0.393799774271 0.00402372322804 107.862145755
73.7 0.393663642672 0.0040055171039 107.628859211
73.8 0.393649862017 0.0039874178759 107.429719733
73.9 0.393530598517 0.00396942477285 107.202477604
74.0 0.393440913386 0.00395153703013 106.984011728
74.1 0.393260656355 0.00393375388967 106.74166309
74.2 0.3932295635 0.00391607459985 106.540515094
74.3 0.393208299483 0.00389849841547 106.342662498
74.4 0.393192393675 0.00388102459766 106.146881177
74.5 0.393165905386 0.00386365241383 105.948864885
74.6 0.393136828459 0.00384638113761 105.750776503
74.7 0.393122896742 0.00382921004877 105.557378695
74.8 0.393081090324 0.00381213843321 105.357116238
74.9 0.392927024348 0.00379516558282 105.127449382
75.0 0.392904644357 0.0037782907955 104.933687198
75.1 0.392878359722 0.00376151337505 104.739490357
75.2 0.392866684376 0.00374483263114 104.549788657
75.3 0.392854086314 0.00372824787925 104.360432621
75.4 0.392834938365 0.00371175844058 104.169928753
75.5 0.392798632569 0.00369536364206 103.975475719
75.6 0.392794623561 0.00367906281621 103.790162697
75.7 0.392754210176 0.00366285530118 103.595820558
75.8 0.392748159813 0.0036467404406 103.411130844
75.9 0.392726195296 0.00363071758362 103.222828292
76.0 0.392708927382 0.00361478608477 103.036340229
76.1 0.392687040083 0.00359894530398 102.849217625
76.2 0.392665439904 0.00358319460648 102.662747146
76.3 0.39264918942 0.00356753336278 102.478247158
76.4 0.392631657365 0.00355196094858 102.29398013
76.5 0.392530932929 0.00353647674478 102.088642142
76.6 0.392426972067 0.00352108013737 101.883102662
76.7 0.392356013952 0.00350577051742 101.686755383
76.8 0.392215561617 0.00349054728102 101.473034985
76.9 0.392197152514 0.00347540982923 101.291500552
77.0 0.392183215604 0.00346035756802 101.111672782
77.1 0.391996996879 0.00344538990826 100.88805218
77.2 0.391833948053 0.00343050626563 100.671083221
77.3 0.391799992858 0.00341570606062 100.487898958
77.4 0.391771053638 0.00340098871844 100.306556469
77.5 0.391616001 0.003386353669 100.09353119
77.6 0.391405845605 0.00337180034685 99.8671060453
77.7 0.391233188474 0.00335732819117 99.6509372844
77.8 0.391206668246 0.00334293664569 99.4725961778
77.9 0.391089683552 0.00332862515865 99.271830656
78.0 0.391013988003 0.0033143931828 99.0821428252
78.1 0.390835999256 0.00330024017529 98.8671551313
78.2 0.390805952039 0.00328616559768 98.6901898432
78.3 0.39078496979 0.00327216891589 98.5160418551
78.4 0.390743364859 0.00325824960015 98.3372257765
78.5 0.390418685357 0.00324440712494 98.0878281905
78.6 0.390131305186 0.00323064096901 97.8485632225
78.7 0.390026311706 0.00321695061527 97.6557070529
78.8 0.389998789149 0.00320333555081 97.4827991689
78.9 0.38999319864 0.00318979526681 97.3158796981
79.0 0.389963772955 0.00317632925855 97.1435175818
79.1 0.389772096223 0.00316293702533 96.9313186483
79.2 0.389601409629 0.00314961807048 96.7249781386
79.3 0.389544434529 0.00313637190126 96.5474475977
79.4 0.38940221757 0.00312319802888 96.3493548931
79.5 0.389258980008 0.00311009596844 96.1516080742
79.6 0.389239637952 0.00309706523889 95.9850097153
79.7 0.389092072766 0.00308410536302 95.7873362369
79.8 0.389048591899 0.00307121586737 95.615838387
79.9 0.389030009072 0.00305839628227 95.450956126
80.0 0.38888907619 0.00304564614174 95.2565888977
80.1 0.388814805956 0.0030329649835 95.0791054113
80.2 0.388806590921 0.00302035234891 94.9182732299
80.3 0.388709903637 0.00300780778294 94.7363480249
80.4 0.388666684824 0.00299533083415 94.5679717723
80.5 0.388640401105 0.00298292105466 94.4042029828
80.6 0.388566984805 0.0029705780001 94.2294823512
80.7 0.388492766281 0.00295830122957 94.0550815169
80.8 0.388475159471 0.00294609030565 93.8948763212
80.9 0.388453412106 0.00293394479433 93.7341370839
81.0 0.388437235116 0.00292186426499 93.5752062222
81.1 0.388431153458 0.00290984829038 93.4191634308
81.2 0.388397250694 0.00289789644658 93.2568907959
81.3 0.388375114373 0.00288600831296 93.0979090741
81.4 0.388326509929 0.00287418347217 92.9330522304
81.5 0.388224530534 0.00286242151011 92.7559209461
81.6 0.388047947313 0.00285072201588 92.561512322
81.7 0.388017977732 0.00283908458176 92.402592489
81.8 0.387637099538 0.0028275088032 92.1607016332
81.9 0.387341739542 0.00281599427878 91.9398380238
82.0 0.387337323526 0.00280454061016 91.7885795528
82.1 0.387315314465 0.00279314740208 91.633590262
82.2 0.387302902328 0.00278181426233 91.4813110465
82.3 0.38713825001 0.00277054080171 91.2935651829
82.4 0.386965758644 0.00275932663402 91.1045228183
82.5 0.386930928762 0.00274817137601 90.9483906988
82.6 0.386914239247 0.00273707464739 90.7969611592
82.7 0.386898454645 0.00272603607074 90.6461736232
82.8 0.38689645772 0.00271505527157 90.4990387354
82.9 0.386860038134 0.00270413187823 90.344280468
83.0 0.38685326615 0.00269326552191 90.1968743954
83.1 0.386823004939 0.00268245583659 90.0444161548
83.2 0.386658223747 0.00267170245907 89.8611264392
83.3 0.386395319915 0.00266100502889 89.6555996588
83.4 0.386327624379 0.00265036318831 89.4958958515
83.5 0.386183127517 0.00263977658235 89.3188827929
83.6 0.386086126837 0.00262924485866 89.1533463037
83.7 0.385970209451 0.0026187676676 88.9839204349
83.8 0.385769001757 0.00260834466216 88.7953464989
83.9 0.385375286959 0.00259797549794 88.5630771113
84.0 0.385294172164 0.00258765983313 88.40321526
84.1 0.385030278611 0.00257739732852 88.2019350637
84.2 0.384979035628 0.00256718764742 88.0498745783
84.3 0.384987646703 0.0025570304557 87.9119084939
84.4 0.384956222538 0.0025469254217 87.7651965199
84.5 0.384954146255 0.00253687221628 87.6255739667
84.6 0.384780186277 0.00252687051273 87.4472744762
84.7 0.384758535412 0.00251691998682 87.3040432008
84.8 0.384732364137 0.00250702031671 87.1601849647
84.9 0.384726847249 0.00249717118296 87.0213973405
85.0 0.384702586704 0.00248737226854 86.8787592658
85.1 0.384629155513 0.00247762325875 86.7254286134
85.2 0.384506547253 0.00246792384123 86.5614546888
85.3 0.384523597975 0.00245827370595 86.4293326335
85.4 0.384496350896 0.00244867254518 86.2876298086
85.5 0.384435250776 0.00243912005345 86.1387318526
85.6 0.384314505287 0.00242961592758 85.9769027254
85.7 0.384300786198 0.00242015986659 85.8394320684
85.8 0.384167392066 0.00241075157176 85.675647968
85.9 0.38411651637 0.00240139074655 85.5306959821
86.0 0.383860850486 0.00239207709661 85.3406134889
86.1 0.383766359313 0.00238281032974 85.1868468215
86.2 0.383741386808 0.00237359015591 85.0489132392
86.3 0.383727444639 0.00236441628721 84.9137966336
86.4 0.38371776801 0.00235528843782 84.7799895544
86.5 0.383357398785 0.00234620632404 84.5691819389
86.6 0.38290363101 0.00233716966424 84.3384030593
86.7 0.382876918352 0.00232817817882 84.2022039713
86.8 0.382671620703 0.00231923159024 84.0271605337
86.9 0.382528060443 0.002310329623 83.8661414024
87.0 0.382514354678 0.00230147200357 83.733993263
87.1 0.382502623727 0.00229265846043 83.6026328799
87.2 0.382486134561 0.00228388872401 83.4705875383
87.3 0.38244216978 0.00227516252674 83.3329106174
87.4 0.382292622301 0.00226647960293 83.172635097
87.5 0.382285040347 0.00225783968886 83.0436398751
87.6 0.382278967076 0.00224924252269 82.9153170312
87.7 0.382250978493 0.00224068784448 82.7825909079
87.8 0.382235148916 0.00223217539615 82.6528500076
87.9 0.38219041448 0.00222370492152 82.5172150162
88.0 0.382042778781 0.00221527616619 82.3597611726
88.1 0.38189351342 0.00220688887765 82.2023869537
88.2 0.381796995784 0.00219854280516 82.0567792357
88.3 0.381712447995 0.0021902376998 81.9141339845
88.4 0.381493633512 0.00218197331443 81.7431037406
88.5 0.381443512707 0.00217374940367 81.608635114
88.6 0.381422681969 0.00216556572389 81.4807827183
88.7 0.381336238729 0.00215742203322 81.3392740608
88.8 0.381148263859 0.0021493180915 81.1765211943
88.9 0.380775029123 0.00214125366027 80.9748149751
89.0 0.38056572173 0.00213322850279 80.8084772659
89.1 0.380562969201 0.00212524238399 80.6863867269
89.2 0.380378907162 0.00211729507047 80.5262333992
89.3 0.380175370933 0.00210938633048 80.3623979854
89.4 0.380031564624 0.00210151593392 80.2116146159
89.5 0.379867751718 0.00209368365231 80.0570205421
89.6 0.379626386405 0.00208588925879 79.8865235196
89.7 0.379571490236 0.00207813252811 79.7556713865
89.8 0.379546792598 0.00207041323658 79.6315003859
89.9 0.379424638765 0.00206273116211 79.4872379855
90.0 0.379227336593 0.00205508608417 79.327640561
90.1 0.379134405455 0.00204747778377 79.1902732298
90.2 0.378869946364 0.00203990604346 79.0174954681
90.3 0.378477388617 0.00203237064733 78.8185093696
90.4 0.378246998658 0.00202487138097 78.6537906354
90.5 0.378035988035 0.00201740803145 78.4935395494
90.6 0.377833594694 0.00200998038737 78.3355053225
90.7 0.377707291978 0.00200258823877 78.1936468828
90.8 0.377521188229 0.00199523137718 78.0398018949
90.9 0.377176630807 0.00198790959555 77.8536605678
91.0 0.376945757261 0.00198062268831 77.6914555001
91.1 0.376934728421 0.0019733704513 77.5749298203
91.2 0.376919998421 0.00196615268177 77.4579433141
91.3 0.376900036395 0.00195896917837 77.3401840971
91.4 0.376456852242 0.00195181974119 77.1360096172
91.5 0.376286435526 0.00194470417164 76.9881991418
91.6 0.37624207241 0.00193762227255 76.8665319733
91.7 0.375863684405 0.0019305738481 76.6770367491
91.8 0.375626344124 0.0019235587038 76.5167851059
91.9 0.375617918127 0.00191657664653 76.4035222057
92.0 0.375600985931 0.00190962748448 76.2888202617
92.1 0.375481500222 0.00190271102717 76.1536114775
92.2 0.375394910729 0.00189582708542 76.0254168994
92.3 0.375134858754 0.00188897547134 75.8624748869
92.4 0.374937187531 0.00188215599836 75.7125615856
92.5 0.37476281565 0.00187536848114 75.5677402385
92.6 0.374745046436 0.00186861273564 75.4548296061
92.7 0.374728588646 0.00186188857908 75.342468924
92.8 0.374575164118 0.00185519582991 75.2028941188
92.9 0.374563301259 0.00184853430783 75.0920622232
93.0 0.374553486101 0.00184190383374 74.9819199429
93.1 0.374530936012 0.00183530422981 74.869509425
93.2 0.374465771134 0.00182873531936 74.7488761935
93.3 0.374186734307 0.00182219692696 74.5859195161
93.4 0.374115267552 0.00181568887833 74.4647064649
93.5 0.373920876231 0.00180921100039 74.3193697763
93.6 0.37373075144 0.00180276312124 74.1752571841
93.7 0.373566368565 0.00179634507011 74.0366198693
93.8 0.373297159323 0.00178995667742 73.877594429
93.9 0.372891245596 0.0017835977747 73.6919685177
94.0 0.372654355687 0.00177726819464 73.5401890452
94.1 0.372512967873 0.00177096777104 73.4076235237
94.2 0.372461302809 0.00176469633883 73.2930529711
94.3 0.372320840067 0.00175845373404 73.1613215231
94.4 0.3721994718 0.0017522397938 73.0336732462
94.5 0.37196020969 0.00174605435633 72.8832490086
94.6 0.371841107528 0.00173989726094 72.7567248728
94.7 0.371808525833 0.00173376834801 72.6474268602
94.8 0.371725593233 0.00172766745899 72.5285767414
94.9 0.371634153582 0.00172159443638 72.4083679264
95.0 0.371531132922 0.00171554912373 72.286208291
95.1 0.37144020812 0.00170953136565 72.1667064398
95.2 0.371388498257 0.00170354100775 72.0551128824
95.3 0.371275013622 0.00169757789671 71.9318284498
95.4 0.371105013244 0.00169164188018 71.7979200576
95.5 0.371100296734 0.00168573280686 71.6962841377
95.6 0.370812472436 0.00167985052642 71.5402777233
95.7 0.370764014772 0.00167399488955 71.4307884075
95.8 0.37058912678 0.00166816574792 71.297245999
95.9 0.370302920062 0.00166236295417 71.1426547373
96.0 0.370205081113 0.00165658636192 71.0245984359
96.1 0.369776696604 0.00165083582576 70.8435087577
96.2 0.369669203191 0.00164511120122 70.7242806547
96.3 0.369620812604 0.00163941234479 70.6166411615
96.4 0.36948304687 0.00163373911391 70.4922146329
96.5 0.369487470945 0.00162809136694 70.3951891986
96.6 0.369378346174 0.00162246896319 70.2767950006
96.7 0.368930540938 0.00161687176287 70.0943475132
96.8 0.368864805163 0.00161129962711 69.9848610524
96.9 0.368845706985 0.00160575241795 69.88447965
97.0 0.368802358116 0.00160022999834 69.7797532456
97.1 0.368663796784 0.00159473223211 69.6572920996
97.2 0.368473676423 0.00158925898397 69.5254064635
97.3 0.36820964057 0.00158381011954 69.3799229502
97.4 0.367965221153 0.00157838550528 69.2384974026
97.5 0.367710315408 0.00157298500855 69.0954567947
97.6 0.367672841091 0.00156760849754 68.993576626
97.7 0.367660970233 0.00156225584131 68.8967407578
97.8 0.367659664387 0.00155692690977 68.802114403
97.9 0.367518583027 0.00155162157366 68.6815931273
98.0 0.367330918186 0.00154633970458 68.5526751384
98.1 0.367027119148 0.00154108117492 68.4024329431
98.2 0.367003262773 0.00153584585792 68.3046697165
98.3 0.36683213341 0.00153063362764 68.1797684101
98.4 0.366698912639 0.00152544435894 68.0622111954
98.5 0.366667566086 0.00152027792747 67.9638246788
98.6 0.366049573532 0.00151513420971 67.7570833487
98.7 0.365927226759 0.00151001308292 67.6424927466
98.8 0.365916095064 0.00150491442512 67.5487117641
98.9 0.365900916796 0.00149983811516 67.454407346
99.0 0.365824642462 0.00149478403263 67.3490788387
99.1 0.365611030552 0.0014897520579 67.2187538615
99.2 0.365450895634 0.0014847420721 67.0985683463
99.3 0.365424885193 0.00147975395712 67.0032687475
99.4 0.36544108955 0.00147478759561 66.9159250411
99.5 0.365321490625 0.00146984287095 66.8039522389
99.6 0.365239138878 0.00146491966728 66.6990519108
99.7 0.364895696483 0.00146001786947 66.5467872293
99.8 0.364507153609 0.0014551373631 66.3866868086
99.9 0.364316340649 0.00145027803452 66.2629491238
100.0 0.364287196888 0.00144543977075 66.1688782173
100.1 0.364277759766 0.00144062245955 66.0786036864
100.2 0.364159131698 0.0014358259894 65.9687601817
100.3 0.363718248283 0.00143105024946 65.8008804249
100.4 0.363557888064 0.00142629512961 65.6841010824
100.5 0.363517062198 0.0014215605204 65.5891709114
100.6 0.363353460274 0.0014168463131 65.4723410938
100.7 0.363013463113 0.00141215239963 65.3240504486
100.8 0.362872656183 0.00140747867262 65.2119211429
100.9 0.362731362362 0.00140282502535 65.0999729779
101.0 0.362312507894 0.00139819135179 64.9385444985
101.1 0.362105491719 0.00139357754655 64.8154330381
101.2 0.362068567918 0.00138898350491 64.7230241889
101.3 0.361791373803 0.00138440912282 64.587937299
101.4 0.361588841609 0.00137985429687 64.4664899149
101.5 0.361447263525 0.00137531892427 64.3561875287
101.6 0.361014840704 0.00137080290292 64.1944305556
101.7 0.360575493474 0.00136630613131 64.0318417537
101.8 0.360216666635 0.00136182850858 63.8839328546
101.9 0.359877693129 0.0013573699345 63.7399011142
102.0 0.359578237391 0.00135293030947 63.6032097674
102.1 0.359390063464 0.00134850953448 63.4865072936
102.2 0.359347755227 0.00134410751117 63.3958165347
102.3 0.359093456752 0.00133972414175 63.2679855144
102.4 0.358867598426 0.00133535932906 63.1454656925
102.5 0.358582459441 0.00133101297653 63.0128214628
102.6 0.358494068647 0.00132668498821 62.9150252388
102.7 0.358023597453 0.0013223752687 62.7504900343
102.8 0.357699029671 0.00131808372322 62.6118955997
102.9 0.357635927525 0.00131381025756 62.5193425962
103.0 0.357578844842 0.00130955477809 62.4280543752
103.1 0.357246378661 0.00130531719176 62.2889611297
103.2 0.356912829071 0.0013010974061 62.1500136566
103.3 0.35665648045 0.00129689532917 62.0248257343
103.4 0.356403842256 0.00129271086964 61.9005801601
103.5 0.355945282093 0.00128854393671 61.7409114149
103.6 0.35570979783 0.00128439444014 61.6202732071
103.7 0.35502260238 0.00128026229024 61.4217708736
103.8 0.35478617722 0.00127614739789 61.301641126
103.9 0.35469962975 0.00127204967447 61.2076584378
104.0 0.354397413168 0.00126796903193 61.0767237201
104.1 0.35411150198 0.00126390538275 60.9489067319
104.2 0.353584100246 0.00125985863995 60.7798813997
104.3 0.353539529176 0.00125582871706 60.6941550714
104.4 0.353521761927 0.00125181552814 60.6132190088
104.5 0.352890229482 0.00124781898778 60.4273666969
104.6 0.352489580727 0.00124383901109 60.2814500971
104.7 0.352326857835 0.00123987551367 60.1765189323
104.8 0.352293603077 0.00123592841164 60.0939155915
104.9 0.35229590708 0.00123199762166 60.0175561555
105.0 0.352165665975 0.00122808306083 59.9188150051
105.1 0.351453699487 0.00122418464681 59.7214500175
105.2 0.351363747158 0.00122030229772 59.6301254076
105.3 0.351095966372 0.00121643593217 59.508867675
105.4 0.350585580272 0.00121258546929 59.3468257247
105.5 0.350289005786 0.00120875082866 59.2213188486
105.6 0.350113845027 0.00120493193037 59.1166068482
105.7 0.34986506101 0.00120112869498 58.9997206296
105.8 0.349741615085 0.0011973410435 58.9042160734
105.9 0.349422549907 0.00119356889746 58.7760242647
106.0 0.348671311287 0.00118981217882 58.5755290249
106.1 0.348228423022 0.00118607081003 58.4272526759
106.2 0.34792021555 0.00118234471398 58.3018955827
106.3 0.347294823885 0.00117863381404 58.1237465233
106.4 0.346935995377 0.00117493803403 57.9905788423
106.5 0.346649502853 0.00117125729821 57.8697986497
106.6 0.346342800386 0.00116759153131 57.745929179
106.7 0.346235021082 0.00116394065849 57.6554725355
106.8 0.345735404681 0.00116030460537 57.5000524334
106.9 0.345155681002 0.00115668329799 57.331692781
107.0 0.344373455699 0.00115307666285 57.1301376668
107.1 0.344169377796 0.00114948462688 57.0248563334
107.2 0.343915015579 0.00114590711742 56.911494386
107.3 0.343637801943 0.00114234406226 56.7946161945
107.4 0.343301857435 0.00113879538961 56.6683125003
107.5 0.342921981888 0.00113526102811 56.5350586379
107.6 0.342585681449 0.0011317409068 56.4092892728
107.7 0.342310043859 0.00112823495517 56.2937867673
107.8 0.341894288683 0.00112474310309 56.1555351697
107.9 0.341741662848 0.00112126528087 56.0607697287
108.0 0.341397642908 0.00111780141919 55.9348593002
108.1 0.341099980032 0.00111435144919 55.8168248722
108.2 0.341090800748 0.00111091530237 55.7462093209
108.3 0.340697028825 0.00110749291065 55.6129686161
108.4 0.340252770296 0.00110408420634 55.4718047564
108.5 0.339814021869 0.00110068912214 55.3318651964
108.6 0.339228378414 0.00109730759116 55.1683600932
108.7 0.338808857584 0.0010939395469 55.0322197518
108.8 0.338284079583 0.00109058492321 54.8793177452
108.9 0.337966887658 0.00108724365438 54.7604057579
109.0 0.337552080439 0.00108391567504 54.6259679799
109.1 0.337164700794 0.00108060092021 54.4962725654
109.2 0.337068954115 0.00107729932529 54.4139536172
109.3 0.33683815948 0.00107401082606 54.3100412518
109.4 0.33671234693 0.00107073535867 54.2232687157
109.5 0.336621518787 0.00106747285963 54.1423147758
109.6 0.336371776539 0.00106422326582 54.0360096288
109.7 0.336253157152 0.00106098651449 53.9509819742
109.8 0.336100334028 0.00105776254324 53.8606601826
109.9 0.335749955913 0.00105455129005 53.7389183163
110.0 0.335623999675 0.00105135269325 53.653329119
110.1 0.335237586635 0.0010481666915 53.5263416905
110.2 0.334810105816 0.00104499322385 53.3930937072
110.3 0.334311255321 0.00104183222967 53.2487816802
110.4 0.334138261518 0.0010386836487 53.1566391104
110.5 0.333873223333 0.00103554742101 53.0500749068
110.6 0.333259197666 0.00103242348702 52.8883646244
110.7 0.332583000768 0.00102931178749 52.7171713836
110.8 0.331881571549 0.00102621226352 52.5423778211
110.9 0.331425284183 0.00102312485654 52.4067502077
111.0 0.330969468916 0.00102004950833 52.2715051258
111.1 0.330778136765 0.00101698616098 52.178287524
111.2 0.33058045339 0.00101393475692 52.0842746173
111.3 0.330424427217 0.00101089523892 51.9970242071
111.4 0.329746882167 0.00100786755005 51.8279947595
111.5 0.32896358349 0.00100485163372 51.6427505982
111.6 0.328448695693 0.00100184743366 51.5000184739
111.7 0.327954726539 0.000998854893923 51.3608859458
111.8 0.327281372547 0.000995873958866 51.1940083677
111.9 0.327047429087 0.000992904573169 51.0961628819
112.0 0.326806148921 0.000989946681825 50.9973880091
112.1 0.326099420187 0.000987000230136 50.8262852807
112.2 0.325782668892 0.000984065163713 50.716282534
112.3 0.325530565785 0.000981141428475 50.6165760054
112.4 0.325157161564 0.000978228970645 50.4982503111
112.5 0.324844855517 0.000975327736747 50.3896657189
112.6 0.324222370629 0.000972437673609 50.2332639386
112.7 0.323094688121 0.000969558728355 49.999036399
112.8 0.322617329623 0.000966690848408 49.865865651
112.9 0.322096052893 0.000963833981484 49.7262128557
113.0 0.321096493333 0.000960988075594 49.5131221434
113.1 0.320170167551 0.000958153079038 49.3117978514
113.2 0.319581724992 0.000955328940408 49.1629108319
113.3 0.318767164058 0.000952515608581 48.9796145995
113.4 0.318187736848 0.00094971303272 48.8328204391
113.5 0.317605149744 0.000946921162272 48.6858711275
113.6 0.317194801188 0.000944139946966 48.5656225944
113.7 0.316843518736 0.000941369336812 48.4546732272
113.8 0.31653071328 0.000938609282095 48.3498453467
113.9 0.31583916474 0.00093585973338 48.1874623669
114.0 0.315450384483 0.000933120641505 48.0715830666
114.1 0.314687188168 0.000930391957581 47.89896865
114.2 0.314006985366 0.000927673632989 47.7393601902
114.3 0.313517129094 0.000924965619383 47.60901419
114.4 0.313331285842 0.00092226786868 47.5250685763
114.5 0.31296855384 0.000919580333067 47.4145043482
114.6 0.312513883373 0.000916902964992 47.2902698221
114.7 0.311919026146 0.000914235717168 47.1451205201
114.8 0.311683294203 0.000911578542567 47.0545104399
114.9 0.311493928601 0.000908931394423 46.9710871112
115.0 0.311297699224 0.000906294226223 46.8868081437
115.1 0.310974888944 0.000903666991716 46.7836661438
115.2 0.310169994686 0.000901049644899 46.6083066505
115.3 0.309799694342 0.000898442140026 46.4985678823
115.4 0.309589854049 0.0008958444316 46.4131238411
115.5 0.309245502413 0.000893256474376 46.307719848
115.6 0.308806164728 0.000890678223353 46.1883372237
115.7 0.308141718575 0.000888109633779 46.03558469
115.8 0.307832679149 0.000885550661147 45.9362053465
115.9 0.307337597927 0.000883001261192 45.8093102272
116.0 0.306794022844 0.000880461389891 45.6754729116
116.1 0.306544112017 0.000877931003462 45.5855992624
116.2 0.306075993766 0.000875410058359 45.4635056421
116.3 0.305351107458 0.000872898511277 45.3035824358
116.4 0.304986636564 0.000870396319144 45.1974237661
116.5 0.30400038303 0.000867903439123 44.999455092
116.6 0.303324380986 0.000865419828609 44.8477982198
116.7 0.3025231074 0.00086294544523 44.6779738475
116.8 0.302023588405 0.000860480246841 44.5530374542
116.9 0.3014786132 0.000858024191528 44.4216747477
117.0 0.300895759065 0.000855577237603 44.2850231417
117.1 0.300580649828 0.000853139343602 44.188030352
117.2 0.300242866445 0.000850710468287 44.0879151348
117.3 0.299449029166 0.000848290570642 43.9211231344
117.4 0.298830427731 0.000845879609873 43.7803703041
117.5 0.298415119718 0.000843477545405 43.6696736521
117.6 0.297603512549 0.00084108433688 43.5012869785
117.7 0.297168005038 0.000838699944161 43.3881819344
117.8 0.296692654091 0.000836324327324 43.2695091349
117.9 0.296215039762 0.000833957446659 43.1507621087
118.0 0.295405286242 0.000831599262672 42.9839415422
118.1 0.294763612112 0.000829249736079 42.8419145904
118.2 0.294206389732 0.000826908827806 42.7124561735
118.3 0.293508089113 0.000824576498988 42.5628187009
118.4 0.292893588342 0.000822252710971 42.4256444072
118.5 0.292322850136 0.000819937425303 42.2950983274
118.6 0.291848870204 0.000817630603741 42.1788172273
118.7 0.291691057272 0.000815332208244 42.1084267101
118.8 0.291276175367 0.000813042200976 42.001112799
118.9 0.29095308973 0.000810760544299 41.9072489793
119.0 0.290514203578 0.00080848720078 41.7969225229
119.1 0.289615162529 0.00080622213318 41.6207017913
119.2 0.289013379277 0.000803965304462 41.487534806
119.3 0.288057525298 0.000801716677783 41.3038842382
119.4 0.287600225391 0.000799476216497 41.1920388275
119.5 0.286950553358 0.000797243884151 41.0529090913
119.6 0.286429609322 0.000795019644487 40.9324739329
119.7 0.285838470392 0.000792803461437 40.8022752863
119.8 0.28521104244 0.000790595299125 40.6671805433
119.9 0.284828497516 0.000788395121862 40.5672527241
120.0 0.284236875406 0.00078620289415 40.4377901945
120.1 0.283689975351 0.000784018580678 40.3149591116
120.2 0.283148211688 0.00078184214632 40.1931182128
120.3 0.282759783654 0.000779673556136 40.093277885
120.4 0.282253436107 0.000777512775368 39.9769456006
120.5 0.281344293664 0.000775359769443 39.8038730291
120.6 0.280638454278 0.000773214503967 39.6599033234
120.7 0.279912681025 0.00077107694473 39.5134268529
120.8 0.279217346568 0.000768947057698 39.3715549904
120.9 0.278918137748 0.000766824809017 39.2857797727
121.0 0.278484886455 0.000764710165009 39.1813231974
121.1 0.277458273701 0.000762603092174 38.9936951475
121.2 0.276306358595 0.000760503557187 38.788879373
121.3 0.274927295008 0.000758411526894 38.5526512758
121.4 0.274299968439 0.000756326968317 38.4222312398
121.5 0.273516253986 0.000754249848648 38.2702052496
121.6 0.272658498224 0.000752180135253 38.1081540305
121.7 0.272007880178 0.000750117795664 37.9753666021
121.8 0.270872923904 0.000748062797584 37.7753149042
121.9 0.269814055618 0.000746015108884 37.5862907066
122.0 0.268772750336 0.0007439746976 37.4001140325
122.1 0.268171023914 0.000741941531935 37.2754353615
122.2 0.267306908119 0.000739915580258 37.1145868665
122.3 0.266493984434 0.0007378968111 36.9611794853
122.4 0.26586902684 0.000735885193155 36.8341379335
122.5 0.265101996477 0.00073388069528 36.6877014742
122.6 0.264625086353 0.000731883286491 36.5816800265
122.7 0.263891235645 0.000729892935967 36.4403984173
122.8 0.263037958975 0.000727909613043 36.2829406585
122.9 0.26217687728 0.000725933287213 36.1247397762
123.0 0.261430189206 0.000723963928128 35.9826174726
123.1 0.261014027724 0.000722001505597 35.8862370374
123.2 0.260105540866 0.000720045989582 35.7224403187
123.3 0.259699681786 0.000718097350199 35.6279438233
123.4 0.258878233622 0.000716155557719 35.4766894789
123.5 0.258097180081 0.000714220582565 35.3312823454
123.6 0.257397584363 0.000712292395311 35.1973186544
123.7 0.257120221976 0.000710370966682 35.1213095519
123.8 0.256778235517 0.000708456267553 35.0366367364
123.9 0.255990153984 0.000706548268949 34.8913340745
124.0 0.25555943561 0.000704646942039 34.7949908198
124.1 0.254566485763 0.000702752258144 34.6223788346
124.2 0.254068692875 0.000700864188729 34.5174002788
124.3 0.253576114668 0.000698982705404 34.4133455141
124.4 0.252739394835 0.000697107779923 34.2628508415
124.5 0.252158464976 0.000695239384187 34.1473090486
124.6 0.251648680967 0.000693377490237 34.0416298925
124.7 0.251053447323 0.000691522070256 33.924621086
124.8 0.250430964354 0.000689673096569 33.804175328
124.9 0.2498894121 0.000687830541642 33.6948906979
125.0 0.248921918856 0.000685994378079 33.5284584943
125.1 0.247981721091 0.000684164578623 33.3660455916
125.2 0.246951073958 0.000682341116156 33.1918135713
125.3 0.245968238209 0.000680523963697 33.0243637581
125.4 0.245410344596 0.000678713094399 32.9142550691
125.5 0.244395357668 0.000676908481554 32.7431323516
125.6 0.243417647237 0.000675110098586 32.5773540399
125.7 0.242857165319 0.000673317919053 32.4676991777
125.8 0.242062652685 0.000671531916649 32.3270141415
125.9 0.241302971069 0.000669752065197 32.191265867
126.0 0.240482238231 0.000667978338652 32.0476610671
126.1 0.239758930416 0.000666210711103 31.9173216688
126.2 0.238719897429 0.000664449156764 31.7452643311
126.3 0.237893274798 0.000662693649984 31.601779542
126.4 0.237117194781 0.000660944165235 31.4652968507
126.5 0.236370614724 0.000659200677122 31.333004747
126.6 0.235544123888 0.000657463160372 31.1904020398
126.7 0.23495144466 0.000655731589842 31.0790202774
126.8 0.234116322012 0.000654005940514 30.935828892
126.9 0.233751773643 0.000652286187494 30.8550465017
127.0 0.232839644285 0.000650572306012 30.7022218184
127.1 0.231992770622 0.000648864271422 30.5583061694
127.2 0.230875729031 0.0006471620592 30.3791357591
127.3 0.230426118314 0.000645465644947 30.2880634928
127.4 0.22974179899 0.000643775004381 30.1663557246
127.5 0.229147781097 0.000642090113343 30.0567398667
127.6 0.22816539606 0.000640410947794 29.8964581047
127.7 0.22730437722 0.000638737483813 29.7523901739
127.8 0.225759447472 0.000637069697599 29.5191911583
127.9 0.224647245307 0.000635407565469 29.3429944803
128.0 0.223663931305 0.000633751063855 29.1839759563
128.1 0.222450439652 0.000632100169307 28.9952794402
128.2 0.221657099069 0.000630454858492 28.8616765575
128.3 0.22120760826 0.00062881510819 28.7730701527
128.4 0.2203453285 0.000627180895296 28.6310041402
128.5 0.219555375594 0.000625552196822 28.498614572
128.6 0.218452267713 0.000623928989888 28.3258873405
128.7 0.217731279027 0.000622311251731 28.2030082825
128.8 0.217285275841 0.000620698959697 28.1159592551
128.9 0.216324656521 0.000619092091246 27.9625631294
129.0 0.215356981598 0.000617490623946 27.8085668692
129.1 0.215034771276 0.000615894535477 27.7381435069
129.2 0.214515542058 0.000614303803627 27.642470758
129.3 0.213972434557 0.000612718406294 27.5439149538
129.4 0.213371245283 0.000611138321484 27.4380867967
129.5 0.212766896863 0.000609563527311 27.3320643109
129.6 0.211788067559 0.000607994001993 27.1781974616
129.7 0.210810010112 0.000606429723859 27.0247400485
129.8 0.209700769817 0.00060487067134 26.8547924908
129.9 0.209113921062 0.000603316822975 26.7520179445
130.0 0.208435047187 0.000601768157404 26.6376873281
130.1 0.207623143642 0.000600224653375 26.5066015076
130.2 0.206378509113 0.000598686289737 26.3205897431
130.3 0.205580852049 0.000597153045443 26.1919002848
130.4 0.204871352749 0.000595624899547 26.0746883654
130.5 0.203825585512 0.000594101831204 25.9149560675
130.6 0.203241953312 0.000592583819674 25.8142414045
130.7 0.202298366242 0.000591070844313 25.6680544619
130.8 0.201418120552 0.00058956288458 25.5301887881
130.9 0.200569270356 0.000588059920032 25.3965738851
131.0 0.200173926521 0.000586561930324 25.3205908734
131.1 0.199508580893 0.000585068895212 25.210638014
131.2 0.198847838364 0.000583580794547 25.1014840897
131.3 0.198061813964 0.00058209760828 24.9767474946
131.4 0.197593722729 0.000580619316455 24.8923109905
131.5 0.196944849896 0.000579145899215 24.7852888019
131.6 0.196388857368 0.000577677336798 24.6901549634
131.7 0.195718174921 0.000576213609537 24.5808039426
131.8 0.194875128895 0.000574754697859 24.4500431395
131.9 0.19386180127 0.000573300582285 24.2981988373
132.0 0.192628298082 0.00057185124343 24.1190880938
132.1 0.191369481242 0.000570406662001 23.9371680096
132.2 0.190481066398 0.0005689668188 23.8018946103
132.3 0.189220859337 0.000567531694717 23.6204780677
132.4 0.188097917437 0.000566101270737 23.4565400046
132.5 0.187285937408 0.000564675527934 23.3316662936
132.6 0.18684721444 0.000563254447472 23.2534914049
132.7 0.185905190881 0.000561838010607 23.112894864
132.8 0.184983571723 0.000560426198683 22.9751102537
132.9 0.184183485981 0.000559018993133 22.8526768247
133.0 0.183436545656 0.000557616375477 22.7370715584
133.1 0.18194824508 0.000556218327327 22.5298936034
133.2 0.180201550406 0.000554824830378 22.2911629168
133.3 0.179297257325 0.000553435866414 22.1570077756
133.4 0.178135987936 0.000552051417306 21.9913919545
133.5 0.17722570171 0.000550671465011 21.8570563818
133.6 0.176811505683 0.000549295991569 21.7841055506
133.7 0.176074869354 0.000547924979109 21.6716088291
133.8 0.175449010242 0.000546558409842 21.5729528662
133.9 0.174969293206 0.000545196266064 21.4924402625
134.0 0.174381208278 0.000543838530153 21.3987850728
134.1 0.173478033064 0.000542485184574 21.2666846413
134.2 0.172704122541 0.000541136211871 21.1506733145
134.3 0.171535159475 0.000539791594672 20.9865551863
134.4 0.170229244032 0.000538451315688 20.8060201351
134.5 0.169044540457 0.000537115357708 20.6406396632
134.6 0.168083645782 0.000535783703605 20.5028834648
134.7 0.167059022617 0.000534456336333 20.3576302429
134.8 0.166081241903 0.000533133238923 20.2183631202
134.9 0.165040419551 0.000531814394489 20.0717006122
135.0 0.163793636373 0.000530499786221 19.9003007097
135.1 0.162057518432 0.00052918939739 19.6698424183
135.2 0.161008406846 0.000527883211346 19.5231391644
135.3 0.160134879976 0.000526581211515 19.3979910756
135.4 0.159274951979 0.000525283381402 19.2747314838
135.5 0.158071127025 0.000523989704587 19.1101351383
135.6 0.157307210488 0.00052270016473 18.9989898128
135.7 0.156409493282 0.000521414745564 18.871915235
135.8 0.155579494825 0.0005201334309 18.7532493964
135.9 0.154913545333 0.000518856204625 18.6545675322
136.0 0.153821923056 0.000517583050698 18.5048667996
136.1 0.152564370814 0.000516313953155 18.3355144013
136.2 0.151235710007 0.000515048896106 18.1579530745
136.3 0.149814490757 0.000513787863735 17.9696343296
136.4 0.149264986526 0.000512530840298 17.8861370391
136.5 0.148203637928 0.000511277810127 17.7415261418
136.6 0.147211369678 0.000510028757623 17.6054560861
136.7 0.146560229099 0.000508783667262 17.510404946
136.8 0.145631848529 0.000507542523591 17.3824446696
136.9 0.144623439901 0.000506305311227 17.245187897
137.0 0.14349966969 0.000505072014862 17.0944528794
137.1 0.142348998358 0.000503842619255 16.940806822
137.2 0.141456227433 0.000502617109236 16.8181192004
137.3 0.139977194899 0.000501395469707 16.6260326971
137.4 0.139091512464 0.000500177685638 16.5047242107
137.5 0.138197278212 0.000498963742068 16.3826343504
137.6 0.137254033141 0.000497753624106 16.2549739348
137.7 0.136110136013 0.000496547316928 16.1038179404
137.8 0.134230686982 0.000495344805781 15.8660100613
137.9 0.133083587556 0.000494146075975 15.7151397365
138.0 0.132246495862 0.000492951112893 15.6011302108
138.1 0.131250881526 0.00049175990198 15.4686553655
138.2 0.130131157051 0.000490572428752 15.3218207651
138.3 0.128383561212 0.000489388678788 15.1014121661
138.4 0.127210333273 0.000488208637735 14.9489226134
138.5 0.126409654694 0.000487032291305 14.8404617073
138.6 0.124977629226 0.000485859625275 14.6581586359
138.7 0.123552711777 0.000484690625488 14.4770371237
138.8 0.122253501998 0.00048352527785 14.3109771379
138.9 0.120901912466 0.000482363568332 14.1391084447
139.0 0.119662638073 0.000481205482971 13.9806899581
139.1 0.118425649502 0.000480051007863 13.8228401287
139.2 0.116826879801 0.000478900129172 13.6231038256
139.3 0.115539650798 0.000477752833122 13.4600421112
139.4 0.113916159326 0.000476609106 13.2581546796
139.5 0.111955161595 0.000475468934157 13.0174088984
139.6 0.110360367912 0.000474332304004 12.8196610647
139.7 0.108792733014 0.000473199202015 12.6254412915
139.8 0.107736534584 0.000472069614723 12.4908863359
139.9 0.106459459248 0.000470943528725 12.3310024057
140.0 0.104896346895 0.000469820930677 12.1383221654
140.1 0.103254508114 0.000468701807295 11.9369063008
140.2 0.101673851314 0.000467586145357 11.742938876
140.3 0.1001058908 0.000466473931697 11.5508041289
140.4 0.0988412306836 0.000465365153212 11.3939965545
140.5 0.0976438351043 0.000464259796857 11.2452319583
140.6 0.0964442302335 0.000463157849646 11.0964940709
140.7 0.0954475109644 0.000462059298649 10.9713578613
140.8 0.0943471388833 0.000460964130998 10.8345540661
140.9 0.0935708207803 0.00045987233388 10.7351859694
141.0 0.0918790909173 0.000458783894541 10.5310807427
141.1 0.0900968686128 0.000457698800285 10.3169983857
141.2 0.0891862706062 0.000456617038469 10.2030349513
141.3 0.0881361597295 0.000455538596512 10.0733399522
141.4 0.086862877135 0.000454463461886 9.91840563224
141.5 0.0859122284024 0.00045339162212 9.800567374
141.6 0.0848150077867 0.000452323064799 9.66624527331
141.7 0.0839329021694 0.000451257777563 9.55666813105
141.8 0.0825983819942 0.000450195748107 9.39583225737
141.9 0.0815028207548 0.000449136964182 9.26245463068
142.0 0.0795938861568 0.000448081413592 9.03697731539
142.1 0.0783724844048 0.000447029084198 8.88991101199
142.2 0.0773047117008 0.000445979963913 8.76052976857
142.3 0.0757812850566 0.000444934040703 8.57980195813
142.4 0.0742252263253 0.000443891302591 8.39572120973
142.5 0.0721150304639 0.000442851737649 8.14936438748
142.6 0.0707258330032 0.000441815334005 7.98486855122
142.7 0.0688948840564 0.000440782079839 7.77085335944
142.8 0.0677326689987 0.000439751963382 7.63259564713
142.9 0.066317399594 0.00043872497292 7.46610624831
143.0 0.065104391211 0.000437701096788 7.3226766287
143.1 0.0636223325558 0.000436680323375 7.14928058825
143.2 0.0625468966962 0.000435662641119 7.02185709521
143.3 0.0609867798831 0.000434648038512 6.84030823259
143.4 0.0588446381861 0.000433636504093 6.59387785659
143.5 0.0573816226061 0.000432628026456 6.42393505162
143.6 0.0553199589099 0.000431622594241 6.18735113891
143.7 0.05303711291 0.000430620196142 5.92649155412
143.8 0.0519884238449 0.0004296208209 5.80389581223
143.9 0.0508784681858 0.000428624457307 5.67469373571
144.0 0.0495348689887 0.000427631094204 5.51969579545
144.1 0.0487351340302 0.000426640720481 5.42553156537
144.2 0.0471071685458 0.000425653325076 5.23942244402
144.3 0.0449193837667 0.000424668896976 4.99145051681
144.4 0.0433885140467 0.000423687425218 4.81686641083
144.5 0.0421037573661 0.000422708898885 4.66990239144
144.6 0.0402480267571 0.000421733307109 4.4599392642
144.7 0.0387751477679 0.000420760639068 4.29274898159
144.8 0.0372917969278 0.000419790883989 4.12470888064
144.9 0.035651782472 0.000418824031146 3.9396666448
145.0 0.0339672465332 0.000417860069859 3.75005022524
145.1 0.0322593693924 0.000416898989495 3.55820859896
145.2 0.0306199425803 0.000415940779467 3.37426331302
145.3 0.0297150400692 0.000414985429235 3.27152513323
145.4 0.0287571822163 0.000414032928304 3.16315073886
145.5 0.0277968041033 0.000413083266226 3.05469827309
145.6 0.0269074850158 0.000412136432598 2.95424649302
145.7 0.026234742617 0.00041119241706 2.87773548754
145.8 0.0252611067435 0.000410251209301 2.76838926113
145.9 0.0240767180837 0.000409312799051 2.63616785787
146.0 0.0230770399862 0.000408377176087 2.52439400334
146.1 0.0217437834279 0.000407444330229 2.37636796094
146.2 0.020920872594 0.000406514251343 2.28433702725
146.3 0.0201941199198 0.000405586929336 2.20296398887
146.4 0.0190728290819 0.000404662354161 2.07873887583
146.5 0.0180320402468 0.000403740515813 1.96350637192
146.6 0.0172029906162 0.000402821404332 1.87151924023
146.7 0.0164073329012 0.000401905009799 1.78332912069
146.8 0.0153551375283 0.000400991322339 1.66744170693
146.9 0.0140883369243 0.000400080332119 1.52848220512
147.0 0.0133517814651 0.000399172029349 1.44725097522
147.1 0.0127556926649 0.00039826640428 1.38137925415
147.2 0.0123722490793 0.000397363447207 1.33863462212
147.3 0.011448094046 0.000396463148466 1.23751756453
147.4 0.0107735146996 0.000395565498432 1.16353819605
147.5 0.0099987255237 0.000394670487525 1.07888015188
147.6 0.00919390382024 0.000393778106203 0.991137940565
147.7 0.00882295155951 0.000392888344968 0.950285046048
147.8 0.00825578608043 0.000392001194361 0.888391825194
147.9 0.00753037372933 0.000391116644962 0.809597281969
148.0 0.00688695209452 0.000390234687395 0.73975213533
148.1 0.00643237950836 0.000389355312321 0.690299796466
148.2 0.00602381787846 0.000388478510443 0.645869987775
148.3 0.00517432208396 0.000387604272501 0.554286345592
148.4 0.00506841628368 0.000386732589278 0.542451249989
148.5 0.00496865078308 0.000385863451593 0.531293973817
148.6 0.00465106292108 0.000384996850307 0.496886130152
148.7 0.00382766600331 0.000384132776318 0.408551868471
148.8 0.00356867608875 0.000383271220564 0.380565195232
148.9 0.00323391199026 0.00038241217402 0.344555483201
149.0 0.00314623234721 0.000381555627701 0.33491226795
149.1 0.0026886846163 0.000380701572659 0.285949725582
149.2 0.00237301333473 0.000379849999985 0.252150491876
149.3 0.00227963409129 0.000379000900808 0.242010865471
149.4 0.00224170766777 0.000378154266292 0.237771085635
149.5 0.00224126632364 0.000377310087641 0.237511220569
149.6 0.0022136637042 0.000376468356097 0.234376018864
149.7 0.00209944260839 0.000375629062936 0.222083686816
149.8 0.0015331024725 0.000374792199474 0.162029920219
149.9 0.00118873386466 0.00037395775706 0.125522133132
150.0 0.00108758990728 0.000373125727084 0.114739445203
150.1 0.00100200656492 0.00037229610097 0.105616142983
150.2 0.000924310404925 0.000371468870177 0.0973396983702
150.3 0.000819197551489 0.000370644026202 0.0861932934814
150.4 0.000696739997979 0.000369821560577 0.0732434017002
150.5 0.000564962021729 0.00036900146487 0.0593376316761
150.6 0.000528918207991 0.000368183730684 0.0555025478066
150.7 0.000418174625986 0.000367368349658 0.0438425476909
150.8 0.000396887615638 0.000366555313465 0.0415737896078
150.9 0.000397165420122 0.000365744613814 0.0415659500719
151.0 0.000397441920539 0.000364936242448 0.0415579797797
151.1 0.000348526773015 0.000364130191145 0.0364109178671
151.2 0.000264755566065 0.000363326451719 0.0276347514655
151.3 0.000257897783368 0.000362525016014 0.0268951090707
151.4 8.18951535759e-05 0.000361725875913 0.00853295377513
151.5 0.0 0.000360929023331 0.0
151.6 0.0 0.000360134450215 0.0
151.7 0.0 0.000359342148548 0.0
151.8 0.0 0.000358552110346 0.0
151.9 0.0 0.000357764327657 0.0
152.0 0.0 0.000356978792565 0.0
152.1 0.0 0.000356195497183 0.0
152.2 0.0 0.00035541443366 0.0
152.3 0.0 0.000354635594177 0.0
152.4 0.0 0.000353858970946 0.0
152.5 0.0 0.000353084556213 0.0
152.6 0.0 0.000352312342255 0.0
152.7 0.0 0.000351542321383 0.0
152.8 0.0 0.000350774485938 0.0
152.9 0.0 0.000350008828293 0.0
153.0 0.0 0.000349245340852 0.0
153.1 0.0 0.000348484016053 0.0
153.2 0.0 0.000347724846363 0.0
153.3 0.0 0.00034696782428 0.0
153.4 0.0 0.000346212942334 0.0
153.5 0.0 0.000345460193086 0.0
153.6 0.0 0.000344709569127 0.0
153.7 0.0 0.000343961063079 0.0
153.8 0.0 0.000343214667593 0.0
153.9 0.0 0.000342470375352 0.0
154.0 0.0 0.000341728179069 0.0
154.1 0.0 0.000340988071486 0.0
154.2 0.0 0.000340250045375 0.0
154.3 0.0 0.000339514093538 0.0
154.4 0.0 0.000338780208807 0.0
154.5 0.0 0.000338048384043 0.0
154.6 0.0 0.000337318612134 0.0
154.7 0.0 0.000336590886002 0.0
154.8 0.0 0.000335865198594 0.0
154.9 0.0 0.000335141542886 0.0
155.0 0.0 0.000334419911886 0.0
155.1 0.0 0.000333700298626 0.0
155.2 0.0 0.000332982696171 0.0
155.3 0.0 0.00033226709761 0.0
155.4 0.0 0.000331553496063 0.0
155.5 0.0 0.000330841884678 0.0
155.6 0.0 0.000330132256629 0.0
155.7 0.0 0.00032942460512 0.0
155.8 0.0 0.000328718923381 0.0
155.9 0.0 0.000328015204669 0.0
156.0 0.0 0.000327313442271 0.0
156.1 0.0 0.0003266136295 0.0
156.2 0.0 0.000325915759694 0.0
156.3 0.0 0.000325219826221 0.0
156.4 0.0 0.000324525822474 0.0
156.5 0.0 0.000323833741875 0.0
156.6 0.0 0.000323143577869 0.0
156.7 0.0 0.000322455323931 0.0
156.8 0.0 0.00032176897356 0.0
156.9 0.0 0.000321084520283 0.0
157.0 0.0 0.000320401957651 0.0
157.1 0.0 0.000319721279244 0.0
157.2 0.0 0.000319042478665 0.0
157.3 0.0 0.000318365549544 0.0
157.4 0.0 0.000317690485536 0.0
157.5 0.0 0.000317017280324 0.0
157.6 0.0 0.000316345927613 0.0
157.7 0.0 0.000315676421134 0.0
157.8 0.0 0.000315008754646 0.0
157.9 0.0 0.000314342921929 0.0
158.0 0.0 0.000313678916792 0.0
158.1 0.0 0.000313016733065 0.0
158.2 0.0 0.000312356364605 0.0
158.3 0.0 0.000311697805292 0.0
158.4 0.0 0.000311041049034 0.0
158.5 0.0 0.000310386089758 0.0
158.6 0.0 0.00030973292142 0.0
158.7 0.0 0.000309081537998 0.0
158.8 0.0 0.000308431933493 0.0
158.9 0.0 0.000307784101932 0.0
159.0 0.0 0.000307138037366 0.0
159.1 0.0 0.000306493733867 0.0
159.2 0.0 0.000305851185533 0.0
159.3 0.0 0.000305210386484 0.0
159.4 0.0 0.000304571330865 0.0
159.5 0.0 0.000303934012844 0.0
159.6 0.0 0.000303298426609 0.0
159.7 0.0 0.000302664566376 0.0
159.8 0.0 0.000302032426381 0.0
159.9 0.0 0.000301402000882 0.0
160.0 0.0 0.000300773284162 0.0
160.1 0.0 0.000300146270526 0.0
160.2 0.0 0.0002995209543 0.0
160.3 0.0 0.000298897329835 0.0
160.4 0.0 0.000298275391503 0.0
160.5 0.0 0.000297655133697 0.0
160.6 0.0 0.000297036550833 0.0
160.7 0.0 0.000296419637351 0.0
160.8 0.0 0.00029580438771 0.0
160.9 0.0 0.000295190796392 0.0
161.0 0.0 0.000294578857901 0.0
161.1 0.0 0.000293968566763 0.0
161.2 0.0 0.000293359917524 0.0
161.3 0.0 0.000292752904752 0.0
161.4 0.0 0.000292147523037 0.0
161.5 0.0 0.00029154376699 0.0
161.6 0.0 0.000290941631243 0.0
161.7 0.0 0.000290341110448 0.0
161.8 0.0 0.000289742199281 0.0
161.9 0.0 0.000289144892434 0.0
162.0 0.0 0.000288549184625 0.0
162.1 0.0 0.000287955070588 0.0
162.2 0.0 0.000287362545082 0.0
162.3 0.0 0.000286771602882 0.0
162.4 0.0 0.000286182238787 0.0
162.5 0.0 0.000285594447614 0.0
162.6 0.0 0.000285008224202 0.0
162.7 0.0 0.000284423563408 0.0
162.8 0.0 0.000283840460111 0.0
162.9 0.0 0.000283258909209 0.0
163.0 0.0 0.000282678905619 0.0
163.1 0.0 0.000282100444279 0.0
163.2 0.0 0.000281523520147 0.0
163.3 0.0 0.0002809481282 0.0
163.4 0.0 0.000280374263433 0.0
163.5 0.0 0.000279801920863 0.0
163.6 0.0 0.000279231095523 0.0
163.7 0.0 0.00027866178247 0.0
163.8 0.0 0.000278093976776 0.0
163.9 0.0 0.000277527673533 0.0
164.0 0.0 0.000276962867853 0.0
164.1 0.0 0.000276399554866 0.0
164.2 0.0 0.000275837729721 0.0
164.3 0.0 0.000275277387585 0.0
164.4 0.0 0.000274718523646 0.0
164.5 0.0 0.000274161133108 0.0
164.6 0.0 0.000273605211194 0.0
164.7 0.0 0.000273050753147 0.0
164.8 0.0 0.000272497754225 0.0
164.9 0.0 0.000271946209708 0.0
165.0 0.0 0.000271396114891 0.0
165.1 0.0 0.00027084746509 0.0
165.2 0.0 0.000270300255636 0.0
165.3 0.0 0.00026975448188 0.0
165.4 0.0 0.000269210139189 0.0
165.5 0.0 0.000268667222951 0.0
165.6 0.0 0.000268125728567 0.0
165.7 0.0 0.000267585651459 0.0
165.8 0.0 0.000267046987066 0.0
165.9 0.0 0.000266509730844 0.0
166.0 0.0 0.000265973878266 0.0
166.1 0.0 0.000265439424822 0.0
166.2 0.0 0.00026490636602 0.0
166.3 0.0 0.000264374697385 0.0
166.4 0.0 0.000263844414459 0.0
166.5 0.0 0.000263315512801 0.0
166.6 0.0 0.000262787987987 0.0
166.7 0.0 0.000262261835609 0.0
166.8 0.0 0.000261737051276 0.0
166.9 0.0 0.000261213630615 0.0
167.0 0.0 0.000260691569268 0.0
167.1 0.0 0.000260170862894 0.0
167.2 0.0 0.000259651507168 0.0
167.3 0.0 0.000259133497783 0.0
167.4 0.0 0.000258616830447 0.0
167.5 0.0 0.000258101500885 0.0
167.6 0.0 0.000257587504836 0.0
167.7 0.0 0.000257074838057 0.0
167.8 0.0 0.000256563496322 0.0
167.9 0.0 0.000256053475419 0.0
168.0 0.0 0.000255544771153 0.0
168.1 0.0 0.000255037379344 0.0
168.2 0.0 0.000254531295827 0.0
168.3 0.0 0.000254026516456 0.0
168.4 0.0 0.000253523037096 0.0
168.5 0.0 0.000253020853632 0.0
168.6 0.0 0.000252519961962 0.0
168.7 0.0 0.000252020357999 0.0
168.8 0.0 0.000251522037672 0.0
168.9 0.0 0.000251024996927 0.0
169.0 0.0 0.000250529231722 0.0
169.1 0.0 0.000250034738033 0.0
169.2 0.0 0.000249541511849 0.0
169.3 0.0 0.000249049549174 0.0
169.4 0.0 0.00024855884603 0.0
169.5 0.0 0.000248069398451 0.0
169.6 0.0 0.000247581202485 0.0
169.7 0.0 0.000247094254197 0.0
169.8 0.0 0.000246608549667 0.0
169.9 0.0 0.000246124084987 0.0
170.0 0.0 0.000245640856266 0.0
170.1 0.0 0.000245158859627 0.0
170.2 0.0 0.000244678091205 0.0
170.3 0.0 0.000244198547154 0.0
170.4 0.0 0.000243720223638 0.0
170.5 0.0 0.000243243116837 0.0
170.6 0.0 0.000242767222946 0.0
170.7 0.0 0.000242292538173 0.0
170.8 0.0 0.00024181905874 0.0
170.9 0.0 0.000241346780883 0.0
171.0 0.0 0.000240875700853 0.0
171.1 0.0 0.000240405814914 0.0
171.2 0.0 0.000239937119344 0.0
171.3 0.0 0.000239469610434 0.0
171.4 0.0 0.00023900328449 0.0
171.5 0.0 0.000238538137832 0.0
171.6 0.0 0.000238074166792 0.0
171.7 0.0 0.000237611367715 0.0
171.8 0.0 0.000237149736963 0.0
171.9 0.0 0.000236689270907 0.0
172.0 0.0 0.000236229965935 0.0
172.1 0.0 0.000235771818447 0.0
172.2 0.0 0.000235314824854 0.0
172.3 0.0 0.000234858981584 0.0
172.4 0.0 0.000234404285075 0.0
172.5 0.0 0.000233950731781 0.0
172.6 0.0 0.000233498318167 0.0
172.7 0.0 0.000233047040711 0.0
172.8 0.0 0.000232596895904 0.0
172.9 0.0 0.000232147880251 0.0
173.0 0.0 0.000231699990269 0.0
173.1 0.0 0.000231253222487 0.0
173.2 0.0 0.000230807573447 0.0
173.3 0.0 0.000230363039706 0.0
173.4 0.0 0.00022991961783 0.0
173.5 0.0 0.0002294773044 0.0
173.6 0.0 0.000229036096009 0.0
173.7 0.0 0.000228595989261 0.0
173.8 0.0 0.000228156980774 0.0
173.9 0.0 0.000227719067178 0.0
174.0 0.0 0.000227282245115 0.0
174.1 0.0 0.000226846511238 0.0
174.2 0.0 0.000226411862216 0.0
174.3 0.0 0.000225978294726 0.0
174.4 0.0 0.000225545805459 0.0
174.5 0.0 0.000225114391117 0.0
174.6 0.0 0.000224684048416 0.0
174.7 0.0 0.000224254774081 0.0
174.8 0.0 0.000223826564851 0.0
174.9 0.0 0.000223399417477 0.0
175.0 0.0 0.00022297332872 0.0
175.1 0.0 0.000222548295355 0.0
175.2 0.0 0.000222124314165 0.0
175.3 0.0 0.00022170138195 0.0
175.4 0.0 0.000221279495516 0.0
175.5 0.0 0.000220858651684 0.0
175.6 0.0 0.000220438847286 0.0
175.7 0.0 0.000220020079164 0.0
175.8 0.0 0.000219602344174 0.0
175.9 0.0 0.00021918563918 0.0
176.0 0.0 0.00021876996106 0.0
176.1 0.0 0.000218355306702 0.0
176.2 0.0 0.000217941673004 0.0
176.3 0.0 0.000217529056879 0.0
176.4 0.0 0.000217117455247 0.0
176.5 0.0 0.000216706865042 0.0
176.6 0.0 0.000216297283206 0.0
176.7 0.0 0.000215888706694 0.0
176.8 0.0 0.000215481132473 0.0
176.9 0.0 0.000215074557518 0.0
177.0 0.0 0.000214668978817 0.0
177.1 0.0 0.000214264393368 0.0
177.2 0.0 0.000213860798179 0.0
177.3 0.0 0.00021345819027 0.0
177.4 0.0 0.000213056566671 0.0
177.5 0.0 0.000212655924423 0.0
177.6 0.0 0.000212256260577 0.0
177.7 0.0 0.000211857572195 0.0
177.8 0.0 0.000211459856349 0.0
177.9 0.0 0.000211063110122 0.0
178.0 0.0 0.000210667330606 0.0
178.1 0.0 0.000210272514906 0.0
178.2 0.0 0.000209878660135 0.0
178.3 0.0 0.000209485763416 0.0
178.4 0.0 0.000209093821885 0.0
178.5 0.0 0.000208702832684 0.0
178.6 0.0 0.00020831279297 0.0
178.7 0.0 0.000207923699906 0.0
178.8 0.0 0.000207535550667 0.0
178.9 0.0 0.000207148342438 0.0
179.0 0.0 0.000206762072412 0.0
179.1 0.0 0.000206376737796 0.0
179.2 0.0 0.000205992335802 0.0
179.3 0.0 0.000205608863656 0.0
179.4 0.0 0.000205226318591 0.0
179.5 0.0 0.000204844697852 0.0
179.6 0.0 0.000204463998691 0.0
179.7 0.0 0.000204084218371 0.0
179.8 0.0 0.000203705354167 0.0
179.9 0.0 0.000203327403359 0.0
180.0 0.0 0.000202950363241 0.0
180.1 0.0 0.000202574231113 0.0
180.2 0.0 0.000202199004287 0.0
180.3 0.0 0.000201824680084 0.0
180.4 0.0 0.000201451255832 0.0
180.5 0.0 0.000201078728872 0.0
180.6 0.0 0.000200707096552 0.0
180.7 0.0 0.000200336356229 0.0
180.8 0.0 0.000199966505272 0.0
180.9 0.0 0.000199597541056 0.0
181.0 0.0 0.000199229460967 0.0
181.1 0.0 0.000198862262399 0.0
181.2 0.0 0.000198495942757 0.0
181.3 0.0 0.000198130499454 0.0
181.4 0.0 0.00019776592991 0.0
181.5 0.0 0.000197402231558 0.0
181.6 0.0 0.000197039401837 0.0
181.7 0.0 0.000196677438196 0.0
181.8 0.0 0.000196316338092 0.0
181.9 0.0 0.000195956098993 0.0
182.0 0.0 0.000195596718373 0.0
182.1 0.0 0.000195238193717 0.0
182.2 0.0 0.000194880522517 0.0
182.3 0.0 0.000194523702276 0.0
182.4 0.0 0.000194167730503 0.0
182.5 0.0 0.000193812604718 0.0
182.6 0.0 0.000193458322448 0.0
182.7 0.0 0.000193104881229 0.0
182.8 0.0 0.000192752278606 0.0
182.9 0.0 0.000192400512132 0.0
183.0 0.0 0.000192049579369 0.0
183.1 0.0 0.000191699477886 0.0
183.2 0.0 0.000191350205263 0.0
183.3 0.0 0.000191001759086 0.0
183.4 0.0 0.00019065413695 0.0
183.5 0.0 0.000190307336459 0.0
183.6 0.0 0.000189961355225 0.0
183.7 0.0 0.000189616190867 0.0
183.8 0.0 0.000189271841014 0.0
183.9 0.0 0.000188928303302 0.0
184.0 0.0 0.000188585575377 0.0
184.1 0.0 0.000188243654889 0.0
184.2 0.0 0.000187902539501 0.0
184.3 0.0 0.00018756222688 0.0
184.4 0.0 0.000187222714704 0.0
184.5 0.0 0.000186884000657 0.0
184.6 0.0 0.000186546082432 0.0
184.7 0.0 0.00018620895773 0.0
184.8 0.0 0.000185872624259 0.0
184.9 0.0 0.000185537079735 0.0
185.0 0.0 0.000185202321883 0.0
185.1 0.0 0.000184868348435 0.0
185.2 0.0 0.000184535157129 0.0
185.3 0.0 0.000184202745714 0.0
185.4 0.0 0.000183871111945 0.0
185.5 0.0 0.000183540253585 0.0
185.6 0.0 0.000183210168403 0.0
185.7 0.0 0.000182880854179 0.0
185.8 0.0 0.000182552308697 0.0
185.9 0.0 0.000182224529751 0.0
186.0 0.0 0.000181897515142 0.0
186.1 0.0 0.000181571262677 0.0
186.2 0.0 0.000181245770173 0.0
186.3 0.0 0.000180921035452 0.0
186.4 0.0 0.000180597056345 0.0
186.5 0.0 0.000180273830689 0.0
186.6 0.0 0.000179951356331 0.0
186.7 0.0 0.000179629631121 0.0
186.8 0.0 0.000179308652921 0.0
186.9 0.0 0.000178988419597 0.0
187.0 0.0 0.000178668929023 0.0
187.1 0.0 0.000178350179082 0.0
187.2 0.0 0.00017803216766 0.0
187.3 0.0 0.000177714892655 0.0
187.4 0.0 0.000177398351969 0.0
187.5 0.0 0.000177082543512 0.0
187.6 0.0 0.0001767674652 0.0
187.7 0.0 0.00017645311496 0.0
187.8 0.0 0.00017613949072 0.0
187.9 0.0 0.000175826590419 0.0
188.0 0.0 0.000175514412003 0.0
188.1 0.0 0.000175202953423 0.0
188.2 0.0 0.000174892212637 0.0
188.3 0.0 0.000174582187613 0.0
188.4 0.0 0.000174272876321 0.0
188.5 0.0 0.000173964276742 0.0
188.6 0.0 0.000173656386861 0.0
188.7 0.0 0.000173349204672 0.0
188.8 0.0 0.000173042728174 0.0
188.9 0.0 0.000172736955373 0.0
189.0 0.0 0.000172431884282 0.0
189.1 0.0 0.000172127512922 0.0
189.2 0.0 0.000171823839318 0.0
189.3 0.0 0.000171520861503 0.0
189.4 0.0 0.000171218577516 0.0
189.5 0.0 0.000170916985405 0.0
189.6 0.0 0.00017061608322 0.0
189.7 0.0 0.000170315869023 0.0
189.8 0.0 0.000170016340877 0.0
189.9 0.0 0.000169717496855 0.0
190.0 0.0 0.000169419335035 0.0
190.1 0.0 0.000169121853502 0.0
190.2 0.0 0.000168825050348 0.0
190.3 0.0 0.00016852892367 0.0
190.4 0.0 0.000168233471572 0.0
190.5 0.0 0.000167938692164 0.0
190.6 0.0 0.000167644583563 0.0
190.7 0.0 0.000167351143891 0.0
190.8 0.0 0.000167058371278 0.0
190.9 0.0 0.000166766263858 0.0
191.0 0.0 0.000166474819772 0.0
191.1 0.0 0.00016618403717 0.0
191.2 0.0 0.000165893914203 0.0
191.3 0.0 0.000165604449033 0.0
191.4 0.0 0.000165315639824 0.0
191.5 0.0 0.00016502748475 0.0
191.6 0.0 0.000164739981987 0.0
191.7 0.0 0.00016445312972 0.0
191.8 0.0 0.000164166926138 0.0
191.9 0.0 0.000163881369439 0.0
192.0 0.0 0.000163596457823 0.0
192.1 0.0 0.0001633121895 0.0
192.2 0.0 0.000163028562682 0.0
192.3 0.0 0.000162745575588 0.0
192.4 0.0 0.000162463226446 0.0
192.5 0.0 0.000162181513486 0.0
192.6 0.0 0.000161900434945 0.0
192.7 0.0 0.000161619989067 0.0
192.8 0.0 0.000161340174099 0.0
192.9 0.0 0.000161060988298 0.0
193.0 0.0 0.000160782429922 0.0
193.1 0.0 0.000160504497238 0.0
193.2 0.0 0.000160227188517 0.0
193.3 0.0 0.000159950502037 0.0
193.4 0.0 0.000159674436082 0.0
193.5 0.0 0.000159398988938 0.0
193.6 0.0 0.000159124158901 0.0
193.7 0.0 0.00015884994427 0.0
193.8 0.0 0.000158576343351 0.0
193.9 0.0 0.000158303354454 0.0
194.0 0.0 0.000158030975897 0.0
194.1 0.0 0.000157759205999 0.0
194.2 0.0 0.000157488043091 0.0
194.3 0.0 0.000157217485502 0.0
194.4 0.0 0.000156947531573 0.0
194.5 0.0 0.000156678179647 0.0
194.6 0.0 0.000156409428073 0.0
194.7 0.0 0.000156141275205 0.0
194.8 0.0 0.000155873719403 0.0
194.9 0.0 0.000155606759031 0.0
195.0 0.0 0.000155340392462 0.0
195.1 0.0 0.00015507461807 0.0
195.2 0.0 0.000154809434235 0.0
195.3 0.0 0.000154544839346 0.0
195.4 0.0 0.000154280831792 0.0
195.5 0.0 0.000154017409971 0.0
195.6 0.0 0.000153754572284 0.0
195.7 0.0 0.000153492317138 0.0
195.8 0.0 0.000153230642947 0.0
195.9 0.0 0.000152969548126 0.0
196.0 0.0 0.000152709031099 0.0
196.1 0.0 0.000152449090293 0.0
196.2 0.0 0.00015218972414 0.0
196.3 0.0 0.000151930931079 0.0
196.4 0.0 0.000151672709552 0.0
196.5 0.0 0.000151415058006 0.0
196.6 0.0 0.000151157974896 0.0
196.7 0.0 0.000150901458677 0.0
196.8 0.0 0.000150645507814 0.0
196.9 0.0 0.000150390120773 0.0
197.0 0.0 0.000150135296027 0.0
197.1 0.0 0.000149881032054 0.0
197.2 0.0 0.000149627327336 0.0
197.3 0.0 0.000149374180361 0.0
197.4 0.0 0.00014912158962 0.0
197.5 0.0 0.00014886955361 0.0
197.6 0.0 0.000148618070833 0.0
197.7 0.0 0.000148367139797 0.0
197.8 0.0 0.000148116759011 0.0
197.9 0.0 0.000147866926992 0.0
198.0 0.0 0.000147617642262 0.0
198.1 0.0 0.000147368903345 0.0
198.2 0.0 0.000147120708772 0.0
198.3 0.0 0.000146873057078 0.0
198.4 0.0 0.000146625946803 0.0
198.5 0.0 0.00014637937649 0.0
198.6 0.0 0.00014613334469 0.0
198.7 0.0 0.000145887849955 0.0
198.8 0.0 0.000145642890844 0.0
198.9 0.0 0.00014539846592 0.0
199.0 0.0 0.00014515457375 0.0
199.1 0.0 0.000144911212906 0.0
199.2 0.0 0.000144668381964 0.0
199.3 0.0 0.000144426079506 0.0
199.4 0.0 0.000144184304117 0.0
199.5 0.0 0.000143943054387 0.0
199.6 0.0 0.000143702328911 0.0
199.7 0.0 0.000143462126287 0.0
199.8 0.0 0.000143222445119 0.0
199.9 0.0 0.000142983284015 0.0
