# a rho dNda dNdaerr
0.0 inf nan nan
0.1 154881661.891 0.0 0.0
0.2 11432131.6302 0.0 0.0
0.3 2488995.33283 0.0 0.0
0.4 843828.972487 0.0 0.0
0.5 364647.116526 0.0 0.0
0.6 183717.8264 0.0 0.0
0.7 102903.78981 0.0 0.0
0.8 62284.7390005 0.0 0.0
0.9 39998.9107245 0.0 0.0
1.0 26915.3480393 0.0 0.0
1.1 18808.9046053 0.0 0.0
1.2 13560.587797 0.0 0.0
1.3 10036.285228 0.0 0.0
1.4 7595.53878743 0.0 0.0
1.5 5859.98987924 0.0 0.0
1.6 4597.36372992 0.0 0.0
1.7 3660.26100967 0.0 0.0
1.8 2952.40125192 0.0 0.0
1.9 2409.27547849 0.0 0.0
2.0 1986.67678214 0.0 0.0
2.1 1653.6951466 0.0 0.0
2.2 1388.32364427 0.0 0.0
2.3 1174.63608032 1177.60575371 1.33067489586
2.4 1000.93466706 4511.33438025 5.9493815955
2.5 858.510413479 7903.64434537 12.0878655484
2.6 740.79870014 9176.66910331 16.1822283443
2.7 642.794640087 10500.7473678 21.2359001198
2.8 560.642222973 11629.4434914 26.8375326948
2.9 491.341591139 10687.2514956 28.0137186012
3.0 432.537815214 14196.2021022 42.0845151529
3.1 382.366672073 12309.9526512 41.1054428167
3.2 339.340801685 13917.7347062 52.1510401952
3.3 302.264807896 14144.0980699 59.2626217669
3.4 270.171336958 13248.9234381 61.8655757882
3.5 242.272518099 14365.6283655 74.5232228376
3.6 217.922763257 13863.8199263 79.6637941246
3.7 196.590042927 13537.6771231 85.9243806159
3.8 177.833541216 13705.8716802 95.8343313766
3.9 161.2861509 12977.6123376 99.7147306425
4.0 146.640668771 13686.6427808 115.285503567
4.1 133.638840454 12948.7202408 119.297748645
4.2 122.062614524 12776.3083118 128.469580972
4.3 111.727120761 12053.95063 132.013973198
4.4 102.475002224 11719.4373329 139.521127338
4.5 94.1718166098 11371.114818 146.88061077
4.6 86.7022869192 10806.8731616 151.185793361
4.7 79.9672302748 10504.3241557 158.885161444
4.8 73.881031023 10259.2409171 167.502356056
4.9 68.3695527796 9623.28464568 169.330465554
5.0 63.3684061299 9612.48286254 182.010605428
5.1 58.821505779 9078.2709492 184.706798051
5.2 54.6798642789 8549.13683934 186.644160137
5.3 50.9005799125 8843.96504451 206.903779526
5.4 47.4459845468 8105.54686973 202.941875474
5.5 44.2829237857 7986.58649945 213.736041882
5.6 41.3821469386 7843.32973426 224.090275845
5.7 38.7177884602 7482.84248164 227.977679724
5.8 36.2669258369 7467.33210148 242.331060653
5.9 34.0092015742 7115.43760838 245.693924357
6.0 31.9264990974 6840.81072152 251.071035053
6.1 30.0026641383 6736.32169737 262.524669308
6.2 28.2232646058 6455.76248173 266.888202357
6.3 26.5753831122 6435.68463419 281.968730407
6.4 25.0474372821 6118.55060412 283.845400907
6.5 23.6290237612 6064.4084571 297.621245171
6.6 22.3107824959 5833.12655135 302.583947724
6.7 21.084278389 5723.27699293 313.542414962
6.8 19.9418978923 5557.96467863 321.309181335
6.9 18.8767584618 5418.73042668 330.308496728
7.0 17.8826291213 5283.45440092 339.331243674
7.1 16.9538606346 5171.94948191 349.721296714
7.2 16.0853240103 5029.98662496 357.835803712
7.3 15.2723562462 4931.72909273 368.859687829
7.4 14.5107123755 4806.53558417 377.696799275
7.5 13.7965230114 4708.16356113 388.439984296
7.6 13.1262566958 4594.73652905 397.75344804
7.7 12.4966864536 4499.76358653 408.461407298
7.8 11.9048600377 4397.8818461 418.35692785
7.9 11.348073415 4302.27143387 428.631563411
8.0 10.8238471054 4212.8277306 439.329486957
8.1 10.3299050359 4119.49465496 449.411894087
8.2 9.86415561614 4038.7014796 460.665870422
8.3 9.42467477687 3950.42318874 470.865745096
8.4 9.00969074922 3871.73889134 481.992043721
8.5 8.61757038638 3792.00175194 492.786985571
8.6 8.24680685634 3712.14965058 503.332361388
8.7 7.89600855413 3639.41121133 514.619235882
8.8 7.56388910037 3567.44564917 525.810755235
8.9 7.24925830901 3498.48446224 537.236700967
9.0 6.95101402061 3432.62680264 548.94255389
9.1 6.66813470983 3365.78007871 560.281122065
9.2 6.39967278629 3305.06579638 572.439934022
9.3 6.14474851701 3242.87993782 584.149451445
9.4 5.90254450684 3182.78670627 596.021112844
9.5 5.67230068054 3126.94524055 608.494928689
9.6 5.45330971606 3069.45837708 620.449336551
9.7 5.24491288442 3015.79094342 632.969273016
9.8 5.04649625612 2962.77625914 645.430539347
9.9 4.85748723861 2911.50193794 658.071132219
10.0 4.67735141287 2861.53945525 670.810324717
10.1 4.50558964054 2812.76719524 683.628838905
10.2 4.3417354162 2765.80420343 696.690768285
10.3 4.18535244179 2719.40490867 709.697054607
10.4 4.03603240258 2674.78120205 722.968348013
10.5 3.89339292631 2631.09990539 736.299481421
10.6 3.7570757087 2588.13265769 749.629767247
10.7 3.62674479057 2546.93471653 763.274803658
10.8 3.50208497276 2506.46227691 776.943441784
10.9 3.38280035693 2466.82309668 790.671698014
11.0 3.26861300109 2428.29226251 804.55623194
11.1 3.15926167986 2390.00674719 818.316936956
11.2 3.05450074055 2351.88893104 831.913612072
11.3 2.95409904678 2315.94163086 846.062330844
11.4 2.85783900239 2281.02223489 860.387573042
11.5 2.76551564869 2246.72032588 874.746422162
11.6 2.67693582913 2213.06485028 889.153293118
11.7 2.59191741577 2180.18797467 903.667405634
11.8 2.51028859251 2148.0362138 918.276109142
11.9 2.43188719045 2116.48843897 932.934965671
12.0 2.3565600712 2085.39726992 947.581828527
12.1 2.28416255437 2054.54537794 962.114216673
12.2 2.21455788567 2023.65776064 976.389841251
12.3 2.14761674244 1994.34706757 991.188588672
12.4 2.08321677382 1965.48709157 1005.98362859
12.5 2.02124217263 1937.14820824 1020.81301007
12.6 1.96158327689 1908.7005813 1035.33974109
12.7 1.90413619831 1880.29208193 1049.62175677
12.8 1.84880247611 1853.26228483 1064.41032209
12.9 1.79548875399 1826.49466018 1079.09344713
13.0 1.74410647867 1799.27441827 1093.23058711
13.1 1.6945716184 1772.98272735 1107.64172649
13.2 1.6468043999 1747.31616829 1122.16021148
13.3 1.60072906247 1722.19997635 1136.75019046
13.4 1.55627362806 1697.59685411 1151.39669845
13.5 1.51336968602 1673.61234203 1166.18231075
13.6 1.47195219161 1650.095744 1181.01491279
13.7 1.43195927732 1627.09804831 1195.93997567
13.8 1.39333207594 1604.64834076 1210.99111017
13.9 1.35601455475 1582.50294104 1225.99373459
14.0 1.31995335996 1560.99226586 1241.21072857
14.1 1.28509767072 1539.88080598 1256.47104437
14.2 1.25139906202 1519.21267017 1271.8188686
14.3 1.21881137598 1498.87049221 1287.16412197
14.4 1.18729060081 1479.11342362 1302.73873011
14.5 1.15679475704 1459.65373489 1318.30436779
14.6 1.12728379059 1440.5826637 1333.94846178
14.7 1.098719472 1421.83668661 1349.62042115
14.8 1.07106530172 1403.54001188 1365.44692837
14.9 1.04428642081 1385.5803015 1381.33130652
15.0 1.01834952686 1367.15842868 1396.46519075
15.1 0.993222794743 1349.81287777 1412.40707985
15.2 0.96887580186 1332.97756499 1428.61453436
15.3 0.94527945766 1316.35132196 1444.77995571
15.4 0.922405937114 1300.12784249 1461.12131227
15.5 0.900228617928 1284.15139616 1477.4755158
15.6 0.878722021239 1268.54029415 1493.9861068
15.7 0.857861755597 1253.146739 1510.48934654
15.8 0.837624464028 1238.10486534 1527.15337354
15.9 0.817987773979 1223.32793036 1543.88324022
16.0 0.798930249991 1208.80139823 1560.6678744
16.1 0.780431348917 1194.52256218 1577.51060356
16.2 0.762471377544 1180.52253326 1594.46057003
16.3 0.745031452471 1166.79585364 1611.52067298
16.4 0.728093462116 1153.29318134 1628.63173384
16.5 0.711640030722 1140.03109741 1645.82409273
16.6 0.69565448424 1127.0092666 1663.105679
16.7 0.680120817999 1114.1996958 1680.44315427
16.8 0.665023666036 1101.68925112 1697.97700636
16.9 0.650348272011 1089.25681638 1715.37479364
17.0 0.636080461604 1077.16389866 1733.05112316
17.1 0.622206616317 1065.2105439 1750.69841011
17.2 0.608713648598 1053.48319416 1768.46257752
17.3 0.595588978215 1041.95624826 1786.31003376
17.4 0.582820509813 1030.65526734 1804.29355747
17.5 0.570396611578 1019.45808565 1822.20608042
17.6 0.558306094963 1008.52509573 1840.3384236
17.7 0.546538195405 997.726949163 1858.46616934
17.8 0.535082553985 987.147673036 1876.75133943
17.9 0.523929199976 976.540962729 1894.72841275
18.0 0.513068534239 965.872612642 1912.31329911
18.1 0.502491313413 955.771674575 1930.75595197
18.2 0.492188634858 945.867256537 1949.34778969
18.3 0.482151922318 936.087046512 1967.94832895
18.4 0.47237291226 926.303016189 1986.28597324
18.5 0.462843640853 916.392397475 2004.07906652
18.6 0.453556431557 906.726888158 2022.1272514
18.7 0.444503883292 897.616868802 2041.15524532
18.8 0.435678859146 888.583422035 2060.1137432
18.9 0.427074475615 879.712982833 2079.20518972
19.0 0.418684092321 870.791886125 2097.9249367
19.1 0.410501302213 861.865437646 2116.36508543
19.2 0.402519922198 853.423576189 2135.73859783
19.3 0.394733984206 845.03981379 2155.0145304
19.4 0.387137726646 836.547413768 2173.75623424
19.5 0.37972558625 827.981526328 2192.02895374
19.6 0.372492190276 819.284508632 2209.65403763
19.7 0.365432349053 811.460282553 2229.35724977
19.8 0.358541048862 803.745751046 2249.12364187
19.9 0.351813445116 796.132869891 2268.935877
20.0 0.345244855846 788.574614742 2288.66209423
20.1 0.338830755466 780.838147395 2307.61158617
20.2 0.332566768806 773.559356579 2327.65770143
20.3 0.326448665401 766.388683293 2347.79244536
20.4 0.320472354025 759.337345649 2368.05763131
20.5 0.314633877454 752.377051914 2388.37246905
20.6 0.308929407453 745.534965828 2408.82930911
20.7 0.303355239973 738.740382289 2429.20515366
20.8 0.297907790546 732.09836632 2449.8491513
20.9 0.292583589881 725.510705964 2470.44303465
21.0 0.287379279627 719.020089467 2491.13385921
21.1 0.282291608326 712.625742649 2511.92587371
21.2 0.277317427526 706.336982131 2532.85962187
21.3 0.272453688046 700.097773723 2553.7398711
21.4 0.267697436409 693.96104935 2574.76200834
21.5 0.2630458114 687.925486035 2595.93018786
21.6 0.258496040783 681.935015538 2617.03847492
21.7 0.254045438129 676.070597207 2638.40148318
21.8 0.249691399789 670.225639257 2659.61093197
21.9 0.245431401974 664.50039091 2681.06521265
22.0 0.241262997959 658.855559048 2702.61725991
22.1 0.237183815394 653.27056368 2724.18779483
22.2 0.233191553716 647.537917708 2744.8998383
22.3 0.229283981673 641.950925329 2765.97647506
22.4 0.225458934932 636.588764326 2787.78499165
22.5 0.221714313789 631.279857568 2809.59986353
22.6 0.218048080961 626.076461533 2831.65937475
22.7 0.214458259467 620.890525586 2853.57239093
22.8 0.210942930586 615.8206468 2875.79378062
22.9 0.207500231896 610.780251306 2897.92930883
23.0 0.204128355386 605.509337024 2918.72305854
23.1 0.200825545639 600.582553339 2940.92669156
23.2 0.197590098082 595.741991055 2963.32713407
23.3 0.194420357306 590.947054289 2985.73023115
23.4 0.191314715441 586.249750525 3008.40452551
23.5 0.188271610597 581.574096542 3030.96830354
23.6 0.185289525364 576.959986934 3053.62896188
23.7 0.182366985359 572.430206671 3076.51501542
23.8 0.179502557834 567.944126352 3099.41668453
23.9 0.176694850333 563.44896251 3122.04360151
24.0 0.173942509394 558.709671126 3143.06235013
24.1 0.171244219303 554.188084633 3165.03887387
24.2 0.168598700889 549.894235647 3188.07805348
24.3 0.166004710364 545.693199582 3211.43632042
24.4 0.163461038205 541.508959199 3234.67547659
24.5 0.160966508073 537.403290534 3258.16600134
24.6 0.158519975774 533.309087387 3281.50766288
24.7 0.156120328254 529.306551624 3305.19593494
24.8 0.153766482628 525.328233406 3328.82024218
24.9 0.151457385249 521.371046582 3352.35914801
25.0 0.149192010803 517.512946171 3376.31882418
25.1 0.146969361439 513.655312433 3400.06635792
25.2 0.144788465924 509.859995586 3424.00902654
25.3 0.142648378839 505.994027645 3447.25081279
25.4 0.140548179785 502.140321176 3470.33569536
25.5 0.138486972635 498.384920728 3493.86201126
25.6 0.136463884795 494.579293075 3516.79459727
25.7 0.1344780665 490.9924062 3541.049624
25.8 0.132528690134 487.372008956 3564.84060147
25.9 0.130614949563 483.67263351 3587.81184265
26.0 0.128736059504 479.882670324 3609.84305048
26.1 0.126891254905 476.225912237 3632.60406025
26.2 0.12507979035 472.874850303 3657.46268791
26.3 0.123300939481 469.499480527 3681.92114529
26.4 0.121553994443 466.198060214 3706.74505352
26.5 0.119838265344 462.945019929 3731.74482285
26.6 0.118153079732 459.705028982 3756.64014937
26.7 0.116497782096 456.502494867 3781.62999584
26.8 0.11487173337 453.33567976 3806.70483623
26.9 0.113274310469 450.215931269 3831.96589566
27.0 0.111704905826 447.119289672 3857.21520932
27.1 0.110162926954 444.052448827 3882.51189791
27.2 0.108647796017 441.011603982 3907.82528408
27.3 0.107158949412 438.034459695 3933.49575738
27.4 0.105695837374 435.052580041 3958.91604159
27.5 0.104257923582 432.118540393 3984.56191017
27.6 0.102844684788 429.193265133 4010.07842629
27.7 0.101455610448 426.118705483 4033.96532406
27.8 0.100090202372 423.278097738 4059.83521146
27.9 0.0987479743792 420.462167329 4085.73488275
28.0 0.0974284519714 417.671128841 4111.66866179
28.1 0.0961311720078 414.914629883 4137.73515826
28.2 0.0948556823961 412.192945549 4163.94340418
28.3 0.0936015417901 409.495266208 4190.18932985
28.4 0.0923683192981 406.816188149 4216.41937728
28.5 0.0911555941993 404.189328515 4242.98684067
28.6 0.089962955669 401.545155451 4269.16648031
28.7 0.088790002513 398.963937281 4295.80863184
28.8 0.0876363429086 396.407956443 4322.52081557
28.9 0.0865015941546 393.851417008 4349.021769
29.0 0.0853853824281 391.345861542 4375.88074671
29.1 0.0842873425492 388.847964418 4402.6218012
29.2 0.0832071177522 386.272955914 4428.26960219
29.3 0.0821443594638 383.808311411 4454.96028841
29.4 0.0810987270878 381.3808849 4481.87491369
29.5 0.0800698877965 378.992298461 4509.04222951
29.6 0.0790575163277 376.613306081 4536.12037704
29.7 0.0780612947883 374.275150437 4563.48791336
29.8 0.0770809124628 371.958533178 4590.91830916
29.9 0.0761160656284 369.647997774 4618.22163798
30.0 0.0751664573745 367.376584502 4645.81195099
30.1 0.0742317974283 365.127178114 4673.48162746
30.2 0.0733118019848 362.862713714 4700.75424716
30.3 0.0724061935416 360.576017043 4727.52221847
30.4 0.0715147007396 358.299296418 4754.19579802
30.5 0.0706370582065 356.112248029 4781.8431623
30.6 0.069773006406 353.979382765 4810.01848932
30.7 0.0689222914913 351.728402628 4836.37249571
30.8 0.0680846651619 349.543612043 4863.4053774
30.9 0.0672598845252 347.476449165 4891.86716018
31.0 0.0664477119614 345.384961789 4919.78781908
31.1 0.0656479149931 343.347352392 4948.27599678
31.2 0.0648602661575 341.311301378 4976.58979899
31.3 0.0640845428827 339.290662407 5004.92821596
31.4 0.0633205273676 337.230105978 5032.46729899
31.5 0.0625680064645 335.158575804 5059.61704012
31.6 0.0618267715657 333.210728376 5088.42158045
31.7 0.0610966184925 331.269799596 5117.13608601
31.8 0.060377347388 329.349886351 5145.97845345
31.9 0.0596687626121 327.444080871 5174.84473327
32.0 0.0589706726396 325.412190401 5201.49564841
32.1 0.0582828899617 323.535145176 5230.39793781
32.2 0.0576052309888 321.666180997 5259.23064287
32.3 0.0569375159576 319.827564374 5288.36042791
32.4 0.0562795688393 318.019700486 5317.80503972
32.5 0.0556312172509 316.209782208 5347.02114345
32.6 0.0549922923689 314.423011954 5376.43267547
32.7 0.054362628845 312.644744826 5405.79379305
32.8 0.0537420647246 310.812402406 5434.00949431
32.9 0.0531304413667 309.000166148 5462.35375305
33.0 0.0525276033664 307.267087412 5491.88766786
33.1 0.0519333984794 305.566398862 5521.80687852
33.2 0.0513476775487 303.860643903 5551.44060504
33.3 0.0507702944322 302.197064956 5581.65268953
33.4 0.0502011059339 300.411711335 5609.40159749
33.5 0.0496399717352 298.629205415 5636.9596779
33.6 0.0490867543291 296.936249151 5665.97684306
33.7 0.0485413189555 295.175337785 5693.46439498
33.8 0.0480035335387 293.56903519 5723.71324284
33.9 0.0474732686257 291.970225547 5753.91536919
34.0 0.0469503973271 290.388983969 5784.27065476
34.1 0.0464347952588 288.815352651 5814.58429828
34.2 0.0459263404852 287.128831715 5842.4037832
34.3 0.0454249134644 285.586010898 5872.92677461
34.4 0.0449303969941 284.066645922 5903.74227025
34.5 0.0444426761593 282.508704645 5933.55741288
34.6 0.0439616382813 280.91742813 5962.4523635
34.7 0.0434871728676 279.419378275 5993.11367743
34.8 0.0430191715637 277.938886332 6023.95846203
34.9 0.0425575281056 276.418105086 6053.72634871
35.0 0.0421021382736 274.897162605 6083.27231947
35.1 0.0416528998472 273.458011363 6114.42305287
35.2 0.0412097125614 272.030409936 6145.64294184
35.3 0.0407724780638 270.620399153 6177.07267308
35.4 0.0403410998728 269.214550158 6208.4097106
35.5 0.0399154833368 267.818214218 6239.77646168
35.6 0.0394955355947 266.432036265 6271.18967813
35.7 0.0390811655369 265.061374932 6302.77887768
35.8 0.0386722837675 263.705108323 6334.52317648
35.9 0.0382688025676 262.358349486 6366.30935708
36.0 0.0378706358592 260.991527716 6397.41445542
36.1 0.0374776991697 259.630282156 6428.45322523
36.2 0.0370899095983 258.32463254 6460.67554496
36.3 0.0367071857819 257.011663189 6492.52874266
36.4 0.0363294478629 255.71314432 6524.5576841
36.5 0.0359566174569 254.317062352 6553.88167559
36.6 0.035588617622 253.033890612 6585.89849953
36.7 0.0352253728281 251.770730886 6618.24825613
36.8 0.0348668089273 250.50815589 6650.42579065
36.9 0.0345128531252 249.263503038 6682.89139332
37.0 0.0341634339523 247.998686043 6714.62306893
37.1 0.0338184812364 246.754635757 6746.718847
37.2 0.0334779260758 245.537182071 6779.35129748
37.3 0.0331417008131 244.321207198 6811.83665233
37.4 0.032809739009 243.132788398 6844.90534504
37.5 0.0324819754177 241.936762576 6877.57550222
37.6 0.032158345962 240.76210509 6910.6676777
37.7 0.0318387877094 239.588264258 6943.59916816
37.8 0.031523238849 238.426145483 6976.68494159
37.9 0.0312116386682 237.27274948 7009.84144827
38.0 0.0309039275305 236.083239813 7041.73394311
38.1 0.0306000468538 234.876774696 7072.90355729
38.2 0.0302999390888 233.757829813 7106.50676876
38.3 0.0300035476984 232.630010912 7139.65605398
38.4 0.0297108171372 231.523753274 7173.28190617
38.5 0.0294216928316 230.423307493 7206.90594577
38.6 0.0291361211603 229.322596613 7240.33676288
38.7 0.0288540494352 228.193540027 7272.6744712
38.8 0.0285754258832 227.117683032 7306.51218573
38.9 0.0283001996275 226.048243459 7340.37402016
39.0 0.0280283206699 224.98200299 7374.15568741
39.1 0.0277597398739 223.931867509 7408.2824382
39.2 0.0274944089472 222.885540945 7442.35392165
39.3 0.0272322804253 221.84648808 7476.4858536
39.4 0.026973307655 220.755625508 7508.67081042
39.5 0.0267174447792 219.701443411 7541.89301247
39.6 0.0264646467205 218.692824075 7576.49005942
39.7 0.0262148691664 217.637128022 7609.26178851
39.8 0.0259680685546 216.631320069 7643.57968992
39.9 0.0257242020583 215.643177036 7678.33989383
40.0 0.0254832275719 214.649872651 7712.73489123
40.1 0.0252451036971 213.673202434 7747.54543255
40.2 0.0250097897295 212.653962897 7780.61727482
40.3 0.024777245645 211.665059104 7814.59526148
40.4 0.0245474320872 210.699992681 7849.2629084
40.5 0.024320310354 209.701142756 7882.47371843
40.6 0.0240958423858 208.709669296 7915.75004039
40.7 0.0238739907528 207.746685981 7949.90264041
40.8 0.0236547186434 206.736385085 7982.02916169
40.9 0.0234379898524 205.819303222 8017.55064007
41.0 0.0232237687694 204.898412862 8052.7458794
41.1 0.0230120203678 203.980569666 8087.87841217
41.2 0.0228027101939 203.085296442 8123.72802946
41.3 0.0225958043558 202.179598537 8158.98279556
41.4 0.0223912695134 201.293927339 8194.86703769
41.5 0.0221890728677 200.402416122 8230.33559889
41.6 0.0219891821511 199.466747903 8263.79047295
41.7 0.0217915656173 198.558058071 8298.15220216
41.8 0.0215961920315 197.690377508 8334.0371794
41.9 0.0214030306615 196.826404325 8369.89986231
42.0 0.0212120512679 195.975486945 8406.14111648
42.1 0.0210232240953 195.114319887 8441.76294195
42.2 0.0208365198635 194.274879301 8478.14509485
42.3 0.0206519097586 193.43580034 8514.36743859
42.4 0.0204693654246 192.601350134 8550.61567536
42.5 0.0202888589551 191.77142857 8586.88644152
42.6 0.0201103628851 190.956266342 8623.64280032
42.7 0.019933850183 190.133898842 8659.89727086
42.8 0.0197592942426 189.315124483 8696.13339211
42.9 0.019586668876 188.392278339 8727.36358018
43.0 0.0194159483052 187.48584436 8759.08975801
43.1 0.0192471071557 186.636618323 8793.2485184
43.2 0.0190801204483 185.838935587 8829.63417073
43.3 0.018914963593 185.06852645 8867.14133474
43.4 0.0187516123813 184.27656788 8903.4399339
43.5 0.0185900429797 183.509257043 8940.75058279
43.6 0.0184302319233 182.74260468 8977.92073569
43.7 0.0182721561088 181.978667718 9015.04912019
43.8 0.0181157927885 181.212530146 9051.88953299
43.9 0.0179611195637 180.470321314 9089.75128255
44.0 0.017808114379 179.715142794 9126.78642857
44.1 0.0176567555159 178.974166257 9164.36604877
44.2 0.0175070215869 178.235902677 9201.9109831
44.3 0.01735889153 177.501925544 9239.50266021
44.4 0.0172123446029 176.770954287 9277.07543395
44.5 0.0170673603773 176.04810281 9314.8998328
44.6 0.0169239187337 175.194143267 9345.55549567
44.7 0.0167819998558 174.454188287 9382.04927162
44.8 0.0166415842255 173.743617325 9419.93812326
44.9 0.0165026526177 173.041266235 9458.10001679
45.0 0.0163651860949 172.336150591 9495.93674594
45.1 0.0162291660031 171.639662958 9534.07359677
45.2 0.0160945739659 170.952869457 9572.57798767
45.3 0.0159613918807 170.184982404 9606.33455215
45.4 0.0158296019134 169.464354849 9642.5324366
45.5 0.0156991864941 168.782045179 9680.7190172
45.6 0.0155701283126 168.103436997 9718.9415857
45.7 0.0154424103141 167.439661914 9757.8501557
45.8 0.0153160156946 166.772635228 9796.39925019
45.9 0.0151909278969 166.11015719 9835.04242606
46.0 0.0150671306063 165.454109044 9873.89458482
46.1 0.0149446077467 164.794753205 9912.37536132
46.2 0.0148233434767 164.145793951 9951.30712946
46.3 0.0147033221851 163.501930857 9990.37713716
46.4 0.0145845284879 162.861813389 10029.5058394
46.5 0.0144669472237 162.158165157 10064.5193831
46.6 0.0143505634507 161.515012242 10103.0795425
46.7 0.0142353624425 160.880939628 10142.029526
46.8 0.0141213296849 160.263789231 10181.8771685
46.9 0.0140084508724 159.634776522 10220.8008835
47.0 0.0138967119044 158.978964731 10257.8156273
47.1 0.0137860988823 158.335782163 10295.4412494
47.2 0.0136765981059 157.71932261 10334.61633
47.3 0.0135681960702 157.086969803 10372.563522
47.4 0.0134608794622 156.448972094 10409.9368357
47.5 0.013354635158 155.800136746 10446.3756142
47.6 0.0132494502194 155.180916917 10484.5924138
47.7 0.0131453118909 154.588489487 10524.4369225
47.8 0.0130422075972 154.00124385 10564.4646269
47.9 0.0129401249397 153.416024273 10604.4619379
48.0 0.0128390516941 152.832284207 10644.3904273
48.1 0.0127389758071 152.22129942 10682.2331385
48.2 0.0126398853943 151.614614988 10720.1735491
48.3 0.012541768737 151.043026707 10760.4086363
48.4 0.0124446142798 150.471479468 10800.4749467
48.5 0.0123484106277 149.911244109 10841.1841007
48.6 0.0122531465439 149.342995749 10881.14296
48.7 0.0121588109472 148.795882945 10922.4746148
48.8 0.0120653929094 148.236593551 10962.7467168
48.9 0.0119728816528 147.682628648 11003.2396635
49.0 0.0118812665482 147.136539734 11044.1503136
49.1 0.0117905371121 146.593538072 11085.1262363
49.2 0.011700683005 146.050741051 11125.9495914
49.3 0.0116116940283 145.511838326 11166.9004464
49.4 0.011523560123 144.97729692 11208.0180768
49.5 0.0114362713667 144.439554986 11248.717598
49.6 0.0113498179723 143.916337265 11290.3806224
49.7 0.0112641902851 143.334363932 11327.2377112
49.8 0.0111793787811 142.805772223 11368.1102351
49.9 0.0110953740653 142.285031621 11409.4364931
50.0 0.0110121668689 141.769350705 11451.0013551
50.1 0.0109297480482 141.252332056 11492.2898679
50.2 0.0108481085821 140.743451357 11534.0728461
50.3 0.0107672395705 140.237602096 11575.9398897
50.4 0.0106871322323 139.725373321 11617.1106506
50.5 0.0106077779035 139.228579591 11659.3971309
50.6 0.0105291680358 138.696225636 11698.5226117
50.7 0.0104512941944 138.169576078 11737.9246556
50.8 0.0103741480565 137.660992683 11778.6677791
50.9 0.0102977214094 137.089506305 11813.8040273
51.0 0.0102220061491 136.57904701 11853.969823
51.1 0.0101469942785 136.061491947 11893.3197857
51.2 0.0100726779058 135.577733179 11935.4370537
51.3 0.00999904924287 135.100683992 11977.9799875
51.4 0.00992610060376 134.562528044 12014.9027419
51.5 0.00985382440315 134.087257909 12057.2357048
51.6 0.0097822131548 133.61470321 12099.6461093
51.7 0.00971125947012 133.147233509 12142.3519998
51.8 0.00964095605667 132.677773347 12184.7101397
51.9 0.00957129571675 132.209633935 12227.0196944
52.0 0.00950227134598 131.757499535 12270.6475401
52.1 0.00943387593191 131.294704889 12313.1209907
52.2 0.00936610255267 130.836563597 12355.8621624
52.3 0.00929894437562 130.379214834 12398.5098647
52.4 0.00923239465604 129.924360532 12441.2254392
52.5 0.0091664467358 129.43783399 12480.7162107
52.6 0.00910109404216 128.987736903 12523.5275178
52.7 0.00903633008643 128.535381728 12565.9470362
52.8 0.0089721484628 128.047776749 12604.7193734
52.9 0.00890854284709 127.606281542 12647.8335929
53.0 0.00884550699558 127.16870815 12691.1701337
53.1 0.00878303474385 126.680099973 12729.2116897
53.2 0.00872112000557 126.248898037 12772.820863
53.3 0.00865975677143 125.820492528 12816.5503997
53.4 0.00859893910798 125.393414626 12860.2523901
53.5 0.00853866115657 124.966562145 12903.8127176
53.6 0.00847891713222 124.542981039 12947.5454227
53.7 0.0084197013226 124.125265281 12991.7258264
53.8 0.00836100808699 123.701379754 13035.0951124
53.9 0.00830283185521 123.290485208 13079.669774
54.0 0.00824516712663 122.876249822 13123.7302875
54.1 0.00818800846919 122.460911838 13167.5070994
54.2 0.00813135051842 122.053839787 13212.0088798
54.3 0.00807518797642 121.646202122 13256.2881562
54.4 0.00801951561101 121.239222995 13300.4749715
54.5 0.00796432825471 120.836576295 13344.9734786
54.6 0.00790962080387 120.435303626 13389.4613168
54.7 0.00785538821775 119.99375615 13429.2773363
54.8 0.00780162551762 119.589402824 13473.0562982
54.9 0.00774832778594 119.186014155 13516.7694602
55.0 0.00769549016542 118.748164909 13556.37175
55.1 0.00764310785822 118.356247223 13601.0203422
55.2 0.00759117612514 117.947836464 13643.5953739
55.3 0.00753969028472 117.538886516 13685.9137538
55.4 0.00748864571253 117.15235031 13730.6612192
55.5 0.00743803784028 116.773752671 13776.1786396
55.6 0.00738786215513 116.38769753 13820.6532243
55.7 0.00733811419883 116.013544691 13866.3786381
55.8 0.00728878956705 115.635586878 13911.4901
55.9 0.00723988390856 115.261078028 13956.8541403
56.0 0.00719139292454 114.887168673 14002.128685
56.1 0.00714331236783 114.517859476 14047.8029956
56.2 0.00709563804224 114.148573673 14093.3200542
56.3 0.00704836580185 113.780948302 14138.8804502
56.4 0.00700149155029 113.411642813 14184.0674847
56.5 0.00695501124011 113.05331417 14230.4673709
56.6 0.00690892087204 112.689311523 14275.9944611
56.7 0.00686321649442 112.33094891 14322.0745946
56.8 0.00681789420248 111.970259911 14367.6964824
56.9 0.00677295013773 111.595846165 14411.3795594
57.0 0.00672838048735 111.163985664 14447.4046082
57.1 0.00668418148352 110.809554948 14493.2666837
57.2 0.00664034940285 110.461569113 14539.8120504
57.3 0.0065968805658 110.111946487 14585.9834892
57.4 0.00655377133601 109.764268649 14632.251509
57.5 0.00651101811982 109.417841781 14678.5251226
57.6 0.0064686173656 109.075127125 14725.1369516
57.7 0.00642656556326 108.653910516 14760.9246466
57.8 0.00638485924366 108.29573482 14805.0338923
57.9 0.00634349497805 107.923551937 14847.024205
58.0 0.00630246937756 107.504037368 14882.2429944
58.1 0.00626177909266 107.147460703 14925.92461
58.2 0.00622142081263 106.813792897 14972.6189205
58.3 0.00618139126504 106.479498483 15019.0634049
58.4 0.00614168721526 106.152948145 15066.4416919
58.5 0.00610230546594 105.824700932 15113.4232077
58.6 0.00606324285654 105.495139491 15160.0556968
58.7 0.00602449626281 105.156188975 15205.1652959
58.8 0.00598606259637 104.803576255 15248.1022707
58.9 0.00594793880417 104.478292078 15294.8275478
59.0 0.00591012186807 104.154760961 15341.6449888
59.1 0.00587260880437 103.795355817 15382.9800788
59.2 0.00583539666337 103.483020974 15431.1002944
59.3 0.0057984825289 103.161901506 15477.7517077
59.4 0.00576186351791 102.847747939 15525.2850116
59.5 0.00572553678005 102.526204016 15571.5363431
59.6 0.00568949949718 102.181649446 15614.095517
59.7 0.00565374888303 101.871745444 15661.7601707
59.8 0.00561828218275 101.562629361 15709.3868207
59.9 0.0055830966725 101.257311543 15757.4434653
60.0 0.00554818965906 100.951768683 15805.3082803
60.1 0.00551355847944 100.647661299 15853.239519
60.2 0.00547920050047 100.329918952 15898.8504661
60.3 0.00544511311846 99.9628437691 15936.4082091
60.4 0.00541129375876 99.6226368029 15977.9890653
60.5 0.00537773987545 99.3247479247 16026.1602673
60.6 0.00534444895092 98.9855066209 16067.4603151
60.7 0.00531141849556 98.6936832617 16116.2615088
60.8 0.00527864604736 98.3956318431 16163.8872217
60.9 0.00524612917159 98.1048228404 16212.542595
61.0 0.00521386546042 97.8144913821 16261.1217738
61.1 0.00518185253263 97.5262956091 16309.9008787
61.2 0.00515008803321 97.2336944831 16357.7832736
61.3 0.00511856963309 96.9510948285 16407.1912419
61.4 0.00508729502876 96.6647780599 16455.816861
61.5 0.005056261942 96.3450594194 16498.5629891
61.6 0.00502546811951 96.0619016754 16547.3771303
61.7 0.00499491133264 95.7808909316 16596.4047536
61.8 0.00496458937705 95.5010290421 16645.4758803
61.9 0.00493450007244 95.1937565259 16689.5843641
62.0 0.0049046412622 94.9059561988 16736.9108186
62.1 0.00487501081317 94.6245220029 16785.1879014
62.2 0.00484560661531 94.3130523716 16827.9377625
62.3 0.00481642658143 94.0443312968 16878.1262883
62.4 0.0047874686469 93.7710187411 16927.3391171
62.5 0.00475873076936 93.4994501077 16976.7095954
62.6 0.00473021092847 93.23037822 17026.378187
62.7 0.00470190712563 92.9288572336 17069.9311639
62.8 0.00467381738369 92.6262041477 17113.0482032
62.9 0.0046459397467 92.2976405973 17151.1182913
63.0 0.00461827227968 92.0151214058 17197.5031625
63.1 0.0045908130683 91.6991145183 17237.3982668
63.2 0.00456356021868 91.4144293723 17282.9449576
63.3 0.00453651185713 91.1183401233 17326.1179697
63.4 0.00450966612986 90.8372126698 17371.9193949
63.5 0.00448302120282 90.5349958869 17413.4614579
63.6 0.00445657526137 90.2792260996 17463.7359928
63.7 0.0044303265101 89.9855186182 17506.477235
63.8 0.00440427317259 89.6526154059 17541.3101472
63.9 0.00437841349117 89.364907527 17584.7065549
64.0 0.00435274572668 89.112665797 17634.8894421
64.1 0.00432726815829 88.8627506733 17685.3801506
64.2 0.00430197908323 88.5860330607 17730.3539722
64.3 0.00427687681658 88.321097296 17777.4836456
64.4 0.00425195969111 87.9859370577 17810.2067984
64.5 0.00422722605699 87.7163354099 17855.9205008
64.6 0.00420267428163 87.4642082938 17905.0034769
64.7 0.00417830274946 87.1922034596 17949.8238835
64.8 0.00415410986173 86.9456411052 17999.6924843
64.9 0.00413009403631 86.7054406424 18050.7228895
65.0 0.00410625370748 86.4457895588 18097.5310294
65.1 0.00408258732576 86.1713290413 18141.0232417
65.2 0.00405909335768 85.9013928063 18185.2375301
65.3 0.00403577028562 85.6408532144 18231.2242649
65.4 0.00401261660763 85.3791964445 18276.7633889
65.5 0.00398963083719 85.1212804964 18322.8939149
65.6 0.00396681150312 84.8593746062 18367.9531811
65.7 0.00394415714929 84.6264398623 18419.0981655
65.8 0.00392166633454 84.3974060505 18470.9440429
65.9 0.00389933763243 84.1637860271 18521.6348763
66.0 0.00387716963114 83.8904351962 18563.3748045
66.1 0.00385516093321 83.6352943798 18608.9079577
66.2 0.00383331015546 83.4041236375 18659.5869126
66.3 0.00381161592876 83.1775532122 18711.1400292
66.4 0.0037900768979 82.9535339445 18763.1184592
66.5 0.00376869172142 82.7285403139 18814.7275589
66.6 0.00374745907144 82.504474203 18866.3962989
66.7 0.00372637763352 82.2782637613 18917.4195508
66.8 0.00370544610647 82.0618429244 18970.5457425
66.9 0.00368466320226 81.8373936631 19021.667991
67.0 0.0036640276458 81.6164892137 19073.4582555
67.1 0.00364353817483 81.3764283559 19120.5936855
67.2 0.00362319353975 81.148888226 19170.482131
67.3 0.00360299250351 80.9309633691 19222.4789158
67.4 0.00358293384141 80.7152373219 19274.8475798
67.5 0.00356301634102 80.4987646505 19326.8871598
67.6 0.00354323880199 80.2856367919 19379.580088
67.7 0.00352360003594 80.0705965535 19431.6612784
67.8 0.00350409886631 79.8605605079 19484.8085407
67.9 0.00348473412824 79.6457442966 19536.6391863
68.0 0.0034655046684 79.4379403283 19590.0402518
68.1 0.00344640934493 79.2231383968 19641.5636678
68.2 0.00342744702722 79.0156055839 19694.7355145
68.3 0.00340861659586 78.8020054437 19746.2406002
68.4 0.00338991694246 78.5619926796 19790.9271326
68.5 0.00337134696955 78.3290444881 19837.1648898
68.6 0.00335290559047 78.1201135954 19889.2957711
68.7 0.00333459172921 77.8893248771 19935.6727075
68.8 0.00331640432032 77.6779724098 19986.8296834
68.9 0.00329834230879 77.4524402779 20034.1481527
69.0 0.0032804046499 77.2397447272 20084.5927077
69.1 0.00326259030917 77.0364177481 20137.3070209
69.2 0.00324489826216 76.8043594089 20182.3156454
69.3 0.00322732749445 76.5718197703 20226.9597428
69.4 0.00320987700143 76.3452867279 20272.957422
69.5 0.0031925457883 76.127208942 20320.9846679
69.6 0.00317533286985 75.9195691325 20371.6063004
69.7 0.00315823727043 75.6979452093 20418.2762537
69.8 0.00314125802383 75.4936622508 20469.4266368
69.9 0.00312439417316 75.2991621149 20523.0683542
70.0 0.00310764477073 75.0899312135 20572.5246677
70.1 0.00309100887799 74.8825020849 20622.283479
70.2 0.00307448556543 74.6877669301 20675.3653114
70.3 0.00305807391241 74.4980068303 20729.6745248
70.4 0.00304177300717 74.3060276815 20783.2182228
70.5 0.00302558194662 74.1004995401 20832.7993223
70.6 0.00300949983635 73.8336556403 20864.8581496
70.7 0.00299352579046 73.6231931127 20912.5562149
70.8 0.00297765893148 73.4315399081 20965.4100611
70.9 0.00296189839032 73.2490547862 21020.7331279
71.0 0.00294624330613 73.0630444627 21074.9023356
71.1 0.00293069282624 72.8517390133 21121.5883291
71.2 0.00291524610603 72.6636538058 21174.8142337
71.3 0.00289990230892 72.4554495924 21221.9872361
71.4 0.0028846606062 72.2337901018 21264.9767202
71.5 0.00286952017698 72.035518264 21314.6211006
71.6 0.00285448020813 71.8127618482 21356.7862271
71.7 0.00283953989416 71.6283836963 21410.148839
71.8 0.00282469843713 71.4461264266 21463.9881725
71.9 0.00280995504662 71.271523637 21519.9825729
72.0 0.00279530893959 71.089485324 21573.5855906
72.1 0.00278075934034 70.9149082374 21629.3045729
72.2 0.00276630548042 70.7363851458 21683.6750022
72.3 0.00275194659855 70.5622042779 21739.2300484
72.4 0.00273768194054 70.3852257453 21793.7770195
72.5 0.00272351075923 70.2115573382 21849.2015021
72.6 0.00270943231439 70.0360024721 21903.8916505
72.7 0.00269544587266 69.8638136521 21959.4875016
72.8 0.00268155070749 69.6631654157 22005.9494665
72.9 0.00266774609905 69.4886771796 22060.4807297
73.0 0.00265403133415 69.2926742204 22107.9923012
73.1 0.00264040570621 69.0154490013 22129.2347629
73.2 0.00262686851512 68.8413158435 22183.2098276
73.3 0.00261341906727 68.666891239 22236.9292316
73.4 0.00260005667538 68.4614846258 22280.401378
73.5 0.0025867806585 68.2858857281 22333.3559528
73.6 0.00257359034192 68.1190762268 22389.0267817
73.7 0.0025604850571 67.9523290604 22444.5719737
73.8 0.00254746414162 67.7725287324 22495.6363971
73.9 0.00253452693911 67.5954265666 22547.4080447
74.0 0.00252167279918 67.4263636275 22601.6882853
74.1 0.00250890107736 67.2455179729 22651.8375378
74.2 0.00249621113505 67.0855351709 22708.8459841
74.3 0.00248360233944 66.9230567418 22764.8694081
74.4 0.00247107406347 66.7486563921 22816.6712025
74.5 0.00245862568573 66.556062316 22862.0352362
74.6 0.00244625659047 66.368399932 22908.8501332
74.7 0.00243396616749 66.196765431 22960.9870502
74.8 0.00242175381207 65.9961945691 23002.8524927
74.9 0.00240961892496 65.7761746604 23037.6200257
75.0 0.00239756091232 65.6110970831 23091.3692344
75.1 0.00238557918559 65.4535474568 23147.6102233
75.2 0.00237367316155 65.2985222333 23204.6014841
75.3 0.00236184226217 65.1301623515 23256.6910911
75.4 0.0023500859146 64.9422761168 23301.5865088
75.5 0.00233840355113 64.781691582 23356.0673301
75.6 0.00232679460908 64.6114382176 23406.879857
75.7 0.00231525853081 64.4287474482 23452.9636772
75.8 0.00230379476365 64.2722549189 23508.3827671
75.9 0.00229240275982 64.1194499021 23564.9994669
76.0 0.00228108197643 63.9685107952 23622.1585601
76.1 0.00226983187539 63.8172716168 23679.0643039
76.2 0.00225865192336 63.6666451036 23736.0534569
76.3 0.00224754159174 63.5018214036 23787.5796227
76.4 0.0022365003566 63.3245576081 23834.2261645
76.5 0.00222552769862 63.1741302635 23890.7773653
76.6 0.00221462310304 63.0275085132 23948.6244414
76.7 0.00220378605967 62.8625213668 23999.3217049
76.8 0.00219301606276 62.6732882547 24040.5118453
76.9 0.00218231261102 62.4845285562 24081.5873856
77.0 0.00217167520756 62.3369030893 24138.2930215
77.1 0.00216110335982 62.1908531315 24195.4613124
77.2 0.00215059657955 62.0319852326 24247.4727814
77.3 0.00214015438277 61.8230032212 24279.6074706
77.4 0.00212977628972 61.6527023394 24326.6218643
77.5 0.00211946182481 61.4878446747 24375.5514827
77.6 0.00210921051658 61.3287037967 24426.5332578
77.7 0.00209902189769 61.1758793902 24479.8368586
77.8 0.00208889550481 61.0332847204 24537.0688057
77.9 0.00207883087868 60.8736583366 24587.2735896
78.0 0.00206882756396 60.7042328746 24633.2879203
78.1 0.00205888510928 60.5631665514 24690.6104296
78.2 0.00204900306714 60.42463742 24748.8239707
78.3 0.00203918099393 60.2855835456 24806.6811983
78.4 0.00202941844981 60.1485366232 24865.223844
78.5 0.00201971499877 60.0109743555 24923.4140333
78.6 0.00201007020851 59.873641724 24981.5577863
78.7 0.00200048365046 59.7372515855 25039.9533826
78.8 0.00199095489969 59.6000953984 25097.8849637
78.9 0.00198148353494 59.4249166375 25139.5849227
79.0 0.00197206913852 59.2812189988 25194.3678999
79.1 0.00196271129633 59.1494580593 25254.0714567
79.2 0.00195340959776 58.9918120423 25302.5414919
79.3 0.00194416363573 58.8214253177 25345.2870234
79.4 0.00193497300661 58.6564358956 25390.0814747
79.5 0.00192583731019 58.5138662427 25444.3564886
79.6 0.00191675614966 58.3627009051 25494.6948282
79.7 0.00190772913155 58.2283517504 25552.1944369
79.8 0.00189875586575 58.07275728 25600.1754838
79.9 0.00188983596542 57.9182381414 25648.3925032
80.0 0.00188096904699 57.7823490962 25704.6589819
80.1 0.00187215473014 57.6006691124 25740.2974829
80.2 0.0018633926377 57.4348693345 25782.7118098
80.3 0.00185468239574 57.2454529631 25814.1854372
80.4 0.0018460236334 57.0799586106 25856.1052231
80.5 0.00183741598298 56.9432362497 25910.8220369
80.6 0.00182885907983 56.7693986865 25948.394731
80.7 0.00182035256236 56.6400955522 26006.0808496
80.8 0.00181189607199 56.4785429625 26048.7401736
80.9 0.00180348925316 56.3445636383 26103.8853473
81.0 0.00179513175323 56.1852639435 26147.0708651
81.1 0.00178682322254 56.0261778809 26190.0722552
81.2 0.00177856331428 55.8746116191 26236.3190493
81.3 0.00177035168458 55.7099745336 26276.1444351
81.4 0.00176218799238 55.5688644775 26326.8022937
81.5 0.00175407189946 55.4435270518 26384.7491754
81.6 0.00174600307038 55.2885608078 26428.3811414
81.7 0.0017379811725 55.1193264916 26464.8823371
81.8 0.0017300058759 54.9833392378 26517.0742161
81.9 0.00172207685339 54.8394050988 26565.2127459
82.0 0.00171419378046 54.7209318916 26625.4998026
82.1 0.0017063563353 54.6009218557 26684.9034334
82.2 0.00169856419869 54.4540663518 26730.9881799
82.3 0.00169081705408 54.2760539066 26761.451608
82.4 0.00168311458748 54.1247314406 26804.7359201
82.5 0.00167545648748 53.981401057 26851.7123087
82.6 0.00166784244521 53.8399964769 26899.4000955
82.7 0.00166027215432 53.7118903632 26953.516717
82.8 0.00165274531096 53.564800003 26997.8767411
82.9 0.00164526161376 53.4461686556 27056.3696491
83.0 0.00163782076379 53.322318391 27112.0588854
83.1 0.00163042246456 53.1983618171 27167.5187354
83.2 0.00162306642196 53.0852364708 27228.3566596
83.3 0.00161575234429 52.9587103819 27282.1602775
83.4 0.00160847994219 52.8131828579 27325.9396869
83.5 0.00160124892866 52.6644219579 27367.7584299
83.6 0.001594059019 52.5301566774 27416.8454076
83.7 0.00158690993081 52.3996740743 27467.6812018
83.8 0.00157980138397 52.2611990293 27514.0902288
83.9 0.00157273310061 52.1159880858 27556.6800566
84.0 0.00156570480508 51.9834829334 27605.7266051
84.1 0.00155871622396 51.8520897891 27655.1315808
84.2 0.00155176708601 51.7384916566 27713.8368284
84.3 0.00154485712217 51.6146782059 27766.8951242
84.4 0.00153798606554 51.4703732303 27808.6815448
84.5 0.00153115365131 51.3422338981 27858.9416909
84.6 0.00152435961684 51.2171898134 27910.6636898
84.7 0.00151760370154 51.0840030056 27957.7167954
84.8 0.00151088564691 50.9583089147 28008.6354448
84.9 0.00150420519651 50.8520800972 28070.0791974
85.0 0.00149756209593 50.7352988961 28125.5435049
85.1 0.00149095609276 50.616578143 28179.7467042
85.2 0.00148438693663 50.4896171157 28229.150315
85.3 0.00147785437911 50.3683404756 28281.5120644
85.4 0.00147135817376 50.2374312211 28328.2336117
85.5 0.00146489807607 50.1042705362 28373.4234844
85.6 0.00145847384347 49.9918004222 28430.1102361
85.7 0.0014520852353 49.8759149881 28484.6744052
85.8 0.00144573201277 49.7578156052 28537.7783972
85.9 0.001439413939 49.6236791274 28581.4425596
86.0 0.00143313077895 49.4906053654 28625.4382336
86.1 0.00142688229942 49.3644309565 28673.1611049
86.2 0.00142066826904 49.213708982 28706.3166917
86.3 0.00141448845825 49.1096228015 28766.4180041
86.4 0.00140834263929 48.995331916 28820.3724731
86.5 0.00140223058617 48.8881651829 28878.3388651
86.6 0.00139615207466 48.7836722845 28937.7284934
86.7 0.00139010688227 48.6647871322 28988.3937607
86.8 0.00138409478826 48.4971484833 29009.6711861
86.9 0.00137811557359 48.367237448 29053.139632
87.0 0.00137216902092 48.2452733144 29101.1169374
87.1 0.00136625491459 48.1422900666 29160.3443328
87.2 0.00136037304061 47.9892740133 29188.9868064
87.3 0.00135452318667 47.8692578781 29237.3764282
87.4 0.00134870514206 47.7508190515 29286.4900902
87.5 0.00134291869772 47.6484735922 29345.2777989
87.6 0.0013371636462 47.5368196168 29398.1517872
87.7 0.00133143978163 47.4378003566 29458.6653548
87.8 0.00132574689974 47.3227526617 29509.0407005
87.9 0.00132008479782 47.2243760488 29569.6269183
88.0 0.00131445327472 47.1164976003 29624.0955382
88.1 0.00130885213083 46.9965791546 29670.7684706
88.2 0.00130328116805 46.8948306189 29728.7011729
88.3 0.00129774018984 46.7776237565 29776.6276642
88.4 0.0012922290011 46.6674966733 29828.8305611
88.5 0.00128674740826 46.5574456728 29880.8686047
88.6 0.00128129521922 46.4432028987 29929.9900965
88.7 0.00127587224332 46.3045238896 29963.0599395
88.8 0.00127047829137 46.1895735302 30011.1763057
88.9 0.00126511317562 46.0801105409 30062.6253494
89.0 0.00125977670972 45.9666137725 30111.2119495
89.1 0.00125446870876 45.8680594217 30169.3832564
89.2 0.00124918898919 45.7437863047 30210.4038253
89.3 0.0012439373689 45.6036065448 30240.5709019
89.4 0.00123871366711 45.51323268 30303.5059269
89.5 0.00123351770443 45.4181924454 30363.1946942
89.6 0.00122834930281 45.3013711305 30408.1096064
89.7 0.00122320828553 45.2041880725 30465.9862254
89.8 0.00121809447722 45.0853316582 30509.0279582
89.9 0.00121300770382 44.983958954 30563.6596771
90.0 0.00120794779257 44.8727820764 30611.4079795
90.1 0.00120291457199 44.730209113 30637.4009184
90.2 0.00119790787192 44.628897193 30691.3425583
90.3 0.00119292752344 44.5236206211 30742.3460713
90.4 0.00118797335891 44.4000030657 30780.4101645
90.5 0.00118304521192 44.2895025298 30827.2755743
90.6 0.00117814291733 44.177509678 30872.8404326
90.7 0.0011732663112 44.0700944202 30921.3490335
90.8 0.00116841523081 43.9559509605 30964.8735133
90.9 0.00116358951468 43.8487581404 31013.0296338
91.0 0.00115878900249 43.758977197 31073.3027594
91.1 0.00115401353514 43.6337631134 31108.1638626
91.2 0.00114926295467 43.5365802969 31162.7356983
91.3 0.00114453710433 43.4035842774 31191.3748221
91.4 0.00113983582849 43.2595688839 31211.6607335
91.5 0.00113515897269 43.0943922074 31216.1494567
91.6 0.0011305063836 42.9828519216 31259.0515767
91.7 0.00112587790904 42.9006318091 31323.0740138
91.8 0.00112127339791 42.8023446947 31375.199278
91.9 0.00111669270024 42.6587432116 31393.7620852
92.0 0.00111213566717 42.4975004224 31398.8108181
92.1 0.00110760215093 42.3972655779 31448.5267538
92.2 0.0011030920048 42.2711424953 31478.7319477
92.3 0.00109860508317 42.1452765215 31508.7433241
92.4 0.00109414124149 42.0189769651 31538.0422014
92.5 0.00108970033623 41.9158319327 31584.3962931
92.6 0.00108528222495 41.8092863571 31627.9203406
92.7 0.00108088676623 41.6962852412 31666.2619458
92.8 0.00107651381966 41.5819680515 31703.2798333
92.9 0.00107216324588 41.4411122634 31719.6542649
93.0 0.00106783490653 41.3002985251 31735.5693438
93.1 0.00106352866425 41.1974325405 31780.2634617
93.2 0.00105924438266 41.0759451679 31810.2679458
93.3 0.00105498192641 40.9677122666 31850.1938116
93.4 0.00105074116109 40.8775324625 31903.9042197
93.5 0.00104652195326 40.7625449618 31937.9795382
93.6 0.00104232417047 40.6508711926 31974.3105228
93.7 0.0010381476812 40.5288109567 32002.1073292
93.8 0.00103399235489 40.418407689 32038.745564
93.9 0.00102985806192 40.3366650631 32097.8607691
94.0 0.00102574467357 40.2206426418 32129.4368868
94.1 0.00102165206209 40.133761497 32184.0132605
94.2 0.00101758010061 40.0471615472 32238.6254653
94.3 0.00101352866319 39.9078960859 32250.487018
94.4 0.00100949762478 39.8096132346 32295.0750085
94.5 0.00100548686121 39.680941308 32314.6480915
94.6 0.00100149624923 39.5669371463 32345.752432
94.7 0.000997525666446 39.468906678 32389.5951791
94.8 0.000993574991331 39.3564156172 32421.2535621
94.9 0.000989644103233 39.2562468376 32462.7365201
95.0 0.000985732882356 39.1421068016 32492.3322009
95.1 0.000981841209751 39.0028508386 32500.6187046
95.2 0.000977968967315 38.9038195319 32542.0092795
95.3 0.000974116037781 38.7423705794 32530.7008734
95.4 0.000970282304712 38.6021645284 32536.6066983
95.5 0.000966467652491 38.5171047221 32588.6127227
95.6 0.000962671966323 38.4146656792 32625.6525535
95.7 0.000958895132217 38.2660320921 32622.9901906
95.8 0.000955137036988 38.1355474651 32635.2379338
95.9 0.000951397568249 38.0087068188 32650.1091717
96.0 0.0009476766144 37.9065955601 32685.8179559
96.1 0.000943974064628 37.8142392366 32729.6427349
96.2 0.000940289808895 37.6987507543 32753.1044719
96.3 0.000936623737936 37.5699256576 32764.5160791
96.4 0.000932975743251 37.4431310964 32777.1955039
96.5 0.000929345717097 37.3464646127 32815.8488928
96.6 0.000925733552487 37.2303659698 32837.0605807
96.7 0.000922139143179 37.1464173462 32886.3015494
96.8 0.000918562383672 37.0558081056 32929.4013763
96.9 0.0009150031692 36.9826088563 32987.7621812
97.0 0.000911461395727 36.8758126182 33015.8889311
97.1 0.000907936959938 36.7911905099 33063.562506
97.2 0.000904429759238 36.6771973424 33084.5082335
97.3 0.000900939691743 36.561487084 33103.4655584
97.4 0.000897466656275 36.4128719641 33092.0710059
97.5 0.000894010552356 36.2798452353 33094.2223707
97.6 0.000890571280203 36.1667094373 33114.0145436
97.7 0.000887148740723 36.037742643 33118.8193164
97.8 0.000883742835507 35.9356578304 33147.8711675
97.9 0.000880353466824 35.8255144448 33169.093817
98.0 0.000876980537617 35.7493581242 33221.4744248
98.1 0.000873623951496 35.6525414791 33254.3903695
98.2 0.000870283612734 35.5823939332 33311.9352841
98.3 0.000866959426261 35.5044808028 33362.0274907
98.4 0.000863651297661 35.3969847979 33384.0080661
98.5 0.000860359133162 35.3087027979 33423.758067
98.6 0.000857082839637 35.2265819338 33469.0747501
98.7 0.000853822324593 35.1315975143 33501.8787733
98.8 0.000850577496173 35.0247125253 33522.9545493
98.9 0.000847348263142 34.9482745571 33572.8552049
99.0 0.00084413453489 34.8318124431 33583.9542465
99.1 0.000840936221426 34.7045110775 33584.0676574
99.2 0.000837753233367 34.5815591207 33587.8294745
99.3 0.000834585481941 34.4518372772 33584.4437296
99.4 0.000831432878977 34.3279121984 33586.1301106
99.5 0.000828295336904 34.2414035246 33623.9971991
99.6 0.000825172768742 34.1356503577 33642.6021691
99.7 0.000822065088103 33.9825418831 33613.9295491
99.8 0.000818972209182 33.8709244664 33625.6675769
99.9 0.000815894046752 33.774301266 33651.8616848
100.0 0.000812830516164 33.6622940093 33662.2940093
100.1 0.000809781533339 33.5548991963 33676.86374
100.2 0.000806747014763 33.4763407875 33720.018907
100.3 0.000803726877487 33.396902706 33762.0320822
100.4 0.000800721039118 33.3066205649 33792.7820273
100.5 0.000797729417815 33.1838505766 33790.1082675
100.6 0.000794751932289 33.0682249722 33794.1520375
100.7 0.000791788501795 32.9664211166 33811.8380509
100.8 0.000788839046127 32.8563904676 33820.6213856
100.9 0.000785903485619 32.7409425159 33823.3103669
101.0 0.000782981741134 32.6469602855 33847.7136127
101.1 0.000780073734065 32.453925261 33768.667703
101.2 0.00077717938633 32.3187535378 33748.9187196
101.3 0.000774298620367 32.1911659046 33736.4198604
101.4 0.00077143135913 32.082302756 33742.9702879
101.5 0.000768577526084 31.9343319964 33707.7348754
101.6 0.000765737045206 31.7762138796 33660.9454341
101.7 0.000762909840975 31.6834068879 33682.7028407
101.8 0.000760095838371 31.5362185389 33646.0472631
101.9 0.000757294962872 31.432752942 33655.3961564
102.0 0.000754507140449 31.3289385891 33663.8904555
102.1 0.000751732297562 31.2043961286 33649.5473294
102.2 0.000748970361156 31.0833540313 33638.3454844
102.3 0.000746221258661 30.9497273851 33612.8531671
102.4 0.000743484917981 30.821829707 33592.8815963
102.5 0.0007407612675 30.7533041111 33637.1672224
102.6 0.000738050236069 30.6873525411 33684.0530152
102.7 0.000735351753009 30.5943418764 33700.9253419
102.8 0.000732665748103 30.4623520695 33674.2893579
102.9 0.000729992151598 30.3956475126 33719.3512157
103.0 0.000727330894196 30.3140495919 33747.6147277
103.1 0.000724681907052 30.2116475911 33752.2994256
103.2 0.000722045121772 30.1149223392 33762.8460671
103.3 0.000719420470411 30.0155247445 33769.9258782
103.4 0.000716807885465 29.9446204775 33808.6919883
103.5 0.000714207299872 29.8835770534 33858.3703353
103.6 0.000711618647006 29.8034148423 33886.1274577
103.7 0.000709041860674 29.7033440219 33890.8320215
103.8 0.000706476875116 29.5650343084 33851.255485
103.9 0.000703923624997 29.4465378542 33833.6364214
104.0 0.000701382045407 29.385480653 33881.5929389
104.1 0.000698852071857 29.3059033391 33907.9286746
104.2 0.000696333640276 29.1881840436 33889.635346
104.3 0.000693826687008 29.0766532545 33877.8980711
104.4 0.000691331148806 28.9304086492 33824.9667507
104.5 0.000688846962836 28.8050014967 33795.5902907
104.6 0.000686374066666 28.6922745579 33780.4159447
104.7 0.000683912398268 28.6102191125 33800.8512941
104.8 0.000681461896013 28.5170709813 33807.7581282
104.9 0.000679022498669 28.4022945449 33788.463968
105.0 0.000676594145398 28.3051215174 33789.5322088
105.1 0.000674176775753 28.2153314873 33798.9350146
105.2 0.000671770329673 28.1239425755 33805.9650426
105.3 0.000669374747485 28.0063748003 33780.9519562
105.4 0.000666989969895 27.8868064139 33752.8305693
105.5 0.000664615937992 27.7906901987 33752.4856542
105.6 0.000662252593239 27.6880274733 33743.6486398
105.7 0.000659899877472 27.5783178641 33725.6226793
105.8 0.000657557732902 27.4173706031 33644.0892379
105.9 0.000655226102106 27.3412626879 33665.9522178
106.0 0.000652904928025 27.2371359871 33652.8407243
106.1 0.000650594153967 27.1410184156 33649.0636211
106.2 0.000648293723598 27.0519923109 33653.5785052
106.3 0.000646003580941 26.9533213154 33645.5815152
106.4 0.000643723670377 26.8444916423 33624.3032312
106.5 0.000641453936636 26.7623043709 33635.8635408
106.6 0.000639194324801 26.6768298617 33642.8571853
106.7 0.000636944780302 26.5331837141 33575.7874222
106.8 0.000634705248913 26.4164507241 33541.9350231
106.9 0.00063247567675 26.2938176124 33499.8387068
107.0 0.000630256010271 26.1773187246 33464.8030828
107.1 0.00062804619627 26.0925240667 33469.7040217
107.2 0.000625846181876 25.9807926479 33439.4763304
107.3 0.000623655914551 25.9008143342 33449.5600069
107.4 0.000621475342089 25.8177253944 33455.1913759
107.5 0.000619304412608 25.7149039161 33434.7154277
107.6 0.000617143074556 25.608379981 33408.7825844
107.7 0.0006149912767 25.5232317958 33410.1686283
107.8 0.00061284896813 25.4609503496 33441.1121161
107.9 0.000610716098256 25.3901947856 33460.6117567
108.0 0.0006085926168 25.2615087993 33403.1572926
108.1 0.000606478473804 25.1449280654 33360.8929478
108.2 0.000604373619615 25.0647062174 33366.2635031
108.3 0.000602278004895 24.9840391063 33370.5948715
108.4 0.00060019158061 24.870741499 33330.7455338
108.5 0.000598114298033 24.7420218804 33269.4128408
108.6 0.000596046108739 24.6225325507 33219.6449118
108.7 0.000593986964603 24.4639821858 33116.1923805
108.8 0.000591936817802 24.3505930392 33072.9118042
108.9 0.000589895620804 24.259467019 33059.2090451
109.0 0.000587863326377 24.1685509002 33045.2315428
109.1 0.000585839887578 24.0311136639 32966.872027
109.2 0.000583825257754 23.8495262101 32826.7534345
109.3 0.000581819390542 23.6664743578 32683.2136476
109.4 0.000579822239865 23.4947049293 32553.8886705
109.5 0.000577833759928 23.406245791 32539.0608365
109.6 0.000575853905221 23.3297963062 32540.4278248
109.7 0.000573882630512 23.2559003834 32544.9206176
109.8 0.000571919890847 23.1458842939 32498.2722327
109.9 0.000569965641549 23.0347049477 32449.2211466
110.0 0.000568019838216 22.9358304603 32416.7832228
110.1 0.000566082436717 22.8280570483 32371.0597264
110.2 0.000564153393192 22.7119481939 32312.7244385
110.3 0.000562232664049 22.5819571964 32233.7393688
110.4 0.000560320205963 22.4921160001 32211.2850494
110.5 0.000558415975873 22.4157053841 32207.5343866
110.6 0.000556519930982 22.3100383425 32161.1394814
110.7 0.000554632028753 22.1819425156 32081.5571279
110.8 0.000552752226909 22.0754343723 32032.3342845
110.9 0.000550880483429 21.9868178845 32008.3945499
111.0 0.00054901675655 21.905105915 31993.9432701
111.1 0.000547161004761 21.7949929657 31937.3418671
111.2 0.000545313186804 21.7201346916 31931.7625989
111.3 0.000543473261669 21.6688270853 31960.4474244
111.4 0.000541641188597 21.6103108533 31978.2178481
111.5 0.000539816927076 21.5119263587 31936.4817709
111.6 0.000538000436837 21.4312320508 31920.3882547
111.7 0.000536191677856 21.3391997245 31886.8153324
111.8 0.000534390610351 21.2456864164 31850.3723559
111.9 0.000532597194778 21.1433678934 31800.0190869
112.0 0.000530811391834 21.0678503294 31789.3499066
112.1 0.00052903316245 20.9766047155 31754.3749191
112.2 0.000527262467794 20.8596284884 31679.6693412
112.3 0.000525499269268 20.748262128 31612.6018335
112.4 0.000523743528503 20.6498776243 31564.5201913
112.5 0.000521995207364 20.5554980579 31521.8472837
112.6 0.000520254267941 20.4693598562 31491.1571105
112.7 0.000518520672554 20.3661660633 31433.5257043
112.8 0.000516794383747 20.257219954 31366.1976973
112.9 0.000515075364289 20.1338565167 31275.6236506
113.0 0.00051336357717 20.0218262389 31201.7130026
113.1 0.000511658985603 19.8964772144 31106.0914714
113.2 0.000509961553017 19.7939308877 31045.2083648
113.3 0.000508271243064 19.6891766918 30980.051058
113.4 0.000506588019607 19.5694357173 30890.4113109
113.5 0.000504911846728 19.4884484716 30861.1597381
113.6 0.000503242688721 19.3949005666 30811.3622697
113.7 0.000501580510091 19.2946252679 30750.1214307
113.8 0.000499925275556 19.197976988 30693.8861601
113.9 0.000498276950041 19.0819438732 30605.7997583
114.0 0.000496635498679 18.9825400793 30543.5094379
114.1 0.000495000886811 18.8904894545 30492.2941004
114.2 0.000493373079981 18.8302811134 30491.9192338
114.3 0.000491752043937 18.7821564397 30510.7771522
114.4 0.000490137744631 18.6656650659 30417.9497017
114.5 0.000488530148213 18.5443350807 30316.2292599
114.6 0.000486929221033 18.3920323119 30162.6769868
114.7 0.000485334929641 18.242629186 30012.5320881
114.8 0.000483747240782 18.1263773891 29915.7621321
114.9 0.000482166121397 18.0114078202 29820.11843
115.0 0.000480591538621 17.9336952016 29785.3662554
115.1 0.000479023459782 17.8304575176 29707.4867299
115.2 0.000477461852398 17.7661166549 29693.7473161
115.3 0.00047590668418 17.678590959 29640.671134
115.4 0.000474357923025 17.5547591829 29525.8196174
115.5 0.000472815537021 17.4596099264 29458.263289
115.6 0.000471279494439 17.3766324365 29410.5097873
115.7 0.000469749763736 17.2798246296 29338.6025358
115.8 0.000468226313555 17.1978348097 29291.1109386
115.9 0.00046670911272 17.0932568073 29204.3597782
116.0 0.000465198130236 17.0233988075 29176.203159
116.1 0.00046369333529 16.916101244 29083.1359495
116.2 0.000462194697245 16.7951971229 28965.6547771
116.3 0.000460702185646 16.6717877174 28842.7414048
116.4 0.000459215770211 16.5999189933 28808.1445323
116.5 0.000457735420836 16.5302342167 28776.7746719
116.6 0.00045626110759 16.4395411868 28708.1647988
116.7 0.000454792800715 16.3643496494 28665.9248328
116.8 0.000453330470626 16.2864136337 28618.2438477
116.9 0.000451874087908 16.1868513733 28531.792347
117.0 0.000450423623317 16.0734278355 28419.9417112
117.1 0.000448979047776 15.9693533412 28323.6265413
117.2 0.000447540332377 15.8577543723 28212.9771417
117.3 0.000446107448377 15.791115688 28181.5320499
117.4 0.0004446803672 15.723632555 28148.0347197
117.5 0.000443259060432 15.6330735875 28072.5476694
117.6 0.000441843499823 15.5337163697 27980.40195
117.7 0.000440433657287 15.4596708493 27933.0785905
117.8 0.000439029504897 15.3955389837 27903.0901416
117.9 0.000437631014886 15.330565701 27871.0476118
118.0 0.000436238159647 15.25836889 27825.2962464
118.1 0.000434850911728 15.1651423739 27740.4575645
118.2 0.000433469243838 15.0895567196 27687.1288428
118.3 0.000432093128839 14.9710844806 27554.2049286
118.4 0.000430722539748 14.8442203812 27404.6382134
118.5 0.000429357449737 14.7529340883 27319.7055273
118.6 0.000427997832129 14.6915149077 27289.4008912
118.7 0.0004266436604 14.6191190447 27238.1315116
118.8 0.000425294908176 14.505536107 27109.2475873
118.9 0.000423951549234 14.3921174359 26979.5577453
119.0 0.000422613557499 14.2828199177 26856.5010255
119.1 0.000421280907043 14.1848261828 26753.6913616
119.2 0.000419953572086 14.1322833914 26735.9207222
119.3 0.000418631526994 14.0479297044 26657.3599292
119.4 0.000417314746276 13.9505393581 26553.1901168
119.5 0.000416003204589 13.8481977781 26438.6182235
119.6 0.000414696876729 13.7668113717 26363.1647722
119.7 0.000413395737636 13.664370965 26246.5007195
119.8 0.000412099762392 13.588766288 26180.5206358
119.9 0.000410808926217 13.4501101444 25991.9866627
120.0 0.000409523204473 13.3587703137 25893.7175242
120.1 0.000408242572659 13.2970424619 25852.1205549
120.2 0.000406967006411 13.1804924426 25703.0614232
120.3 0.000405696481504 13.0800888893 25584.3815119
120.4 0.000404430973848 12.9639642438 25433.8421763
120.5 0.000403170459486 12.8683274834 25322.412838
120.6 0.000401914914597 12.7753191762 25215.2040288
120.7 0.000400664315494 12.6785506717 25099.6116026
120.8 0.000399418638621 12.613308968 25045.6326002
120.9 0.000398177860554 12.5334069174 24961.8409753
121.0 0.000396941957999 12.4363307165 24842.9495186
121.1 0.000395710907793 12.3540206313 24752.6420714
121.2 0.000394484686901 12.2465355363 24610.9148048
121.3 0.000393263272418 12.1517084182 24493.5676263
121.4 0.000392046641565 12.0141040079 24288.7531019
121.5 0.000390834771689 11.8960519377 24122.0792824
121.6 0.000389627640264 11.7896037124 23977.7310352
121.7 0.000388425224888 11.7017847033 23870.2464209
121.8 0.000387227503285 11.5967562609 23726.6369947
121.9 0.0003860344533 11.5350408216 23670.7809889
122.0 0.000384846052903 11.4820288545 23632.2362318
122.1 0.000383662280183 11.3960506637 23525.1408026
122.2 0.000382483113353 11.2853472174 23365.9478488
122.3 0.000381308530744 11.1959297534 23249.7455344
122.4 0.000380138510809 11.0621058381 23040.0998017
122.5 0.000378973032116 10.9545208121 22883.7601293
122.6 0.000377812073356 10.8882074283 22812.7054295
122.7 0.000376655613332 10.740008092 22568.8989108
122.8 0.000375503630968 10.5782583937 22294.8339838
122.9 0.000374356105302 10.4461023208 22081.4511187
123.0 0.000373213015485 10.3977564768 22044.2433305
123.1 0.000372074340787 10.307643463 21917.7576347
123.2 0.000370940060587 10.2542563842 21868.6030339
123.3 0.000369810154379 10.1450577984 21699.5383097
123.4 0.000368684601771 10.0585692521 21577.9528622
123.5 0.000367563382479 9.98909079968 21492.0091556
123.6 0.000366446476332 9.94692649337 21464.26183
123.7 0.000365333863268 9.88190031157 21386.6360128
123.8 0.000364225523336 9.78451336139 21238.0760126
123.9 0.000363121436691 9.66965347589 21050.3709324
124.0 0.0003620215836 9.55516255927 20862.1371954
124.1 0.000360925944434 9.49273773098 20786.5803806
124.2 0.000359834499671 9.35638989857 20548.0069665
124.3 0.000358747229898 9.26140503259 20398.9153029
124.4 0.000357664115804 9.1902101936 20301.2801872
124.5 0.000356585138183 9.09066256486 20140.0378887
124.6 0.000355510277937 8.94972420696 19885.6662425
124.7 0.000354439516065 8.78148070481 19568.7451596
124.8 0.000353372833676 8.69612295823 19435.0032059
124.9 0.000352310211974 8.59671058942 19268.768438
125.0 0.000351251632271 8.5009028102 19109.459268
125.1 0.000350197075975 8.36997891764 18869.8478444
125.2 0.000349146524596 8.22883672479 18605.5348458
125.3 0.000348099959745 8.11626377008 18404.2676462
125.4 0.000347057363131 7.95733074017 18096.2033155
125.5 0.00034601871656 7.83210596903 17863.0362514
125.6 0.000344984001937 7.72511420798 17670.0305259
125.7 0.000343953201266 7.63961692025 17525.0247479
125.8 0.000342926296644 7.56345550133 17400.4701716
125.9 0.000341903270266 7.45343746234 17196.8939153
126.0 0.000340884104424 7.33713039878 16977.4052901
126.1 0.000339868781502 7.18039021003 16662.639961
126.2 0.000338857283979 7.03004209006 16360.7565953
126.3 0.000337849594428 6.90889202002 16125.1056069
126.4 0.000336845695516 6.78400558907 15879.1801369
126.5 0.000335845570001 6.69242810443 15709.8602585
126.6 0.000334849200735 6.57462805061 15477.6684722
126.7 0.000333856570658 6.48584105439 15312.4757326
126.8 0.000332867662804 6.38395707894 15115.1634848
126.9 0.000331882460296 6.26717950541 14881.1954995
127.0 0.000330900946348 6.15853587908 14665.0984554
127.1 0.00032992310426 6.06400832977 14481.3195753
127.2 0.000328948917424 5.98449538565 14332.2953926
127.3 0.000327978369318 5.9260005292 14232.7490235
127.4 0.00032701144351 5.8454293369 14079.3121758
127.5 0.000326048123652 5.74088621352 13866.9487282
127.6 0.000325088393485 5.64062881363 13663.6103806
127.7 0.000324132236834 5.56330153287 13514.6734528
127.8 0.000323179637611 5.45939934023 13300.0067783
127.9 0.000322230579812 5.36263924572 13101.4287286
128.0 0.000321285047518 5.2289207269 12811.0358815
128.1 0.000320343024893 5.11147648431 12558.8452214
128.2 0.000319404496186 5.04968398147 12442.2158539
128.3 0.000318469445728 4.95546341539 12244.6686383
128.4 0.000317537857932 4.85010819581 12018.2840166
128.5 0.000316609717293 4.7230816403 11736.640606
128.6 0.000315685008389 4.58810669586 11433.4744286
128.7 0.000314763715876 4.48826718551 11216.2796222
128.8 0.000313845824493 4.36724657553 10944.6605328
128.9 0.000312931319058 4.2859297007 10771.1762735
129.0 0.000312020184469 4.1861568743 10550.0895914
129.1 0.000311112405702 4.05439461776 10246.8003892
129.2 0.000310207967811 3.98225104293 10092.7974889
129.3 0.000309306855931 3.86499167423 9823.15977669
129.4 0.000308409055271 3.75141289901 9561.28558898
129.5 0.00030751455112 3.64749740809 9322.53991105
129.6 0.000306623328842 3.57245240493 9156.35467832
129.7 0.000305735373878 3.47656198418 8935.56647576
129.8 0.000304850671743 3.3586603798 8656.71709486
129.9 0.000303969208031 3.27525440319 8465.37609695
130.0 0.000303090968407 3.15261344687 8171.18592622
130.1 0.000302215938611 3.04356480625 7910.59481142
130.2 0.00030134410446 2.94821291193 7684.16561701
130.3 0.000300475451842 2.7812026518 7269.10368917
130.4 0.000299609966717 2.64211223997 6924.82686747
130.5 0.000298747635121 2.57162020178 6758.85276944
130.6 0.000297888443158 2.44880957954 6453.99683073
130.7 0.000297032377009 2.34778726838 6204.96199918
130.8 0.000296179422921 2.23195482919 5915.22830911
130.9 0.000295329567216 2.11012887478 5607.89530822
131.0 0.000294482796284 2.00428593282 5341.39236865
131.1 0.000293639096586 1.93452240952 5169.77373509
131.2 0.000292798454653 1.88363875417 5047.74536034
131.3 0.000291960857086 1.79767733705 4830.72927254
131.4 0.000291126290552 1.73066528176 4663.52444221
131.5 0.00029029474179 1.65139037055 4462.21231649
131.6 0.000289466197604 1.61699642009 4381.34988624
131.7 0.000288640644868 1.54916382743 4209.14329375
131.8 0.000287818070521 1.48193697066 4037.59423825
131.9 0.000286998461572 1.39338614842 3806.80031657
132.0 0.000286181805093 1.32560514828 3631.5961948
132.1 0.000285368088225 1.25210368954 3439.67589743
132.2 0.000284557298172 1.18878712994 3274.7207891
132.3 0.000283749422205 1.12759600569 3114.69670327
132.4 0.000282944447661 1.07732890335 2984.0197793
132.5 0.000282142361939 1.01551805968 2820.53367547
132.6 0.000281343152503 0.945667461702 2633.73113936
132.7 0.000280546806882 0.861834249823 2406.82879792
132.8 0.000279753312667 0.814777660954 2281.64527306
132.9 0.000278962657513 0.78505465927 2204.42626209
133.0 0.000278174829137 0.724951214748 2041.22199141
133.1 0.000277389815318 0.666319469423 1881.26010031
133.2 0.000276607603899 0.613239848202 1736.12385149
133.3 0.000275828182782 0.562249164208 1596.10795048
133.4 0.000275051539931 0.537904227985 1531.16015582
133.5 0.000274277663373 0.501819798551 1432.33560005
133.6 0.000273506541192 0.461580480802 1321.06710386
133.7 0.000272738161535 0.415380532136 1192.07381039
133.8 0.000271972512607 0.37605939293 1082.16163303
133.9 0.000271209582674 0.340939184918 983.762838466
134.0 0.000270449360061 0.319556988585 924.567744109
134.1 0.000269691833149 0.292614556537 848.911448462
134.2 0.000268936990382 0.270572510935 787.091648722
134.3 0.000268184820259 0.254135542438 741.278380556
134.4 0.000267435311337 0.227979965176 666.785317898
134.5 0.000266688452231 0.203726420994 597.460568583
134.6 0.000265944231614 0.184638227057 542.944188178
134.7 0.000265202638215 0.161055520413 474.875745071
134.8 0.000264463660818 0.138749645926 410.209951754
134.9 0.000263727288266 0.134458134539 398.593726392
135.0 0.000262993509456 0.134273054349 399.117203248
135.1 0.000262262313341 0.134119545856 399.733909532
135.2 0.000261533688928 0.126127946599 376.926538243
135.3 0.00026080762528 0.118735506763 355.788258608
135.4 0.000260084111516 0.0935182116081 280.977759154
135.5 0.000259363136807 0.0666927305478 200.917673367
135.6 0.000258644690377 0.0611759560731 184.792115943
135.7 0.000257928761508 0.0504361822917 152.759086538
135.8 0.00025721533953 0.046950393549 142.582229683
135.9 0.00025650441383 0.0469228365259 142.879817115
136.0 0.000255795973846 0.0388289984915 118.550236964
136.1 0.000255090009068 0.0312572361505 95.6875793916
136.2 0.00025438650904 0.0263304450371 80.8204194606
136.3 0.000253685463356 0.0234172264013 72.0701475949
136.4 0.000252986861662 0.0222360819773 68.6174272817
136.5 0.000252290693655 0.0155751523609 48.1907658575
136.6 0.000251596949084 0.0155557014262 48.2587020841
136.7 0.000250905617747 0.015536288532 48.326682837
136.8 0.000250216689494 0.00781643813403 24.3781883616
136.9 0.000249530154224 0.0 0.0
137.0 0.000248846001886 0.0 0.0
137.1 0.000248164222479 0.0 0.0
137.2 0.000247484806051 0.0 0.0
137.3 0.000246807742698 0.0 0.0
137.4 0.000246133022566 0.0 0.0
137.5 0.00024546063585 0.0 0.0
137.6 0.00024479057279 0.0 0.0
137.7 0.000244122823677 0.0 0.0
137.8 0.000243457378848 0.0 0.0
137.9 0.000242794228688 0.0 0.0
138.0 0.000242133363629 0.0 0.0
138.1 0.000241474774149 0.0 0.0
138.2 0.000240818450774 0.0 0.0
138.3 0.000240164384075 0.0 0.0
138.4 0.000239512564669 0.0 0.0
138.5 0.00023886298322 0.0 0.0
138.6 0.000238215630436 0.0 0.0
138.7 0.000237570497071 0.0 0.0
138.8 0.000236927573924 0.0 0.0
138.9 0.000236286851839 0.0 0.0
139.0 0.000235648321704 0.0 0.0
139.1 0.00023501197445 0.0 0.0
139.2 0.000234377801055 0.0 0.0
139.3 0.000233745792539 0.0 0.0
139.4 0.000233115939965 0.0 0.0
139.5 0.000232488234439 0.0 0.0
139.6 0.000231862667113 0.0 0.0
139.7 0.000231239229178 0.0 0.0
139.8 0.000230617911869 0.0 0.0
139.9 0.000229998706465 0.0 0.0
140.0 0.000229381604285 0.0 0.0
140.1 0.00022876659669 0.0 0.0
140.2 0.000228153675083 0.0 0.0
140.3 0.000227542830908 0.0 0.0
140.4 0.000226934055652 0.0 0.0
140.5 0.000226327340841 0.0 0.0
140.6 0.000225722678042 0.0 0.0
140.7 0.000225120058862 0.0 0.0
140.8 0.00022451947495 0.0 0.0
140.9 0.000223920917993 0.0 0.0
141.0 0.00022332437972 0.0 0.0
141.1 0.000222729851897 0.0 0.0
141.2 0.000222137326332 0.0 0.0
141.3 0.00022154679487 0.0 0.0
141.4 0.000220958249396 0.0 0.0
141.5 0.000220371681833 0.0 0.0
141.6 0.000219787084145 0.0 0.0
141.7 0.000219204448331 0.0 0.0
141.8 0.00021862376643 0.0 0.0
141.9 0.000218045030517 0.0 0.0
142.0 0.000217468232708 0.0 0.0
142.1 0.000216893365154 0.0 0.0
142.2 0.000216320420043 0.0 0.0
142.3 0.000215749389602 0.0 0.0
142.4 0.000215180266093 0.0 0.0
142.5 0.000214613041816 0.0 0.0
142.6 0.000214047709106 0.0 0.0
142.7 0.000213484260336 0.0 0.0
142.8 0.000212922687915 0.0 0.0
142.9 0.000212362984285 0.0 0.0
143.0 0.000211805141927 0.0 0.0
143.1 0.000211249153357 0.0 0.0
143.2 0.000210695011125 0.0 0.0
143.3 0.000210142707817 0.0 0.0
143.4 0.000209592236052 0.0 0.0
143.5 0.000209043588488 0.0 0.0
143.6 0.000208496757813 0.0 0.0
143.7 0.000207951736751 0.0 0.0
143.8 0.000207408518063 0.0 0.0
143.9 0.000206867094538 0.0 0.0
144.0 0.000206327459005 0.0 0.0
144.1 0.000205789604322 0.0 0.0
144.2 0.000205253523384 0.0 0.0
144.3 0.000204719209116 0.0 0.0
144.4 0.000204186654478 0.0 0.0
144.5 0.000203655852463 0.0 0.0
144.6 0.000203126796096 0.0 0.0
144.7 0.000202599478435 0.0 0.0
144.8 0.000202073892569 0.0 0.0
144.9 0.000201550031623 0.0 0.0
145.0 0.000201027888748 0.0 0.0
145.1 0.000200507457134 0.0 0.0
145.2 0.000199988729996 0.0 0.0
145.3 0.000199471700585 0.0 0.0
145.4 0.000198956362181 0.0 0.0
145.5 0.000198442708097 0.0 0.0
145.6 0.000197930731675 0.0 0.0
145.7 0.00019742042629 0.0 0.0
145.8 0.000196911785346 0.0 0.0
145.9 0.000196404802278 0.0 0.0
146.0 0.000195899470552 0.0 0.0
146.1 0.000195395783664 0.0 0.0
146.2 0.000194893735139 0.0 0.0
146.3 0.000194393318533 0.0 0.0
146.4 0.000193894527431 0.0 0.0
146.5 0.000193397355449 0.0 0.0
146.6 0.00019290179623 0.0 0.0
146.7 0.000192407843449 0.0 0.0
146.8 0.000191915490808 0.0 0.0
146.9 0.000191424732038 0.0 0.0
147.0 0.000190935560901 0.0 0.0
147.1 0.000190447971185 0.0 0.0
147.2 0.000189961956708 0.0 0.0
147.3 0.000189477511316 0.0 0.0
147.4 0.000188994628883 0.0 0.0
147.5 0.000188513303312 0.0 0.0
147.6 0.000188033528532 0.0 0.0
147.7 0.000187555298501 0.0 0.0
147.8 0.000187078607205 0.0 0.0
147.9 0.000186603448657 0.0 0.0
148.0 0.000186129816897 0.0 0.0
148.1 0.000185657705993 0.0 0.0
148.2 0.000185187110039 0.0 0.0
148.3 0.000184718023156 0.0 0.0
148.4 0.000184250439492 0.0 0.0
148.5 0.000183784353223 0.0 0.0
148.6 0.000183319758549 0.0 0.0
148.7 0.000182856649699 0.0 0.0
148.8 0.000182395020925 0.0 0.0
148.9 0.000181934866508 0.0 0.0
149.0 0.000181476180753 0.0 0.0
149.1 0.000181018957992 0.0 0.0
149.2 0.000180563192583 0.0 0.0
149.3 0.000180108878907 0.0 0.0
149.4 0.000179656011373 0.0 0.0
149.5 0.000179204584415 0.0 0.0
149.6 0.00017875459249 0.0 0.0
149.7 0.000178306030083 0.0 0.0
149.8 0.000177858891702 0.0 0.0
149.9 0.000177413171879 0.0 0.0
150.0 0.000176968865173 0.0 0.0
150.1 0.000176525966167 0.0 0.0
150.2 0.000176084469465 0.0 0.0
150.3 0.0001756443697 0.0 0.0
150.4 0.000175205661526 0.0 0.0
150.5 0.000174768339623 0.0 0.0
150.6 0.000174332398692 0.0 0.0
150.7 0.000173897833461 0.0 0.0
150.8 0.00017346463868 0.0 0.0
150.9 0.000173032809122 0.0 0.0
151.0 0.000172602339584 0.0 0.0
151.1 0.000172173224886 0.0 0.0
151.2 0.000171745459873 0.0 0.0
151.3 0.00017131903941 0.0 0.0
151.4 0.000170893958387 0.0 0.0
151.5 0.000170470211716 0.0 0.0
151.6 0.000170047794332 0.0 0.0
151.7 0.000169626701191 0.0 0.0
151.8 0.000169206927274 0.0 0.0
151.9 0.000168788467584 0.0 0.0
152.0 0.000168371317143 0.0 0.0
152.1 0.000167955470999 0.0 0.0
152.2 0.000167540924219 0.0 0.0
152.3 0.000167127671895 0.0 0.0
152.4 0.000166715709138 0.0 0.0
152.5 0.000166305031082 0.0 0.0
152.6 0.000165895632882 0.0 0.0
152.7 0.000165487509714 0.0 0.0
152.8 0.000165080656777 0.0 0.0
152.9 0.00016467506929 0.0 0.0
153.0 0.000164270742492 0.0 0.0
153.1 0.000163867671646 0.0 0.0
153.2 0.000163465852033 0.0 0.0
153.3 0.000163065278956 0.0 0.0
153.4 0.000162665947739 0.0 0.0
153.5 0.000162267853726 0.0 0.0
153.6 0.000161870992282 0.0 0.0
153.7 0.000161475358792 0.0 0.0
153.8 0.00016108094866 0.0 0.0
153.9 0.000160687757313 0.0 0.0
154.0 0.000160295780196 0.0 0.0
154.1 0.000159905012774 0.0 0.0
154.2 0.000159515450533 0.0 0.0
154.3 0.000159127088978 0.0 0.0
154.4 0.000158739923634 0.0 0.0
154.5 0.000158353950045 0.0 0.0
154.6 0.000157969163774 0.0 0.0
154.7 0.000157585560405 0.0 0.0
154.8 0.000157203135541 0.0 0.0
154.9 0.000156821884802 0.0 0.0
155.0 0.00015644180383 0.0 0.0
155.1 0.000156062888284 0.0 0.0
155.2 0.000155685133843 0.0 0.0
155.3 0.000155308536205 0.0 0.0
155.4 0.000154933091084 0.0 0.0
155.5 0.000154558794216 0.0 0.0
155.6 0.000154185641355 0.0 0.0
155.7 0.000153813628271 0.0 0.0
155.8 0.000153442750754 0.0 0.0
155.9 0.000153073004614 0.0 0.0
156.0 0.000152704385675 0.0 0.0
156.1 0.000152336889783 0.0 0.0
156.2 0.000151970512799 0.0 0.0
156.3 0.000151605250604 0.0 0.0
156.4 0.000151241099096 0.0 0.0
156.5 0.000150878054191 0.0 0.0
156.6 0.000150516111822 0.0 0.0
156.7 0.00015015526794 0.0 0.0
156.8 0.000149795518512 0.0 0.0
156.9 0.000149436859526 0.0 0.0
157.0 0.000149079286983 0.0 0.0
157.1 0.000148722796904 0.0 0.0
157.2 0.000148367385326 0.0 0.0
157.3 0.000148013048303 0.0 0.0
157.4 0.000147659781906 0.0 0.0
157.5 0.000147307582224 0.0 0.0
157.6 0.000146956445361 0.0 0.0
157.7 0.000146606367438 0.0 0.0
157.8 0.000146257344594 0.0 0.0
157.9 0.000145909372984 0.0 0.0
158.0 0.000145562448777 0.0 0.0
158.1 0.000145216568162 0.0 0.0
158.2 0.000144871727342 0.0 0.0
158.3 0.000144527922537 0.0 0.0
158.4 0.000144185149983 0.0 0.0
158.5 0.000143843405932 0.0 0.0
158.6 0.000143502686651 0.0 0.0
158.7 0.000143162988426 0.0 0.0
158.8 0.000142824307555 0.0 0.0
158.9 0.000142486640353 0.0 0.0
159.0 0.000142149983153 0.0 0.0
159.1 0.0001418143323 0.0 0.0
159.2 0.000141479684156 0.0 0.0
159.3 0.000141146035099 0.0 0.0
159.4 0.000140813381522 0.0 0.0
159.5 0.000140481719833 0.0 0.0
159.6 0.000140151046456 0.0 0.0
159.7 0.000139821357828 0.0 0.0
159.8 0.000139492650404 0.0 0.0
159.9 0.000139164920652 0.0 0.0
160.0 0.000138838165055 0.0 0.0
160.1 0.000138512380111 0.0 0.0
160.2 0.000138187562334 0.0 0.0
160.3 0.000137863708252 0.0 0.0
160.4 0.000137540814406 0.0 0.0
160.5 0.000137218877353 0.0 0.0
160.6 0.000136897893665 0.0 0.0
160.7 0.000136577859928 0.0 0.0
160.8 0.000136258772742 0.0 0.0
160.9 0.000135940628721 0.0 0.0
161.0 0.000135623424493 0.0 0.0
161.1 0.000135307156702 0.0 0.0
161.2 0.000134991822004 0.0 0.0
161.3 0.00013467741707 0.0 0.0
161.4 0.000134363938585 0.0 0.0
161.5 0.000134051383247 0.0 0.0
161.6 0.000133739747769 0.0 0.0
161.7 0.000133429028876 0.0 0.0
161.8 0.000133119223309 0.0 0.0
161.9 0.000132810327821 0.0 0.0
162.0 0.000132502339179 0.0 0.0
162.1 0.000132195254164 0.0 0.0
162.2 0.000131889069568 0.0 0.0
162.3 0.000131583782199 0.0 0.0
162.4 0.000131279388879 0.0 0.0
162.5 0.000130975886439 0.0 0.0
162.6 0.000130673271728 0.0 0.0
162.7 0.000130371541604 0.0 0.0
162.8 0.000130070692941 0.0 0.0
162.9 0.000129770722625 0.0 0.0
163.0 0.000129471627555 0.0 0.0
163.1 0.000129173404641 0.0 0.0
163.2 0.00012887605081 0.0 0.0
163.3 0.000128579562996 0.0 0.0
163.4 0.000128283938151 0.0 0.0
163.5 0.000127989173237 0.0 0.0
163.6 0.000127695265229 0.0 0.0
163.7 0.000127402211114 0.0 0.0
163.8 0.000127110007892 0.0 0.0
163.9 0.000126818652575 0.0 0.0
164.0 0.000126528142187 0.0 0.0
164.1 0.000126238473766 0.0 0.0
164.2 0.000125949644361 0.0 0.0
164.3 0.000125661651031 0.0 0.0
164.4 0.000125374490852 0.0 0.0
164.5 0.000125088160906 0.0 0.0
164.6 0.000124802658293 0.0 0.0
164.7 0.000124517980121 0.0 0.0
164.8 0.00012423412351 0.0 0.0
164.9 0.000123951085594 0.0 0.0
165.0 0.000123668863516 0.0 0.0
165.1 0.000123387454433 0.0 0.0
165.2 0.000123106855513 0.0 0.0
165.3 0.000122827063935 0.0 0.0
165.4 0.000122548076889 0.0 0.0
165.5 0.000122269891578 0.0 0.0
165.6 0.000121992505216 0.0 0.0
165.7 0.000121715915028 0.0 0.0
165.8 0.000121440118249 0.0 0.0
165.9 0.000121165112128 0.0 0.0
166.0 0.000120890893924 0.0 0.0
166.1 0.000120617460905 0.0 0.0
166.2 0.000120344810354 0.0 0.0
166.3 0.000120072939563 0.0 0.0
166.4 0.000119801845834 0.0 0.0
166.5 0.000119531526482 0.0 0.0
166.6 0.000119261978831 0.0 0.0
166.7 0.000118993200217 0.0 0.0
166.8 0.000118725187986 0.0 0.0
166.9 0.000118457939497 0.0 0.0
167.0 0.000118191452117 0.0 0.0
167.1 0.000117925723224 0.0 0.0
167.2 0.000117660750208 0.0 0.0
167.3 0.000117396530468 0.0 0.0
167.4 0.000117133061415 0.0 0.0
167.5 0.000116870340469 0.0 0.0
167.6 0.000116608365062 0.0 0.0
167.7 0.000116347132634 0.0 0.0
167.8 0.000116086640638 0.0 0.0
167.9 0.000115826886535 0.0 0.0
168.0 0.000115567867798 0.0 0.0
168.1 0.000115309581908 0.0 0.0
168.2 0.000115052026359 0.0 0.0
168.3 0.000114795198653 0.0 0.0
168.4 0.000114539096302 0.0 0.0
168.5 0.000114283716828 0.0 0.0
168.6 0.000114029057765 0.0 0.0
168.7 0.000113775116655 0.0 0.0
168.8 0.000113521891049 0.0 0.0
168.9 0.000113269378509 0.0 0.0
169.0 0.000113017576608 0.0 0.0
169.1 0.000112766482926 0.0 0.0
169.2 0.000112516095054 0.0 0.0
169.3 0.000112266410594 0.0 0.0
169.4 0.000112017427155 0.0 0.0
169.5 0.000111769142357 0.0 0.0
169.6 0.000111521553829 0.0 0.0
169.7 0.00011127465921 0.0 0.0
169.8 0.000111028456148 0.0 0.0
169.9 0.0001107829423 0.0 0.0
170.0 0.000110538115333 0.0 0.0
170.1 0.000110293972922 0.0 0.0
170.2 0.000110050512754 0.0 0.0
170.3 0.000109807732522 0.0 0.0
170.4 0.00010956562993 0.0 0.0
170.5 0.00010932420269 0.0 0.0
170.6 0.000109083448524 0.0 0.0
170.7 0.000108843365163 0.0 0.0
170.8 0.000108603950346 0.0 0.0
170.9 0.000108365201822 0.0 0.0
171.0 0.000108127117349 0.0 0.0
171.1 0.000107889694692 0.0 0.0
171.2 0.000107652931627 0.0 0.0
171.3 0.000107416825937 0.0 0.0
171.4 0.000107181375416 0.0 0.0
171.5 0.000106946577864 0.0 0.0
171.6 0.000106712431092 0.0 0.0
171.7 0.000106478932919 0.0 0.0
171.8 0.00010624608117 0.0 0.0
171.9 0.000106013873683 0.0 0.0
172.0 0.0001057823083 0.0 0.0
172.1 0.000105551382876 0.0 0.0
172.2 0.000105321095271 0.0 0.0
172.3 0.000105091443354 0.0 0.0
172.4 0.000104862425004 0.0 0.0
172.5 0.000104634038106 0.0 0.0
172.6 0.000104406280554 0.0 0.0
172.7 0.000104179150253 0.0 0.0
172.8 0.000103952645111 0.0 0.0
172.9 0.000103726763049 0.0 0.0
173.0 0.000103501501994 0.0 0.0
173.1 0.00010327685988 0.0 0.0
173.2 0.000103052834651 0.0 0.0
173.3 0.000102829424258 0.0 0.0
173.4 0.00010260662666 0.0 0.0
173.5 0.000102384439826 0.0 0.0
173.6 0.000102162861729 0.0 0.0
173.7 0.000101941890353 0.0 0.0
173.8 0.000101721523688 0.0 0.0
173.9 0.000101501759734 0.0 0.0
174.0 0.000101282596497 0.0 0.0
174.1 0.00010106403199 0.0 0.0
174.2 0.000100846064236 0.0 0.0
174.3 0.000100628691264 0.0 0.0
174.4 0.000100411911111 0.0 0.0
174.5 0.000100195721822 0.0 0.0
174.6 9.99801214496e-05 0.0 0.0
174.7 9.97651080532e-05 0.0 0.0
174.8 9.95506797004e-05 0.0 0.0
174.9 9.93368344657e-05 0.0 0.0
175.0 9.91235704316e-05 0.0 0.0
175.1 9.89108856875e-05 0.0 0.0
175.2 9.86987783305e-05 0.0 0.0
175.3 9.84872464649e-05 0.0 0.0
175.4 9.82762882023e-05 0.0 0.0
175.5 9.80659016616e-05 0.0 0.0
175.6 9.78560849689e-05 0.0 0.0
175.7 9.76468362576e-05 0.0 0.0
175.8 9.74381536681e-05 0.0 0.0
175.9 9.7230035348e-05 0.0 0.0
176.0 9.70224794522e-05 0.0 0.0
176.1 9.68154841425e-05 0.0 0.0
176.2 9.66090475876e-05 0.0 0.0
176.3 9.64031679636e-05 0.0 0.0
176.4 9.61978434533e-05 0.0 0.0
176.5 9.59930722464e-05 0.0 0.0
176.6 9.57888525398e-05 0.0 0.0
176.7 9.55851825372e-05 0.0 0.0
176.8 9.53820604489e-05 0.0 0.0
176.9 9.51794844924e-05 0.0 0.0
177.0 9.49774528918e-05 0.0 0.0
177.1 9.4775963878e-05 0.0 0.0
177.2 9.45750156887e-05 0.0 0.0
177.3 9.43746065682e-05 0.0 0.0
177.4 9.41747347676e-05 0.0 0.0
177.5 9.39753985446e-05 0.0 0.0
177.6 9.37765961636e-05 0.0 0.0
177.7 9.35783258955e-05 0.0 0.0
177.8 9.33805860178e-05 0.0 0.0
177.9 9.31833748146e-05 0.0 0.0
178.0 9.29866905764e-05 0.0 0.0
178.1 9.27905316002e-05 0.0 0.0
178.2 9.25948961896e-05 0.0 0.0
178.3 9.23997826544e-05 0.0 0.0
178.4 9.22051893111e-05 0.0 0.0
178.5 9.20111144823e-05 0.0 0.0
178.6 9.18175564969e-05 0.0 0.0
178.7 9.16245136905e-05 0.0 0.0
178.8 9.14319844047e-05 0.0 0.0
178.9 9.12399669872e-05 0.0 0.0
179.0 9.10484597924e-05 0.0 0.0
179.1 9.08574611805e-05 0.0 0.0
179.2 9.0666969518e-05 0.0 0.0
179.3 9.04769831777e-05 0.0 0.0
179.4 9.02875005383e-05 0.0 0.0
179.5 9.00985199848e-05 0.0 0.0
179.6 8.99100399081e-05 0.0 0.0
179.7 8.97220587053e-05 0.0 0.0
179.8 8.95345747794e-05 0.0 0.0
179.9 8.93475865395e-05 0.0 0.0
180.0 8.91610924006e-05 0.0 0.0
180.1 8.89750907837e-05 0.0 0.0
180.2 8.87895801156e-05 0.0 0.0
180.3 8.86045588292e-05 0.0 0.0
180.4 8.8420025363e-05 0.0 0.0
180.5 8.82359781616e-05 0.0 0.0
180.6 8.80524156752e-05 0.0 0.0
180.7 8.786933636e-05 0.0 0.0
180.8 8.76867386779e-05 0.0 0.0
180.9 8.75046210964e-05 0.0 0.0
181.0 8.73229820889e-05 0.0 0.0
181.1 8.71418201344e-05 0.0 0.0
181.2 8.69611337176e-05 0.0 0.0
181.3 8.67809213288e-05 0.0 0.0
181.4 8.6601181464e-05 0.0 0.0
181.5 8.64219126248e-05 0.0 0.0
181.6 8.62431133183e-05 0.0 0.0
181.7 8.60647820572e-05 0.0 0.0
181.8 8.58869173597e-05 0.0 0.0
181.9 8.57095177495e-05 0.0 0.0
182.0 8.55325817557e-05 0.0 0.0
182.1 8.53561079131e-05 0.0 0.0
182.2 8.51800947617e-05 0.0 0.0
182.3 8.50045408471e-05 0.0 0.0
182.4 8.482944472e-05 0.0 0.0
182.5 8.46548049367e-05 0.0 0.0
182.6 8.44806200589e-05 0.0 0.0
182.7 8.43068886533e-05 0.0 0.0
182.8 8.41336092923e-05 0.0 0.0
182.9 8.39607805532e-05 0.0 0.0
183.0 8.37884010188e-05 0.0 0.0
183.1 8.3616469277e-05 0.0 0.0
183.2 8.3444983921e-05 0.0 0.0
183.3 8.32739435491e-05 0.0 0.0
183.4 8.31033467649e-05 0.0 0.0
183.5 8.29331921769e-05 0.0 0.0
183.6 8.27634783989e-05 0.0 0.0
183.7 8.25942040498e-05 0.0 0.0
183.8 8.24253677536e-05 0.0 0.0
183.9 8.22569681391e-05 0.0 0.0
184.0 8.20890038404e-05 0.0 0.0
184.1 8.19214734967e-05 0.0 0.0
184.2 8.17543757517e-05 0.0 0.0
184.3 8.15877092547e-05 0.0 0.0
184.4 8.14214726595e-05 0.0 0.0
184.5 8.1255664625e-05 0.0 0.0
184.6 8.10902838149e-05 0.0 0.0
184.7 8.0925328898e-05 0.0 0.0
184.8 8.07607985477e-05 0.0 0.0
184.9 8.05966914425e-05 0.0 0.0
185.0 8.04330062656e-05 0.0 0.0
185.1 8.02697417049e-05 0.0 0.0
185.2 8.01068964532e-05 0.0 0.0
185.3 7.99444692081e-05 0.0 0.0
185.4 7.9782458672e-05 0.0 0.0
185.5 7.96208635518e-05 0.0 0.0
185.6 7.94596825593e-05 0.0 0.0
185.7 7.92989144109e-05 0.0 0.0
185.8 7.91385578277e-05 0.0 0.0
185.9 7.89786115355e-05 0.0 0.0
186.0 7.88190742645e-05 0.0 0.0
186.1 7.86599447498e-05 0.0 0.0
186.2 7.85012217309e-05 0.0 0.0
186.3 7.8342903952e-05 0.0 0.0
186.4 7.81849901617e-05 0.0 0.0
186.5 7.80274791133e-05 0.0 0.0
186.6 7.78703695645e-05 0.0 0.0
186.7 7.77136602775e-05 0.0 0.0
186.8 7.7557350019e-05 0.0 0.0
186.9 7.74014375602e-05 0.0 0.0
187.0 7.72459216767e-05 0.0 0.0
187.1 7.70908011484e-05 0.0 0.0
187.2 7.69360747598e-05 0.0 0.0
187.3 7.67817412998e-05 0.0 0.0
187.4 7.66277995614e-05 0.0 0.0
187.5 7.64742483422e-05 0.0 0.0
187.6 7.6321086444e-05 0.0 0.0
187.7 7.61683126731e-05 0.0 0.0
187.8 7.60159258398e-05 0.0 0.0
187.9 7.58639247588e-05 0.0 0.0
188.0 7.57123082493e-05 0.0 0.0
188.1 7.55610751343e-05 0.0 0.0
188.2 7.54102242414e-05 0.0 0.0
188.3 7.52597544021e-05 0.0 0.0
188.4 7.51096644525e-05 0.0 0.0
188.5 7.49599532324e-05 0.0 0.0
188.6 7.4810619586e-05 0.0 0.0
188.7 7.46616623617e-05 0.0 0.0
188.8 7.45130804119e-05 0.0 0.0
188.9 7.43648725932e-05 0.0 0.0
189.0 7.42170377661e-05 0.0 0.0
189.1 7.40695747953e-05 0.0 0.0
189.2 7.39224825496e-05 0.0 0.0
189.3 7.37757599019e-05 0.0 0.0
189.4 7.36294057288e-05 0.0 0.0
189.5 7.34834189112e-05 0.0 0.0
189.6 7.33377983338e-05 0.0 0.0
189.7 7.31925428856e-05 0.0 0.0
189.8 7.30476514591e-05 0.0 0.0
189.9 7.2903122951e-05 0.0 0.0
190.0 7.2758956262e-05 0.0 0.0
190.1 7.26151502964e-05 0.0 0.0
190.2 7.24717039628e-05 0.0 0.0
190.3 7.23286161733e-05 0.0 0.0
190.4 7.21858858441e-05 0.0 0.0
190.5 7.20435118951e-05 0.0 0.0
190.6 7.190149325e-05 0.0 0.0
190.7 7.17598288366e-05 0.0 0.0
190.8 7.16185175862e-05 0.0 0.0
190.9 7.1477558434e-05 0.0 0.0
191.0 7.13369503188e-05 0.0 0.0
191.1 7.11966921835e-05 0.0 0.0
191.2 7.10567829744e-05 0.0 0.0
191.3 7.09172216417e-05 0.0 0.0
191.4 7.07780071393e-05 0.0 0.0
191.5 7.06391384246e-05 0.0 0.0
191.6 7.05006144589e-05 0.0 0.0
191.7 7.03624342071e-05 0.0 0.0
191.8 7.02245966378e-05 0.0 0.0
191.9 7.00871007229e-05 0.0 0.0
192.0 6.99499454385e-05 0.0 0.0
192.1 6.98131297637e-05 0.0 0.0
192.2 6.96766526816e-05 0.0 0.0
192.3 6.95405131787e-05 0.0 0.0
192.4 6.94047102451e-05 0.0 0.0
192.5 6.92692428745e-05 0.0 0.0
192.6 6.9134110064e-05 0.0 0.0
192.7 6.89993108142e-05 0.0 0.0
192.8 6.88648441294e-05 0.0 0.0
192.9 6.87307090173e-05 0.0 0.0
193.0 6.85969044889e-05 0.0 0.0
193.1 6.84634295589e-05 0.0 0.0
193.2 6.83302832454e-05 0.0 0.0
193.3 6.81974645698e-05 0.0 0.0
193.4 6.8064972557e-05 0.0 0.0
193.5 6.79328062353e-05 0.0 0.0
193.6 6.78009646364e-05 0.0 0.0
193.7 6.76694467953e-05 0.0 0.0
193.8 6.75382517506e-05 0.0 0.0
193.9 6.7407378544e-05 0.0 0.0
194.0 6.72768262206e-05 0.0 0.0
194.1 6.71465938288e-05 0.0 0.0
194.2 6.70166804205e-05 0.0 0.0
194.3 6.68870850506e-05 0.0 0.0
194.4 6.67578067774e-05 0.0 0.0
194.5 6.66288446627e-05 0.0 0.0
194.6 6.65001977712e-05 0.0 0.0
194.7 6.63718651711e-05 0.0 0.0
194.8 6.62438459337e-05 0.0 0.0
194.9 6.61161391335e-05 0.0 0.0
195.0 6.59887438483e-05 0.0 0.0
195.1 6.58616591591e-05 0.0 0.0
195.2 6.57348841499e-05 0.0 0.0
195.3 6.56084179082e-05 0.0 0.0
195.4 6.54822595244e-05 0.0 0.0
195.5 6.5356408092e-05 0.0 0.0
195.6 6.52308627078e-05 0.0 0.0
195.7 6.51056224716e-05 0.0 0.0
195.8 6.49806864864e-05 0.0 0.0
195.9 6.48560538583e-05 0.0 0.0
196.0 6.47317236964e-05 0.0 0.0
196.1 6.46076951128e-05 0.0 0.0
196.2 6.44839672228e-05 0.0 0.0
196.3 6.43605391448e-05 0.0 0.0
196.4 6.423741e-05 0.0 0.0
196.5 6.41145789129e-05 0.0 0.0
196.6 6.39920450107e-05 0.0 0.0
196.7 6.38698074239e-05 0.0 0.0
196.8 6.37478652857e-05 0.0 0.0
196.9 6.36262177325e-05 0.0 0.0
197.0 6.35048639036e-05 0.0 0.0
197.1 6.33838029412e-05 0.0 0.0
197.2 6.32630339905e-05 0.0 0.0
197.3 6.31425561995e-05 0.0 0.0
197.4 6.30223687193e-05 0.0 0.0
197.5 6.29024707038e-05 0.0 0.0
197.6 6.27828613098e-05 0.0 0.0
197.7 6.2663539697e-05 0.0 0.0
197.8 6.25445050278e-05 0.0 0.0
197.9 6.24257564679e-05 0.0 0.0
198.0 6.23072931853e-05 0.0 0.0
198.1 6.21891143513e-05 0.0 0.0
198.2 6.20712191396e-05 0.0 0.0
198.3 6.19536067272e-05 0.0 0.0
198.4 6.18362762934e-05 0.0 0.0
198.5 6.17192270208e-05 0.0 0.0
198.6 6.16024580942e-05 0.0 0.0
198.7 6.14859687017e-05 0.0 0.0
198.8 6.13697580339e-05 0.0 0.0
198.9 6.12538252842e-05 0.0 0.0
199.0 6.11381696487e-05 0.0 0.0
199.1 6.10227903263e-05 0.0 0.0
199.2 6.09076865185e-05 0.0 0.0
199.3 6.07928574297e-05 0.0 0.0
199.4 6.06783022667e-05 0.0 0.0
199.5 6.05640202394e-05 0.0 0.0
199.6 6.04500105599e-05 0.0 0.0
199.7 6.03362724434e-05 0.0 0.0
199.8 6.02228051074e-05 0.0 0.0
199.9 6.01096077723e-05 0.0 0.0
