# r frac rho dNdR
0.0 0.0 inf nan
0.1 0.0 15135612.4844 0.0
0.2 0.0 1494719.89288 0.0
0.3 0.0 385846.894561 0.0
0.4 0.0 147611.308129 0.0
0.5 0.0 70055.1690683 0.0
0.6 0.0 38104.3733446 0.0
0.7 0.0 22770.4989143 0.0
0.8 0.0 14577.3789401 0.0
0.9 0.0 9836.26042196 0.0
1.0 0.0 6918.30970919 0.0
1.1 0.0 5032.09036632 0.0
1.2 0.0 3763.00363811 0.0
1.3 0.0 2880.24348735 0.0
1.4 0.0 2248.70435425 0.0
1.5 0.0 1785.89201202 0.0
1.6 0.0 1439.59144767 0.0
1.7 0.0 1175.71105713 0.0
1.8 0.0 971.381510949 0.0
1.9 0.0 810.89191969 0.0
2.0 0.0 683.218809816 0.0
2.1 0.0 580.48039369 0.0
2.2 0.0 496.944909303 0.0
2.3 0.0150810314735 428.379843363 429.462858131
2.4 0.0622682900329 371.61604135 1674.91873223
2.5 0.117217361258 324.250288401 2985.1227407
2.6 0.145823762775 284.438917904 3523.49677343
2.7 0.178324317708 250.752359168 4096.31165427
2.8 0.210546101265 222.071167253 4606.43880324
2.9 0.205814819134 197.510726754 4296.088196
3.0 0.290198870508 176.366058503 5788.46085223
3.1 0.266589536511 158.070906033 5088.95128923
3.2 0.318729786427 142.167089483 5830.84564413
3.3 0.341940017102 128.281326111 6002.76184873
3.4 0.337577599344 116.107538243 5693.79380542
3.5 0.385189571986 105.393234192 6249.32636406
3.6 0.390629867335 95.9289404037 6102.81154478
3.7 0.40028500574 87.5399393963 6028.21698024
3.8 0.42473292401 80.0797645014 6171.85582052
3.9 0.42099345524 73.4250435072 5908.24688893
4.0 0.464421686584 67.4713855996 6300.31069599
4.1 0.45868714801 62.1300808206 6019.99413008
4.2 0.472187265703 57.3254364677 6000.2602212
4.3 0.464327094215 52.9926159041 5717.23652691
4.4 0.470081984651 49.0758760087 5612.50686473
4.5 0.474512005638 45.5271227096 5497.33623393
4.6 0.468752906945 42.3047216783 5273.0069478
4.7 0.473206260006 39.3725147615 5171.88924084
4.8 0.479611891218 36.6990031022 5096.08365003
4.9 0.466651484071 34.2566659486 4823.24994607
5.0 0.483582900386 32.0213904026 4864.755233
5.1 0.472190001124 29.9719922641 4625.75486733
5.2 0.460127605122 28.0898119808 4391.81131083
5.3 0.492756301242 26.358372763 4584.71543945
5.4 0.466435752386 24.7630903487 4232.47164848
5.5 0.474449145919 23.2910258335 4200.62129097
5.6 0.480951780316 21.930674538 4156.6115927
5.7 0.473365372239 20.6717851266 3995.15876471
5.8 0.487067185211 19.5052042089 4016.1065261
5.9 0.478289989593 18.4227424674 3854.42375987
6.0 0.473635134112 17.4170590285 3731.90946417
6.1 0.480168277231 16.4815613377 3700.50801935
6.2 0.47352951436 15.6103182462 3570.68922639
6.3 0.485539154108 14.7979843888 3583.58561928
6.4 0.474586572406 14.0397342348 3429.60532915
6.5 0.483399379257 13.3312044473 3421.46462801
6.6 0.477626991153 12.668443396 3312.14889264
6.7 0.481201036313 12.0478668447 3270.36466954
6.8 0.479646859002 11.4662189789 3195.7259247
6.9 0.479802030729 10.9205380638 3134.83122654
7.0 0.479822545063 10.4081261253 3075.09927143
7.1 0.481569644846 9.92652213338 3028.18762707
7.2 0.480023125028 9.47347824028 2962.4189609
7.3 0.482211520546 9.04693869066 2921.42548417
7.4 0.481360139753 8.64502107014 2863.58107889
7.5 0.482780256715 8.26599960651 2820.83232938
7.6 0.482261587654 7.90829027505 2768.23096266
7.7 0.483285215134 7.57043749245 2725.9369185
7.8 0.483192510514 7.25110221201 2678.6951448
7.9 0.483405540327 6.94905125688 2634.51809146
8.0 0.483951915959 6.66314774904 2593.41187445
8.1 0.483690672918 6.39234250933 2549.22196363
8.2 0.484556328135 6.13566631971 2512.13845442
8.3 0.484184854531 5.89222295194 2469.76948634
8.4 0.484649468067 5.66118287876 2432.78293704
8.5 0.4846900087 5.44177759359 2394.70803239
8.6 0.484730101709 5.23329447349 2357.66409461
8.7 0.48459078263 5.035072128 2320.75457199
8.8 0.484659806104 4.84649618285 2285.80978539
8.9 0.484837828124 4.66699545352 2252.28711456
9.0 0.485158385126 4.49603846885 2220.2835598
9.1 0.485052471804 4.33313030902 2187.17292124
9.2 0.485553201322 4.17780972659 2157.6003168
9.3 0.485569047996 4.02964652247 2126.63867822
9.4 0.485626853541 3.88823915169 2096.62728819
9.5 0.486075752495 3.7532125369 2069.01762442
9.6 0.486014531654 3.62421606937 2039.93188608
9.7 0.486305992235 3.50092177986 2013.00735208
9.8 0.486459719634 3.38302266326 1986.15806337
9.9 0.486659451145 3.27023114269 1960.1254397
10.0 0.486844058693 3.16227766017 1934.63810911
10.1 0.487000651456 3.05890938238 1909.62796224
10.2 0.487245537878 2.95988901094 1885.53025078
10.3 0.487368581381 2.86499368796 1861.51059122
10.4 0.487592565922 2.77401398841 1838.40953944
10.5 0.487776239644 2.68675299152 1815.66969365
10.6 0.487882220403 2.60302542454 1793.14329345
10.7 0.48811639813 2.52265687247 1771.57278425
10.8 0.488289199673 2.44548304811 1750.24622663
10.9 0.48842600455 2.37134911744 1729.24741515
11.0 0.488587349329 2.30010907552 1708.77894359
11.1 0.488743214764 2.23162516885 1688.72064814
11.2 0.488704915508 2.16576736025 1668.41628766
11.3 0.488580136028 2.10241283286 1648.24040351
11.4 0.48873359507 2.04144553 1629.40691948
11.5 0.488840691028 1.98275572814 1610.80180392
11.6 0.48891159538 1.92623964017 1592.45253267
11.7 0.488980108437 1.87179904675 1574.46134198
11.8 0.489039645209 1.81934095338 1556.79720043
11.9 0.489067370451 1.76877727132 1539.37923625
12.0 0.489032733491 1.72002452046 1522.10609141
12.1 0.489004717407 1.67300355245 1505.18720037
12.2 0.488937896442 1.6276392926 1488.4744718
12.3 0.488687109072 1.58386049908 1471.52585706
12.4 0.488295247942 1.54159953823 1454.47849251
12.5 0.488106519078 1.50079217461 1438.35157971
12.6 0.487844612969 1.46137737493 1422.31191168
12.7 0.487449199123 1.4232971247 1406.18428181
12.8 0.486873985632 1.38649625664 1389.84085844
12.9 0.486459213129 1.35092229022 1374.25107449
13.0 0.485766813353 1.31652528128 1358.16837366
13.1 0.485167969184 1.28325768123 1342.63649813
13.2 0.484586990288 1.25107420498 1327.43280637
13.3 0.484008070217 1.21993170716 1312.5059115
13.4 0.483425041127 1.18978906589 1297.83229562
13.5 0.482872461932 1.16060707381 1283.49757559
13.6 0.482311657369 1.13234833552 1269.39120701
13.7 0.481761464437 1.10497717145 1255.5567938
13.8 0.481234992878 1.07845952727 1242.0214254
13.9 0.480663019385 1.05276288888 1228.60065331
14.0 0.48014922263 1.02785620226 1215.55475429
14.1 0.479626179195 1.00370979816 1202.70504583
14.2 0.479111059365 0.980295321062 1190.08965042
14.3 0.478570221672 0.957585662314 1177.62019726
14.4 0.478089934748 0.935554897107 1165.50388414
14.5 0.477581684225 0.914178225018 1153.5180743
14.6 0.477077951985 0.89343191394 1141.73781009
14.7 0.476578663225 0.873293247163 1130.15817338
14.8 0.476088973587 0.853740473417 1118.78668366
14.9 0.475586664911 0.834752759686 1107.5668106
15.0 0.475114104898 0.816310146624 1096.59307901
15.1 0.474629142261 0.798393506416 1085.76329281
15.2 0.473879429038 0.780984502937 1074.50220907
15.3 0.47338976955 0.76406555406 1064.00143788
15.4 0.472947205326 0.74761979599 1053.76740679
15.5 0.472487314633 0.731631049509 1043.65159581
15.6 0.472056188941 0.716083788004 1033.7525601
15.7 0.471601798358 0.700963107188 1023.95243313
15.8 0.471176952884 0.686254696399 1014.36301703
15.9 0.470751774976 0.671944811404 1004.91582099
16.0 0.470323045221 0.658020248599 995.601051003
16.1 0.469891982455 0.644468320544 986.41853709
16.2 0.469473240193 0.631276832744 977.396067222
16.3 0.46906734185 0.618434061613 968.531323677
16.4 0.468656918764 0.605928733547 959.785402754
16.5 0.468250851546 0.593750005048 951.173965238
16.6 0.467851318652 0.581887443843 942.698647369
16.7 0.467448920033 0.570331010931 934.337873605
16.8 0.467082487015 0.55907104353 926.166376812
16.9 0.466660478964 0.548098238839 918.00004458
17.0 0.466296361984 0.537403638613 910.060650285
17.1 0.465906475782 0.526978614468 902.181304124
17.2 0.465530151219 0.5168148539 894.436594829
17.3 0.465158285176 0.506904346979 886.80645701
17.4 0.464804410177 0.497239373667 879.314250217
17.5 0.464415254479 0.487812491739 871.857193554
17.6 0.464065348198 0.47861652528 864.573719201
17.7 0.463697535513 0.469644553708 857.354585099
17.8 0.463352452599 0.46088990132 850.273271342
17.9 0.462995944292 0.452346127312 843.26483319
18.0 0.462566835398 0.444007016265 836.21739821
18.1 0.462017667553 0.435866569063 829.04700934
18.2 0.4616852187 0.427918994227 822.356585308
18.3 0.461339126994 0.420158699638 815.72860753
18.4 0.461009119637 0.412580284639 809.214205065
18.5 0.460585393174 0.405178532482 802.619873053
18.6 0.460057525504 0.39794840312 795.929603428
18.7 0.459685737799 0.39088502631 789.592729637
18.8 0.459204523146 0.38398369503 783.149190219
18.9 0.458885053817 0.377239859178 777.06072526
19.0 0.458576425216 0.370649119544 771.066372508
19.1 0.458151609585 0.364207222052 764.952324329
19.2 0.45768316155 0.35791005224 758.841637126
19.3 0.457363593185 0.351753629988 753.051470853
19.4 0.457054942959 0.345734104462 747.349857465
19.5 0.456708511033 0.339847749277 741.656128582
19.6 0.456196829539 0.334090957868 735.76477351
19.7 0.455537698579 0.328460239048 729.708565826
19.8 0.455029507969 0.322952212758 723.965832138
19.9 0.45473366312 0.317563605991 718.627524106
20.0 0.454462118053 0.312291248889 713.390559728
20.1 0.454180908927 0.307132070996 708.200162675
20.2 0.453831498927 0.302083097666 702.964938595
20.3 0.453348565553 0.297141446621 697.585458797
20.4 0.453079059649 0.292304324646 692.595124698
20.5 0.452806312025 0.287569024419 687.657465765
20.6 0.452547802785 0.282932921465 682.798014196
20.7 0.452261671813 0.278393471238 677.952684739
20.8 0.452013122642 0.273948206316 673.218494664
20.9 0.451742993073 0.269594733706 668.505932459
21.0 0.45147854783 0.265330732259 663.854844005
21.1 0.45122043919 0.261153950181 659.265179001
21.2 0.45097575747 0.257062202652 654.746230921
21.3 0.450709730884 0.253053369522 650.246659923
21.4 0.450457136895 0.249125393113 645.816118166
21.5 0.450218383976 0.245276276092 641.454051462
21.6 0.449957742173 0.241504079434 637.108745118
21.7 0.449729437949 0.237806920461 632.856342235
21.8 0.449463679025 0.234182970954 628.597667134
21.9 0.44922820814 0.230630455337 624.427137256
22.0 0.44899785768 0.227147648932 620.308511829
22.1 0.448759470605 0.223732876275 616.222915358
22.2 0.44851362094 0.220384509498 612.170665611
22.3 0.448285345153 0.217100966774 608.185258324
22.4 0.447907915275 0.213880710811 604.040775787
22.5 0.44756209723 0.210722247409 599.982509279
22.6 0.447350950965 0.207624124069 596.146392817
22.7 0.447106184777 0.20458492865 592.305673803
22.8 0.446899338922 0.201603288077 588.554766524
22.9 0.446668752013 0.198677867096 584.811479415
23.0 0.446438596806 0.19580736707 581.107255873
23.1 0.446235595187 0.192990524827 577.47610821
23.2 0.446016648651 0.190226111536 573.861427575
23.3 0.44556959218 0.187512931638 569.991625168
23.4 0.445341036864 0.184849821805 566.439239491
23.5 0.445117458147 0.182235649936 562.928914947
23.6 0.444898515274 0.179669314192 559.459607687
23.7 0.444702701789 0.177149742066 556.053845288
23.8 0.444499414092 0.174675889478 552.672600556
23.9 0.444293344786 0.172246739913 549.321357467
24.0 0.44407994148 0.169861303573 545.994109389
24.1 0.443841429408 0.167518616575 542.668814868
24.2 0.443349105013 0.165217740166 539.067450837
24.3 0.443002032888 0.162957759968 535.677218064
24.4 0.442794152208 0.160737785246 532.487446232
24.5 0.442611573498 0.158556948206 529.358726375
24.6 0.442399786227 0.156414403313 526.225305534
24.7 0.442225766467 0.154309326633 523.166575916
24.8 0.442034164063 0.152240915194 520.116280636
24.9 0.441822569038 0.150208386374 517.071541151
25.0 0.441657662786 0.148210977307 514.109965461
25.1 0.441456250106 0.146247944305 511.133972342
25.2 0.441271649017 0.144318562302 508.205270832
25.3 0.441093085312 0.142422124321 505.31084056
25.4 0.440916620334 0.140557940946 502.445722877
25.5 0.44071614536 0.138725339826 499.579930385
25.6 0.440440260936 0.136923665186 496.655582934
25.7 0.440064542465 0.135152277352 493.646265776
25.8 0.439720750371 0.133410552299 490.700407276
25.9 0.439546861712 0.131697881208 487.970270805
26.0 0.439329258437 0.130013670041 485.216661197
26.1 0.439031756256 0.128357339122 482.400244405
26.2 0.438490025242 0.126728322743 479.34240679
26.3 0.438073890194 0.125126068769 476.44912143
26.4 0.437908635411 0.123550038268 473.853520354
26.5 0.437756184808 0.121999705145 471.294838653
26.6 0.437583634584 0.120474555788 468.737330297
26.7 0.437414435378 0.118974088728 466.206028579
26.8 0.437247439546 0.117497814308 463.699379794
26.9 0.437094163683 0.116045254359 461.229223505
27.0 0.436931914327 0.114615941894 458.771243265
27.1 0.43676754266 0.113209420802 456.332469801
27.2 0.436597680319 0.11182524556 453.909169981
27.3 0.436460224881 0.110462980946 451.540374746
27.4 0.4362876053 0.109122201764 449.15577185
27.5 0.436132627207 0.10780249258 446.809740151
27.6 0.435971995939 0.106503447464 444.478018449
27.7 0.435827120756 0.105224669737 442.182168941
27.8 0.435675977096 0.103965771726 439.899482791
27.9 0.435502613392 0.102726374534 437.613788172
28.0 0.435133707623 0.101506107805 435.151845005
28.1 0.434982722692 0.100304609506 432.927728433
28.2 0.434839633891 0.0991215257089 430.730058729
28.3 0.43469350195 0.0979565103809 428.547719707
28.4 0.434538879973 0.0968092251832 426.375192988
28.5 0.434412119129 0.0956793392725 424.247883337
28.6 0.434238919055 0.0945665291096 422.092975374
28.7 0.43410612687 0.093470478273 419.994920327
28.8 0.433973566441 0.0923908772789 417.914276664
28.9 0.433813189041 0.0913274234052 415.823956441
29.0 0.433681960777 0.0902798205213 413.778484526
29.1 0.433532466304 0.0892477789224 411.732249626
29.2 0.433408067016 0.0882310151687 409.72629226
29.3 0.433269503118 0.087229251929 407.723152808
29.4 0.432968245921 0.0862422178287 405.583694982
29.5 0.432819948297 0.0852696473027 403.604157687
29.6 0.432672414735 0.0843112804512 401.641128454
29.7 0.432546179443 0.0833668629006 399.713394944
29.8 0.432419516802 0.082436145668 397.800529908
29.9 0.432274667667 0.0815188850292 395.886103453
30.0 0.432150496689 0.0806148423907 394.005604257
30.1 0.432027437267 0.0797237841649 392.140852696
30.2 0.431861709697 0.078845481649 390.252110311
30.3 0.431761008018 0.0779797109071 388.436614981
30.4 0.431629467719 0.0771262526557 386.60756569
30.5 0.431362376715 0.0762848921518 384.671793819
30.6 0.431159355659 0.0754554190849 382.807966142
30.7 0.431020827493 0.0746376274709 381.01554717
30.8 0.430885334829 0.0738313155498 379.239545174
30.9 0.430787549905 0.0730362856857 377.510160507
31.0 0.430498142746 0.0722523442692 375.626718663
31.1 0.430310678415 0.071479301623 373.846282334
31.2 0.430182649608 0.0707169719098 372.130784254
31.3 0.430051114681 0.0699651730424 370.425204568
31.4 0.429945216491 0.0692237265963 368.754439034
31.5 0.429805570238 0.068492457725 367.06735428
31.6 0.429697485512 0.067771195077 365.419724306
31.7 0.429469820805 0.067059770715 363.683086083
31.8 0.429258975845 0.0663580200377 361.973609364
31.9 0.429139886848 0.0656657817032 360.353903671
32.0 0.429009565943 0.0649828975545 358.736749876
32.1 0.42891943394 0.0643092125468 357.164959441
32.2 0.428782829139 0.0636445746771 355.566127156
32.3 0.428485166504 0.0629888349151 353.845988155
32.4 0.428354543892 0.0623418471362 352.27589626
32.5 0.428233020716 0.0617034680562 350.724667906
32.6 0.428121891688 0.0610735571672 349.19314995
32.7 0.428001522382 0.0604519766761 347.665174104
32.8 0.427905016968 0.0598385914434 346.167500166
32.9 0.427788672179 0.0592332689249 344.664569143
33.0 0.427667432709 0.0586358791134 343.168458714
33.1 0.427449764114 0.0580462944835 341.605955986
33.2 0.427235780403 0.0574643899363 340.057571464
33.3 0.427151788346 0.0568900427461 338.623286223
33.4 0.427016832425 0.0563231325091 337.158872751
33.5 0.426919869919 0.0557635410916 335.734669668
33.6 0.426814325117 0.0552111525819 334.313734926
33.7 0.426562053126 0.0546658532407 332.788273757
33.8 0.426271173134 0.0541275314553 331.24356482
33.9 0.425880479917 0.0535960776929 329.632484043
34.0 0.425768146734 0.0530713844563 328.247390597
34.1 0.425667300207 0.0525533462398 326.880704355
34.2 0.42556253348 0.0520418594873 325.520442791
34.3 0.42545639459 0.0515368225498 324.168490444
34.4 0.425351039951 0.0510381356457 322.826405077
34.5 0.425052137498 0.0505457008208 321.347171143
34.6 0.42496474146 0.0500594219096 320.037442042
34.7 0.424850883746 0.0495792044978 318.716754094
34.8 0.424684590352 0.0491049558852 317.365840635
34.9 0.424462253401 0.0486365850503 315.982380968
35.0 0.424354132095 0.0481740026146 314.693027098
35.1 0.424257015846 0.0477171208087 313.420472384
35.2 0.42404959997 0.0472658534389 312.075268481
35.3 0.423871432652 0.0468201158543 310.760567975
35.4 0.423774095419 0.0463798249151 309.5137153
35.5 0.423674326009 0.0459448989615 308.273375734
35.6 0.42357329991 0.045515257783 307.040343413
35.7 0.423479744863 0.045090822589 305.820854318
35.8 0.423392153894 0.0446715159798 304.613687447
35.9 0.423302911455 0.0442572619179 303.413261207
36.0 0.423204864187 0.0438479857008 302.214406827
36.1 0.423106127338 0.0434436139336 301.022895055
36.2 0.422990580689 0.0430440745025 299.827232402
36.3 0.422842496332 0.0426492965494 298.616371876
36.4 0.422748060368 0.0422592104462 297.451137173
36.5 0.422665469886 0.0418737477707 296.30173518
36.6 0.422575133786 0.0414928412816 295.154322115
36.7 0.422489478215 0.041116424896 294.017537276
36.8 0.422196385333 0.0407444336657 292.744198907
36.9 0.422099885675 0.0403768037547 291.61493861
37.0 0.422017235448 0.0400134724177 290.502411551
37.1 0.421935539909 0.0396543779779 289.397605209
37.2 0.421792070094 0.0392994598068 288.25757921
37.3 0.421656544667 0.0389486583028 287.13020098
37.4 0.421587462225 0.0386019148717 286.055039866
37.5 0.42148976399 0.0382591719067 284.967280188
37.6 0.421413918033 0.0379203727695 283.901068312
37.7 0.421324247264 0.0375854617712 282.83223687
37.8 0.421239978089 0.037254384154 281.77368635
37.9 0.421156015612 0.0369270860735 280.721923513
38.0 0.421070782176 0.0366035145807 279.675840299
38.1 0.42098557726 0.0362836176051 278.636248354
38.2 0.42091764779 0.0359673439375 277.614465871
38.3 0.420738540352 0.0356546432142 276.525892587
38.4 0.420541292486 0.0353454659001 275.432173024
38.5 0.420462652854 0.0350397632737 274.422623929
38.6 0.420378173292 0.0347374874111 273.415439081
38.7 0.420299145145 0.0344385911711 272.417923108
38.8 0.420211679059 0.0341430281806 271.421015118
38.9 0.420051530019 0.03385075282 270.383365328
39.0 0.419963574247 0.0335617202091 269.398339107
39.1 0.419891546216 0.0332758861932 268.429436735
39.2 0.419812639283 0.0329932073295 267.461972988
39.3 0.419733451622 0.0327136408742 266.50013245
39.4 0.419659391955 0.0324371447691 265.547290101
39.5 0.4195694297 0.032163677629 264.590101791
39.6 0.419505581994 0.0318931987296 263.655028581
39.7 0.419286782934 0.0316256679946 262.628442077
39.8 0.4191814064 0.0313610459847 261.678811045
39.9 0.419039322731 0.0310992938851 260.711965008
40.0 0.41893472101 0.0308403734945 259.774089622
40.1 0.418865210496 0.030584247214 258.863426535
40.2 0.418778443332 0.0303308780356 257.947469126
40.3 0.418722164915 0.0300802295322 257.055590197
40.4 0.41863483978 0.0298322658464 256.149907448
40.5 0.418475941981 0.0295869516808 255.205851873
40.6 0.418350096506 0.0293442522872 254.287406569
40.7 0.4182739154 0.0291041334574 253.40439177
40.8 0.418090771107 0.0288665615134 252.461888503
40.9 0.417940361412 0.0286315032973 251.544569084
41.0 0.417813195512 0.0283989261629 250.646501937
41.1 0.41758082003 0.0281687979659 249.690699211
41.2 0.417530030707 0.0279410870554 248.848663133
41.3 0.417445281759 0.0277157622649 247.991246501
41.4 0.41738939427 0.0274927929039 247.155805697
41.5 0.417308988748 0.0272721487493 246.310629325
41.6 0.417232305913 0.0270538000376 245.472434086
41.7 0.417173410805 0.0268377174562 244.649408769
41.8 0.417104933842 0.0266238721361 243.825415797
41.9 0.416921463884 0.0264122356438 242.939049081
42.0 0.416783616993 0.0262027799739 242.084204863
42.1 0.416692581908 0.0259954775415 241.261278367
42.2 0.416635908332 0.025790301175 240.462787486
42.3 0.416568126696 0.0255872241088 239.662347541
42.4 0.416498432032 0.0253862199767 238.865257466
42.5 0.416426689428 0.0251872628045 238.071415473
42.6 0.416375286923 0.0249903270036 237.293556886
42.7 0.416296490674 0.0247953873643 236.504419848
42.8 0.416234289835 0.0246024190492 235.729029685
42.9 0.416169897107 0.0244113975871 234.956657679
43.0 0.416093613076 0.0242222988665 234.181823335
43.1 0.415939732749 0.0240350991298 233.367691664
43.2 0.415653391059 0.023849774967 232.483947548
43.3 0.415418406734 0.0236663033099 231.633739584
43.4 0.415185497299 0.0234846614264 230.789369868
43.5 0.415134861295 0.0233048269148 230.050650088
43.6 0.415074609341 0.0231267776985 229.31060293
43.7 0.415009412051 0.0229504920201 228.571819134
43.8 0.414928049614 0.0227759484362 227.828132658
43.9 0.414890492864 0.0226031258126 227.112422677
44.0 0.414812198081 0.0224320033186 226.378301135
44.1 0.41475573642 0.0222625604221 225.659985308
44.2 0.414694733504 0.0220947768849 224.943031171
44.3 0.414632903402 0.0219286327575 224.229440705
44.4 0.414567325526 0.0217641083748 223.51761456
44.5 0.41451008803 0.0216011843508 222.814040329
44.6 0.414448783131 0.0214398415746 222.111999724
44.7 0.414384952654 0.0212800612056 221.412308359
44.8 0.414323267695 0.0211218246689 220.717439072
44.9 0.414271072362 0.0209651136515 220.031254868
45.0 0.413879020571 0.0208099100977 219.168688201
45.1 0.413769526845 0.0206561962048 218.459935274
45.2 0.413723486714 0.0205039544192 217.788296268
45.3 0.413654640341 0.0203531674325 217.108173594
45.4 0.41360103739 0.0202038181773 216.439559098
45.5 0.413536355602 0.0200558898232 215.768622313
45.6 0.413186825622 0.0199093657736 214.952965247
45.7 0.413143559122 0.0197642296612 214.300479338
45.8 0.413083804773 0.0196204653448 213.642815156
45.9 0.413025296581 0.0194780569058 212.989168031
46.0 0.412972827366 0.0193369886441 212.341972159
46.1 0.412902150712 0.0191972450752 211.688745399
46.2 0.412847607226 0.0190588109264 211.04709988
46.3 0.412796081387 0.0189216711338 210.410254665
46.4 0.412744265343 0.0187858108385 209.77649169
46.5 0.412690016158 0.0186512153842 209.14470298
46.6 0.412625581673 0.0185178703129 208.510958754
46.7 0.412558829203 0.0183857613627 207.879244594
46.8 0.412526260599 0.0182548744646 207.267887475
46.9 0.41228178702 0.0181251957389 206.553426853
47.0 0.412221451985 0.0179967114929 205.934601215
47.1 0.41217955613 0.0178694082178 205.328056151
47.2 0.412109769065 0.0177432725857 204.710677426
47.3 0.412051591995 0.0176182914469 204.10212757
47.4 0.411905295936 0.0174944518272 203.453076771
47.5 0.411761296679 0.0173717409252 202.808405226
47.6 0.411641283807 0.0172501461093 202.178733351
47.7 0.411489776774 0.0171296549158 201.536766328
47.8 0.411313193018 0.0170102550456 200.885746138
47.9 0.411198350216 0.0168919343621 200.268036375
48.0 0.41114008167 0.0167746808887 199.68085324
48.1 0.411086446462 0.016658482806 199.098789693
48.2 0.411044034772 0.0165433284501 198.524989957
48.3 0.410990749758 0.0164292063094 197.948746549
48.4 0.410928602997 0.016316105023 197.371049814
48.5 0.410798381493 0.0162040133782 196.763553925
48.6 0.410633927305 0.0160929203079 196.142674089
48.7 0.410612364196 0.0159828148891 195.592896681
48.8 0.41054848054 0.0158736863402 195.025657916
48.9 0.410490529537 0.015765524019 194.463964203
49.0 0.41044576144 0.0156583174207 193.911199113
49.1 0.410400979744 0.0155520561759 193.361075704
49.2 0.410348151832 0.0154467300485 192.809801739
49.3 0.410297661139 0.0153423289335 192.262255781
49.4 0.410250920543 0.0152388428557 191.719071349
49.5 0.410186561372 0.0151362619669 191.170257555
49.6 0.410154975348 0.0150345765449 190.639285488
49.7 0.410100441441 0.0149337769908 190.100185167
49.8 0.410050670503 0.014833853828 189.56583627
49.9 0.410000048669 0.0147347976999 189.033615644
50.0 0.409956338379 0.0146365993681 188.507078909
50.1 0.409740556027 0.014539249711 187.904103226
50.2 0.409691425744 0.014442739722 187.380225791
50.3 0.409651233484 0.0143470605076 186.862876928
50.4 0.409584165761 0.014252203286 186.335714905
50.5 0.409554171665 0.0141581593853 185.827836778
50.6 0.409491020616 0.0140649202421 185.307311144
50.7 0.409459040303 0.0139724773998 184.803274738
50.8 0.40940435674 0.0138808225072 184.291349199
50.9 0.409267253571 0.0137899473167 183.74478962
51.0 0.409140304918 0.0136998436832 183.205324972
51.1 0.409042500084 0.0136105035621 182.681383502
51.2 0.408770260017 0.0135219190086 182.082164576
51.3 0.408733133305 0.0134340821756 181.590213527
51.4 0.408579101757 0.0133469853125 181.04870964
51.5 0.408462829131 0.0132606207643 180.526398545
51.6 0.408415260602 0.0131749809693 180.036775138
51.7 0.408375483364 0.0130900584588 179.55280652
51.8 0.408154089194 0.0130058458549 178.991388862
51.9 0.408082328445 0.01292233587 178.498015892
52.0 0.40806689652 0.0128395213049 178.031458034
52.1 0.408010876454 0.0127573950479 177.549337097
52.2 0.407961659925 0.0126759500734 177.072345579
52.3 0.407907292563 0.012595179441 176.595271449
52.4 0.407883665148 0.0125150762937 176.133616561
52.5 0.40783447944 0.0124356338576 175.663016772
52.6 0.40778005845 0.0123568454398 175.192274333
52.7 0.407708354555 0.012278704428 174.716230217
52.8 0.407559039545 0.0122012042892 174.209140447
52.9 0.407508218886 0.0121243385684 173.746328368
53.0 0.407480717203 0.0120481008875 173.295490102
53.1 0.407389213041 0.0119724849446 172.819494796
53.2 0.407204275546 0.0118974845126 172.306081521
53.3 0.407166317011 0.0118230934385 171.857008408
53.4 0.407104787336 0.0117493056421 171.399988752
53.5 0.406898992754 0.0116761151149 170.884397256
53.6 0.406854779814 0.0116035159196 170.438800217
53.7 0.406822597601 0.0115315021886 170.00018331
53.8 0.406763040425 0.0114600681236 169.55207126
53.9 0.406739101059 0.0113892079941 169.120729435
54.0 0.406697124233 0.0113189161368 168.683781126
54.1 0.406644414524 0.0112491869546 168.244292501
54.2 0.406612126957 0.0111800149157 167.815142915
54.3 0.406570993092 0.011111394553 167.384208467
54.4 0.406525079875 0.0110433204627 166.953174871
54.5 0.40648674814 0.0109757873039 166.52710907
54.6 0.406446135849 0.0109087897973 166.101946479
54.7 0.40641471422 0.0108423227251 165.682359171
54.8 0.406373550069 0.0107763809293 165.260608913
54.9 0.406318067768 0.0107109593117 164.834857508
55.0 0.406290134361 0.0106460528325 164.422079628
55.1 0.406091165235 0.0105816565099 163.942012788
55.2 0.406027521776 0.0105177654191 163.518529242
55.3 0.405977123596 0.0104543746917 163.102174174
55.4 0.405767041387 0.0103914795149 162.623591325
55.5 0.405741238883 0.0103290751308 162.220754713
55.6 0.405611153502 0.0102671568354 161.77802605
55.7 0.405512247891 0.0102057199786 161.349594562
55.8 0.405469167133 0.0101447599625 160.945142017
55.9 0.405431599764 0.0100842722416 160.544575627
56.0 0.405389588034 0.0100242523216 160.143935865
56.1 0.405357295334 0.00996469575893 159.74880698
56.2 0.405318606233 0.00990559816005 159.352815718
56.3 0.405279335123 0.00984695518076 158.958250728
56.4 0.405227584108 0.00978876252562 158.560448322
56.5 0.405208645068 0.00973101594728 158.177113609
56.6 0.405163002112 0.00967371124586 157.784968211
56.7 0.405131252997 0.00961684426836 157.399849336
56.8 0.405084749344 0.00956041090803 157.010605099
56.9 0.405047508119 0.00950440710379 156.626553567
57.0 0.405016946743 0.00944882883964 156.246663725
57.1 0.404972929356 0.00939367214407 155.863158398
57.2 0.404945852832 0.00933893308951 155.487736368
57.3 0.404890090517 0.00928460779175 155.102864406
57.4 0.404637565967 0.00923069240941 154.644375033
57.5 0.404476865668 0.00917718314336 154.222819641
57.6 0.404444966341 0.0091240762362 153.852008724
57.7 0.404405400076 0.00907136797176 153.479798567
57.8 0.404363815778 0.00901905467452 153.108339559
57.9 0.404334659063 0.00896713270914 152.743085282
58.0 0.404298827162 0.00891559847993 152.376794818
58.1 0.403972404885 0.00886444843037 151.902718548
58.2 0.403877258018 0.00881367904259 151.517384077
58.3 0.403713055359 0.00876328683692 151.107769354
58.4 0.403523184943 0.00871326837136 150.690245914
58.5 0.403247338899 0.00866362024117 150.242400373
58.6 0.403201733747 0.00861433907835 149.881989588
58.7 0.40318221899 0.00856542155122 149.532701372
58.8 0.403144279759 0.00851686436393 149.177989239
58.9 0.403096696182 0.00846866425606 148.821133372
59.0 0.403065538999 0.00842081800215 148.471753312
59.1 0.402965915166 0.00837332241126 148.098599827
59.2 0.402843561667 0.00832617432657 147.71860717
59.3 0.402787787866 0.00827937062494 147.364498205
59.4 0.402737454563 0.00823290821649 147.01378147
59.5 0.402544893059 0.00818678404422 146.612652566
59.6 0.402518867731 0.00814099508356 146.273656655
59.7 0.402483825685 0.00809553834203 145.932725193
59.8 0.402446198465 0.00805041085877 145.59219942
59.9 0.402417957786 0.00800560970423 145.256399418
60.0 0.402344944972 0.00796113197975 144.905789615
60.1 0.402172984998 0.00791697481719 144.521002704
60.2 0.402137338814 0.00787313537855 144.186621347
60.3 0.402103960314 0.0078296108556 143.854355702
60.4 0.402077649053 0.00778639846956 143.525906396
60.5 0.402044425461 0.00774349547069 143.196270407
60.6 0.401936624554 0.00770089913797 142.841410047
60.7 0.401823324815 0.00765860677875 142.485988874
60.8 0.401608877855 0.0076166157284 142.096170045
60.9 0.40141889938 0.00757492334997 141.716529302
61.0 0.40138827107 0.00753352703387 141.394515131
61.1 0.401198784595 0.00749242419754 141.017902593
61.2 0.401133955869 0.00745161228513 140.686486846
61.3 0.401119050773 0.00741108876714 140.373819514
61.4 0.401083436497 0.00737085114018 140.05511486
61.5 0.401052412786 0.0073308969266 139.739228872
61.6 0.401020873973 0.0072912236742 139.424369387
61.7 0.40099118657 0.00725182895593 139.11135202
61.8 0.400960420703 0.0072127103696 138.799151876
61.9 0.400927714642 0.00717386553756 138.487467285
62.0 0.400743950895 0.00713529210646 138.124899689
62.1 0.400716827103 0.00709698774689 137.817605399
62.2 0.400671273308 0.00705895015317 137.505147013
62.3 0.400534446273 0.00702117704303 137.162614008
62.4 0.400465221082 0.00698366615733 136.844491157
62.5 0.400432673913 0.00694641525984 136.540078422
62.6 0.400375041183 0.00690942213689 136.2282739
62.7 0.400207462932 0.0068726845972 135.880314146
62.8 0.400182678425 0.00683620047153 135.582059956
62.9 0.400131348588 0.00679996761248 135.275945151
63.0 0.400126191683 0.00676398389423 134.986553299
63.1 0.400090782507 0.00672824721226 134.688051037
63.2 0.399796222988 0.00669275548314 134.303603691
63.3 0.39968073229 0.00665750664427 133.980657585
63.4 0.399447183945 0.00662249865361 133.619432293
63.5 0.399226869636 0.00658772948951 133.263997184
63.6 0.398983578672 0.0065531971504 132.90225519
63.7 0.398943826243 0.00651889965463 132.609541457
63.8 0.398735057783 0.00648483504017 132.261844844
63.9 0.398547375406 0.00645100136444 131.92243765
64.0 0.398415458949 0.00641739670408 131.602724416
64.1 0.39839118718 0.00638401915469 131.319683483
64.2 0.398144676064 0.00635086683067 130.96457538
64.3 0.397691319066 0.00631793786496 130.542904566
64.4 0.397639269365 0.00628523040886 130.254299884
64.5 0.397603205033 0.00625274263179 129.971976377
64.6 0.397579882285 0.00622047272113 129.694837904
64.7 0.397419086445 0.00618841888197 129.373953141
64.8 0.397168601073 0.00615657933694 129.025117532
64.9 0.396899418179 0.00612495232598 128.671520372
65.0 0.39678695157 0.00609353610621 128.369942882
65.1 0.39670819909 0.00606232895164 128.080352988
65.2 0.396555306732 0.00603132915307 127.767927946
65.3 0.39653526125 0.00600053501786 127.499362535
65.4 0.39649098619 0.00596994486974 127.223986484
65.5 0.396370378724 0.00593955704864 126.925158282
65.6 0.396136316628 0.0059093699105 126.59115967
65.7 0.395903582636 0.00587938182711 126.258812581
65.8 0.39588996922 0.00584959118592 125.997423567
65.9 0.395748323862 0.00581999638984 125.696299607
66.0 0.395600173679 0.00579059585713 125.394204315
66.1 0.395466907747 0.00576138802117 125.097910671
66.2 0.395425117824 0.00573237133032 124.831563742
66.3 0.395399194334 0.00570354424777 124.57116213
66.4 0.395317246161 0.00567490525134 124.294067087
66.5 0.395052606901 0.00564645283333 123.960634721
66.6 0.394986525304 0.00561818550039 123.690594573
66.7 0.394945092996 0.00559010177333 123.429215553
66.8 0.394946233068 0.00556220018696 123.18203664
66.9 0.394904327461 0.00553447928998 122.922323022
67.0 0.394875053825 0.00550693764477 122.667446956
67.1 0.394861136339 0.00547957382729 122.418224954
67.2 0.394832570126 0.00545238642691 122.165340271
67.3 0.394804438808 0.00542537404624 121.913473396
67.4 0.394782049599 0.00539853530105 121.664254723
67.5 0.394751961588 0.00537186882007 121.413535351
67.6 0.394616375779 0.00534537324486 121.131304721
67.7 0.394547464707 0.0053190472297 120.870496207
67.8 0.394536103574 0.00529288944141 120.628193902
67.9 0.394496826449 0.00526689855925 120.378209771
68.0 0.394488000631 0.00524107327478 120.138365374
68.1 0.394440132282 0.00521541229171 119.887479527
68.2 0.394424159101 0.00518991432577 119.647136811
68.3 0.394414049046 0.00516457810461 119.4093948
68.4 0.394371520244 0.00513940236764 119.162671838
68.5 0.394364370371 0.00511438586593 118.927466999
68.6 0.394323525576 0.00508952736206 118.682923882
68.7 0.394316648711 0.00506482563002 118.449423265
68.8 0.394234389374 0.00504027945508 118.194117474
68.9 0.394069970635 0.00501588763364 117.915106666
69.0 0.393893887775 0.00499164897319 117.633582665
69.1 0.393880397042 0.0049675622921 117.401500483
69.2 0.39369312632 0.00494362641957 117.118507616
69.3 0.393666435341 0.00491984019549 116.884175408
69.4 0.393518053419 0.00489620247032 116.61457528
69.5 0.393427676681 0.004872712105 116.363060193
69.6 0.393410058323 0.00484936797082 116.133881698
69.7 0.39322539104 0.00482616894933 115.856257224
69.8 0.39301058693 0.00480311393221 115.570727546
69.9 0.392853716702 0.00478020182119 115.30318789
70.0 0.392740663428 0.00475743152792 115.049400454
70.1 0.392648088499 0.00473480197387 114.802463495
70.2 0.392610729459 0.00471231209026 114.572475782
70.3 0.392476681746 0.0046899608179 114.315096571
70.4 0.392398902486 0.00466774710715 114.074949395
70.5 0.392390833947 0.00464566991779 113.855837226
70.6 0.392273297417 0.00462372821889 113.605749365
70.7 0.392179479599 0.00460192098881 113.36336153
70.8 0.392133057962 0.00458024721499 113.135462046
70.9 0.39213110536 0.00455870589395 112.921126617
71.0 0.392002585139 0.00453729603112 112.671119065
71.1 0.391566195573 0.00451601664081 112.333629347
71.2 0.391439410463 0.00449486674608 112.085961389
71.3 0.391393268697 0.00447384537867 111.862171643
71.4 0.391375667857 0.0044529515789 111.647263264
71.5 0.391370929864 0.00443218439558 111.436722935
71.6 0.391203076334 0.00441154288595 111.180513476
71.7 0.391147269837 0.00439102611554 110.956947039
71.8 0.391001621768 0.00437063315814 110.708678686
71.9 0.390773147945 0.00435036309569 110.437829943
72.0 0.390423316704 0.00433021501821 110.133658287
72.1 0.390385561802 0.00431018802368 109.918389467
72.2 0.390353848935 0.00429028121802 109.705521234
72.3 0.390342355378 0.00427049371496 109.49901791
72.4 0.390311655453 0.00425082463599 109.287805562
72.5 0.390295580528 0.00423127311025 109.081366243
72.6 0.390265299636 0.00421183827449 108.871631241
72.7 0.390250068394 0.00419251927298 108.666765744
72.8 0.390234933153 0.00417331525741 108.462587253
72.9 0.390203705758 0.00415422538685 108.254601496
73.0 0.39019297826 0.00413524882767 108.052963181
73.1 0.390152600878 0.00411638475344 107.843775907
73.2 0.390151498623 0.00409763234488 107.646098714
73.3 0.389962524877 0.0040789907898 107.397311977
73.4 0.389942113631 0.004060459283 107.195680381
73.5 0.389733674415 0.00404203702621 106.9430982
73.6 0.389240720052 0.00402372322804 106.613416317
73.7 0.389065279261 0.0040055171039 106.371652412
73.8 0.388966241216 0.0039874178759 106.15152782
73.9 0.388812606667 0.00396942477285 105.917239766
74.0 0.388754800297 0.00395153703013 105.709769115
74.1 0.388718004736 0.00393375388967 105.5086636
74.2 0.388714236468 0.00391607459985 105.317145052
74.3 0.388600473211 0.00389849841547 105.096482001
74.4 0.388526676045 0.00388102459766 104.887316183
74.5 0.388464470522 0.00386365241383 104.681939954
74.6 0.388355889697 0.00384638113761 104.464740828
74.7 0.388342181227 0.00382921004877 104.273709384
74.8 0.388326355773 0.00381213843321 104.082709676
74.9 0.388218088939 0.00379516558282 103.867575822
75.0 0.388113218214 0.0037782907955 103.654033166
75.1 0.38790314559 0.00376151337505 103.413122081
75.2 0.38775849187 0.00374483263114 103.190395081
75.3 0.387522497571 0.00372824787925 102.944113109
75.4 0.387378529803 0.00371175844058 102.723026669
75.5 0.387085356036 0.00369536364206 102.463147019
75.6 0.387042768747 0.00367906281621 102.270320237
75.7 0.387003844667 0.00366285530118 102.079060666
75.8 0.386915313168 0.0036467404406 101.875334297
75.9 0.386694498952 0.00363071758362 101.637477573
76.0 0.386662962662 0.00361478608477 101.450040468
76.1 0.386528202784 0.00359894530398 101.236147844
76.2 0.386349314589 0.00358319460648 101.011390265
76.3 0.386299133828 0.00356753336278 100.820934259
76.4 0.386282964849 0.00355196094858 100.639928517
76.5 0.386254109995 0.00353647674478 100.456178872
76.6 0.386244379383 0.00352108013737 100.277958852
76.7 0.386220324058 0.00350577051742 100.096571022
76.8 0.386102286833 0.00349054728102 99.8914237313
76.9 0.38591602424 0.00347540982923 99.6692937004
77.0 0.385902771221 0.00346035756802 99.4924646871
77.1 0.385879003263 0.00344538990826 99.3134675171
77.2 0.385863777425 0.00343050626563 99.1372101429
77.3 0.385679477008 0.00341570606062 98.9181240995
77.4 0.385369173919 0.00340098871844 98.6674601047
77.5 0.385182922485 0.003386353669 98.4492941226
77.6 0.385153438898 0.00337180034685 98.271805999
77.7 0.385138836411 0.00335732819117 98.0986459319
77.8 0.384841706519 0.00334293664569 97.8541696044
77.9 0.384441908835 0.00332862515865 97.5843998858
78.0 0.384286372031 0.0033143931828 97.3773787321
78.1 0.384235130199 0.00330024017529 97.1973776638
78.2 0.384135684854 0.00328616559768 97.0057479065
78.3 0.384044377374 0.00327216891589 96.8167531517
78.4 0.384032963192 0.00325824960015 96.6484388563
78.5 0.383881928598 0.00324440712494 96.4455495344
78.6 0.383680291404 0.00323064096901 96.2305889109
78.7 0.383663869364 0.00321695061527 96.0626637458
78.8 0.38363942699 0.00320333555081 95.8932341716
78.9 0.383634907382 0.00318979526681 95.7292809848
79.0 0.383605880614 0.00317632925855 95.5597088559
79.1 0.383605720908 0.00316293702533 95.3978202365
79.2 0.383575208584 0.00314961807048 95.2288743003
79.3 0.383552718099 0.00313637190126 95.0624182228
79.4 0.383273371313 0.00312319802888 94.8329013228
79.5 0.383207909759 0.00311009596844 94.6569215931
79.6 0.383190166698 0.00309706523889 94.4932331838
79.7 0.383185009228 0.00308410536302 94.3331254707
79.8 0.383021967589 0.00307121586737 94.1346847521
79.9 0.382661226168 0.00305839628227 93.8883352399
80.0 0.382482963184 0.00304564614174 93.6874410086
80.1 0.382448738512 0.0030329649835 93.5223745763
80.2 0.382312728485 0.00302035234891 93.3329446284
80.3 0.382277158561 0.00300780778294 93.1685598863
80.4 0.382096828117 0.00299533083415 92.9694349079
80.5 0.381895249553 0.00298292105466 92.765745801
80.6 0.381655150936 0.0029705780001 92.5533272659
80.7 0.381387401141 0.00295830122957 92.3348546415
80.8 0.381031146665 0.00294609030565 92.0956501809
80.9 0.380803982521 0.00293394479433 91.8883232516
81.0 0.380539841041 0.00292186426499 91.6727102401
81.1 0.38048104727 0.00290984829038 91.5071327848
81.2 0.380140007737 0.00289789644658 91.2742691287
81.3 0.38008806456 0.00288600831296 91.1114094726
81.4 0.379853807746 0.00287418347217 90.905392376
81.5 0.379539273087 0.00286242151011 90.6808097933
81.6 0.379285849076 0.00285072201588 90.4714791971
81.7 0.379262607298 0.00283908458176 90.3175887708
81.8 0.379069761516 0.0028275088032 90.1238174336
81.9 0.378771183724 0.00281599427878 89.905521984
82.0 0.378615151603 0.00280454061016 89.7216582343
82.1 0.378586897928 0.00279314740208 89.5685643911
82.2 0.378354885129 0.00278181426233 89.3677809393
82.3 0.377990909745 0.00277054080171 89.136471936
82.4 0.377895320765 0.00275932663402 88.969042104
82.5 0.377714681898 0.00274817137601 88.782105302
82.6 0.377699473193 0.00273707464739 88.6345368526
82.7 0.377576755594 0.00272603607074 88.462199145
82.8 0.377469872599 0.00271505527157 88.2940640581
82.9 0.37694009086 0.00270413187823 88.0276532374
83.0 0.376776613252 0.00269326552191 87.847449755
83.1 0.376594815814 0.00268245583659 87.6635047139
83.2 0.376425089416 0.00267170245907 87.4828995671
83.3 0.376329738504 0.00266100502889 87.3200751562
83.4 0.376088273199 0.00265036318831 87.1238679432
83.5 0.375993860331 0.00263977658235 86.9622444607
83.6 0.375940581927 0.00262924485866 86.8105807498
83.7 0.375919889927 0.0026187676676 86.666858623
83.8 0.37590678152 0.00260834466216 86.5252852467
83.9 0.375799945266 0.00259797549794 86.3625682738
84.0 0.375556596579 0.00258765983313 86.1689925472
84.1 0.375299095396 0.00257739732852 85.9727358613
84.2 0.37511122824 0.00256718764742 85.7929745331
84.3 0.374999308799 0.0025570304557 85.6310720689
84.4 0.374778267751 0.0025469254217 85.4447503244
84.5 0.374525333984 0.00253687221628 85.251705105
84.6 0.374348282855 0.00252687051273 85.0764623752
84.7 0.374202840975 0.00251691998682 84.9088921688
84.8 0.374165521095 0.00250702031671 84.7662922749
84.9 0.373993180067 0.00249717118296 84.5935482744
85.0 0.37366953781 0.00248737226854 84.3871264254
85.1 0.373627896025 0.00247762325875 84.244886172
85.2 0.373481098435 0.00246792384123 84.0793672052
85.3 0.373300171373 0.00245827370595 83.9066441012
85.4 0.373158132852 0.00244867254518 83.7431376204
85.5 0.373146422414 0.00243912005345 83.6092932613
85.6 0.373053643013 0.00242961592758 83.4576794148
85.7 0.372834333614 0.00242015986659 83.2782252924
85.8 0.372821057733 0.00241075157176 83.1452287649
85.9 0.372600929688 0.00240139074655 82.9665361463
86.0 0.372518594185 0.00239207709661 82.8189832943
86.1 0.372284454736 0.00238281032974 82.6381418016
86.2 0.372174767376 0.00237359015591 82.4853940403
86.3 0.372076389237 0.00236441628721 82.3355725248
86.4 0.371950708604 0.00235528843782 82.1801329497
86.5 0.371750564304 0.00234620632404 82.0086979101
86.6 0.371483388175 0.00233716966424 81.8229789024
86.7 0.371287660298 0.00232817817882 81.6534970011
86.8 0.370916397226 0.00231923159024 81.4459446902
86.9 0.370890361848 0.002310329623 81.3146713878
87.0 0.370775080969 0.00230147200357 81.1642171129
87.1 0.370724445209 0.00229265846043 81.028306134
87.2 0.370681842937 0.00228388872401 80.8945172752
87.3 0.370526764096 0.00227516252674 80.7365822956
87.4 0.369997632472 0.00226647960293 80.4977032701
87.5 0.369764479736 0.00225783968886 80.3238030605
87.6 0.369593389413 0.00224924252269 80.163848119
87.7 0.369525800976 0.00224068784448 80.0267492647
87.8 0.369099903485 0.00223217539615 79.8125422192
87.9 0.368923495007 0.00222370492152 79.6528071052
88.0 0.368760592425 0.00221527616619 79.4964229371
88.1 0.368712295568 0.00220688887765 79.3651364316
88.2 0.368569452419 0.00219854280516 79.2138820476
88.3 0.368555386168 0.0021902376998 79.0906753025
88.4 0.368412071772 0.00218197331443 78.9401016338
88.5 0.368377115533 0.00217374940367 78.8131206967
88.6 0.368260111554 0.00216556572389 78.6689506204
88.7 0.368201369324 0.00215742203322 78.5375976562
88.8 0.368034379824 0.0021493180915 78.3835411751
88.9 0.367877305988 0.00214125366027 78.2320123632
89.0 0.367757305839 0.00213322850279 78.0887667791
89.1 0.367552858964 0.00212524238399 77.9280027776
89.2 0.367373083524 0.00211729507047 77.7728998939
89.3 0.366992643667 0.00210938633048 77.5758009147
89.4 0.366819527536 0.00210151593392 77.4230072322
89.5 0.366672885886 0.00209368365231 77.2762063241
89.6 0.366505524005 0.00208588925879 77.1254402011
89.7 0.366438847617 0.00207813252811 76.9962367184
89.8 0.366210805415 0.00207041323658 76.8335195065
89.9 0.365871293798 0.00206273116211 76.6478916522
90.0 0.365774079023 0.00205508608417 76.5134574106
90.1 0.365694279457 0.00204747778377 76.3830174527
90.2 0.365498611817 0.00203990604346 76.228756543
90.3 0.365419554071 0.00203237064733 76.0991948596
90.4 0.365177169715 0.00202487138097 75.9360120597
90.5 0.365083347975 0.00201740803145 75.8041168569
90.6 0.364883044183 0.00200998038737 75.6504928389
90.7 0.364760062497 0.00200258823877 75.5132880133
90.8 0.3643255024 0.00199523137718 75.3120378909
90.9 0.36416880622 0.00198790959555 75.1686936918
91.0 0.363869293666 0.00198062268831 74.9962945388
91.1 0.363784310965 0.0019733704513 74.8685124107
91.2 0.363518669537 0.00196615268177 74.7039388108
91.3 0.363277682802 0.00195896917837 74.5448664187
91.4 0.363034109856 0.00195181974119 74.3856896811
91.5 0.362865865194 0.00194470417164 74.2423506503
91.6 0.362815697877 0.00193762227255 74.1235137865
91.7 0.362484761117 0.0019305738481 73.9477063158
91.8 0.362390844779 0.0019235587038 73.8206540304
91.9 0.362243753688 0.00191657664653 73.6831161219
92.0 0.361601164482 0.00190962748448 73.4452977413
92.1 0.361106757014 0.00190271102717 73.2381852615
92.2 0.360664261308 0.00189582708542 73.0421485294
92.3 0.360522560467 0.00188897547134 72.9074706106
92.4 0.360515578929 0.00188215599836 72.8003486449
92.5 0.36011270193 0.00187536848114 72.6136691784
92.6 0.359473031563 0.00186861273564 72.3798128957
92.7 0.359113595587 0.00186188857908 72.2029376341
92.8 0.358787518783 0.00185519582991 72.0332322345
92.9 0.358381102035 0.00184853430783 71.8478717034
93.0 0.358035464161 0.00184190383374 71.6751745924
93.1 0.357801316334 0.00183530422981 71.5252238194
93.2 0.357627099278 0.00182873531936 71.3876295994
93.3 0.357292105963 0.00182219692696 71.2183458575
93.4 0.356983435008 0.00181568887833 71.0547497156
93.5 0.356502053857 0.00180921100039 70.8572579142
93.6 0.355999206565 0.00180276312124 70.6560340633
93.7 0.355691911353 0.00179634507011 70.4941050572
93.8 0.355576939372 0.00178995667742 70.3706638509
93.9 0.355083561926 0.0017835977747 70.1727567372
94.0 0.354884363434 0.00177726819464 70.0334311886
94.1 0.354813923719 0.00177096777104 69.9198395215
94.2 0.354409430061 0.00176469633883 69.7407997423
94.3 0.354080882381 0.00175845373404 69.5771562944
94.4 0.353650976729 0.0017522397938 69.3940530135
94.5 0.35345107062 0.00174605435633 69.2565003494
94.6 0.353222894697 0.00173989726094 69.1137705002
94.7 0.352978055889 0.00173376834801 68.9681535436
94.8 0.352964790449 0.00172766745899 68.8680961362
94.9 0.352869256633 0.00172159443638 68.7522573421
95.0 0.352296217413 0.00171554912373 68.5438056073
95.1 0.35168926078 0.00170953136565 68.3293167673
95.2 0.351299343627 0.00170354100775 68.1575061675
95.3 0.351146816602 0.00169757789671 68.0321369491
95.4 0.350924926761 0.00169164188018 67.8936660475
95.5 0.350595298261 0.00168573280686 67.7347346328
95.6 0.350307313222 0.00167985052642 67.5842490188
95.7 0.349751408172 0.00167399488955 67.3825340028
95.8 0.349379913765 0.00166816574792 67.2168281764
95.9 0.349078306533 0.00166236295417 67.0649786769
96.0 0.348265343111 0.00165658636192 66.8154150376
96.1 0.347720908243 0.00165083582576 66.6179600678
96.2 0.347605747244 0.00164511120122 66.5031498784
96.3 0.34738654882 0.00163941234479 66.3687498805
96.4 0.34652560252 0.00163373911391 66.1122542849
96.5 0.345884179387 0.00162809136694 65.8982622239
96.6 0.345572822942 0.00162246896319 65.747628921
96.7 0.345320056094 0.00161687176287 65.6085125227
96.8 0.344941771786 0.00161129962711 65.4459347482
96.9 0.344419540708 0.00160575241795 65.2565013715
97.0 0.343995717256 0.00160022999834 65.0861789233
97.1 0.343527919914 0.00159473223211 64.9079862751
97.2 0.343340641832 0.00158925898397 64.7831831857
97.3 0.34290242169 0.00158381011954 64.6114087601
97.4 0.342754445165 0.00157838550528 64.4946897071
97.5 0.342531761862 0.00157298500855 64.3642224893
97.6 0.34248204066 0.00156760849754 64.2665388207
97.7 0.342022099869 0.00156225584131 64.0922204313
97.8 0.341909419748 0.00155692690977 63.9833337503
97.9 0.341401796873 0.00155162157366 63.8009080049
98.0 0.340805921211 0.00154633970458 63.6024806117
98.1 0.34011385596 0.00154108117492 63.3866382389
98.2 0.339565649712 0.00153584585792 63.1981290177
98.3 0.338885032585 0.00153063362764 62.9854937311
98.4 0.338560718917 0.00152544435894 62.8395404491
98.5 0.338237841711 0.00152027792747 62.6942208694
98.6 0.337816240758 0.00151513420971 62.5309926213
98.7 0.337715116304 0.00151001308292 62.4274189907
98.8 0.337406608923 0.00150491442512 62.2858138271
98.9 0.337206676301 0.00149983811516 62.1645791494
99.0 0.337181366131 0.00149478403263 62.0757919905
99.1 0.336805113223 0.0014897520579 61.9226941015
99.2 0.336543499268 0.0014847420721 61.7910292652
99.3 0.336242366647 0.00147975395712 61.6524450568
99.4 0.335927938719 0.00147478759561 61.5117714163
99.5 0.335637732917 0.00146984287095 61.3758775619
99.6 0.335495919688 0.00146491966728 61.2674201124
99.7 0.334982366301 0.00146001786947 61.0914309779
99.8 0.334313030343 0.0014551373631 60.8875140629
99.9 0.333598614833 0.00145027803452 60.6759169877
100.0 0.332983194104 0.00144543977075 60.482840482
100.1 0.332476834044 0.00144062245955 60.3100364014
100.2 0.332215550348 0.0014358259894 60.1820634495
100.3 0.33179709455 0.00143105024946 60.0259707806
100.4 0.33098029751 0.00142629512961 59.7982990651
100.5 0.330338599495 0.0014215605204 59.6028002921
100.6 0.330005906284 0.0014168463131 59.4634746093
100.7 0.329501253279 0.00141215239963 59.2935488052
100.8 0.329030801083 0.00140747867262 59.1301942657
100.9 0.328847640846 0.00140282502535 59.01880773
101.0 0.328548358486 0.00139819135179 58.8868773024
101.1 0.328387166068 0.00139357754655 58.7799877649
101.2 0.327764507574 0.00138898350491 58.5908638078
101.3 0.32712804109 0.00138440912282 58.3997489619
101.4 0.326708520526 0.00137985429687 58.2477917457
101.5 0.326464160755 0.00137531892427 58.1273974687
101.6 0.325591119146 0.00137080290292 57.8955049237
101.7 0.325187406255 0.00136630613131 57.747542233
101.8 0.323891861115 0.00136182850858 57.4417783078
101.9 0.323187695926 0.0013573699345 57.241535591
102.0 0.322287131243 0.00135293030947 57.0070540491
102.1 0.321814247572 0.00134850953448 56.8487130076
102.2 0.321001208616 0.00134410751117 56.6307523361
102.3 0.319900043384 0.00133972414175 56.3625733923
102.4 0.319418141376 0.00133535932906 56.2040356285
102.5 0.318564764816 0.00133101297653 55.9806095396
102.6 0.318049781591 0.00132668498821 55.8171300059
102.7 0.31760501908 0.0013223752687 55.6663603361
102.8 0.31691981484 0.00131808372322 55.4738724857
102.9 0.316016764033 0.00131381025756 55.2437795427
103.0 0.315329404096 0.00130955477809 55.0519178329
103.1 0.31456348489 0.00130531719176 54.8468335959
103.2 0.31442175497 0.0013010974061 54.7509497381
103.3 0.314284432284 0.00129689532917 54.6560576127
103.4 0.313928331503 0.00129271086964 54.5233904487
103.5 0.313121439655 0.00128854393671 54.3128509927
103.6 0.312899989211 0.00128439444014 54.2042500357
103.7 0.312707705859 0.00128026229024 54.1009528151
103.8 0.312111972852 0.00127614739789 53.9281893697
103.9 0.311749974704 0.00127204967447 53.7961823731
104.0 0.310945852751 0.00126796903193 53.5882973033
104.1 0.31090511129 0.00126390538275 53.5123161053
104.2 0.310865938102 0.00125985863995 53.4367773774
104.3 0.310558322007 0.00125582871706 53.3153251592
104.4 0.310045740243 0.00125181552814 53.1590198398
104.5 0.309267680449 0.00124781898778 52.9576337703
104.6 0.308471209633 0.00124383901109 52.7535928623
104.7 0.308224289353 0.00123987551367 52.6439139428
104.8 0.308033874184 0.00123592841164 52.5441321468
104.9 0.307274455537 0.00123199762166 52.3476473035
105.0 0.306479778472 0.00122808306083 52.145643154
105.1 0.305622899795 0.00122418464681 51.9335626881
105.2 0.305141914718 0.00122030229772 51.785794035
105.3 0.304306923288 0.00121643593217 51.5783778938
105.4 0.303655639601 0.00121258546929 51.4025657009
105.5 0.303329548214 0.00120875082866 51.282157288
105.6 0.302657701857 0.00120493193037 51.1036527816
105.7 0.302263069218 0.00120112869498 50.9723279855
105.8 0.30151443446 0.0011973410435 50.7816932005
105.9 0.301145278406 0.00119356889746 50.6553517955
106.0 0.300520820414 0.00118981217882 50.486419355
106.1 0.299652565765 0.00118607081003 50.2769877973
106.2 0.298939779353 0.00118234471398 50.0941164737
106.3 0.298611420081 0.00117863381404 49.9760241042
106.4 0.297788204761 0.00117493803403 49.775493453
106.5 0.296746144146 0.00117125729821 49.5389131399
106.6 0.296152152301 0.00116759153131 49.3776142998
106.7 0.295889036682 0.00116394065849 49.2717986028
106.8 0.295227886063 0.00116030460537 49.1000305395
106.9 0.294474534512 0.00115668329799 48.913358446
107.0 0.29385239347 0.00115307666285 48.7489015626
107.1 0.293319488861 0.00114948462688 48.5996221372
107.2 0.292875347689 0.00114590711742 48.465385199
107.3 0.29233105118 0.00114234406226 48.3149111059
107.4 0.291619882983 0.00113879538961 48.137248029
107.5 0.290632301813 0.00113526102811 47.9144385398
107.6 0.289838633514 0.0011317409068 47.7240941629
107.7 0.289155611916 0.00112823495517 47.5524006724
107.8 0.288477373237 0.00112474310309 47.3819008233
107.9 0.287728184705 0.00112126528087 47.2001668535
108.0 0.28713209363 0.00111780141919 47.0439488714
108.1 0.286764383731 0.00111435144919 46.9254714843
108.2 0.286178957098 0.00111091530237 46.7716866318
108.3 0.28549633524 0.00110749291065 46.6023985782
108.4 0.284976695915 0.00110408420634 46.46008208
108.5 0.284707787126 0.00110068912214 46.3589254233
108.6 0.284424124238 0.00109730759116 46.2556009567
108.7 0.28333573918 0.0010939395469 46.0218034833
108.8 0.282931943011 0.00109058492321 45.8996238306
108.9 0.282192743234 0.00108724365438 45.7233820404
109.0 0.28174633859 0.00108391567504 45.5949388619
109.1 0.280817133243 0.00108060092021 45.3887580706
109.2 0.280043099301 0.00107729932529 45.2081155209
109.3 0.279264188745 0.00107401082606 45.0271122319
109.4 0.278186175397 0.00107073535867 44.7983683374
109.5 0.276948689635 0.00106747285963 44.5445174894
109.6 0.275947914941 0.00106422326582 44.3292964178
109.7 0.275739617836 0.00106098651449 44.2417352373
109.8 0.274699494798 0.00105776254324 44.0210694357
109.9 0.27350502529 0.00105455129005 43.7762208283
110.0 0.272189953875 0.00105135269325 43.5126724916
110.1 0.270572858117 0.0010481666915 43.2015258227
110.2 0.26915049388 0.00104499322385 42.9221737679
110.3 0.268670088128 0.00104183222967 42.7935184323
110.4 0.268193676333 0.0010386836487 42.6657946916
110.5 0.267638947445 0.00103554742101 42.5259206719
110.6 0.266594424587 0.00103242348702 42.3086391407
110.7 0.265854533127 0.00102931178749 42.1401543482
110.8 0.265259284747 0.00102621226352 41.9949607166
110.9 0.26418221048 0.00102312485654 41.7739133817
111.0 0.26350666318 0.00102004950833 41.6167990969
111.1 0.262620570445 0.00101698616098 41.4268360308
111.2 0.261923697705 0.00101393475692 41.2671277449
111.3 0.261312182838 0.00101089523892 41.1212210037
111.4 0.260424762828 0.00100786755005 40.9322846494
111.5 0.259503396365 0.00100485163372 40.738458147
111.6 0.258722591311 0.00100184743366 40.5671217663
111.7 0.258021149881 0.000998854893923 40.408610635
111.8 0.257126957721 0.000995873958866 40.220314168
111.9 0.256692027458 0.000992904573169 40.1042065432
112.0 0.256183292388 0.000989946681825 39.9768450089
112.1 0.255956862755 0.000987000230136 39.8937738635
112.2 0.25573856714 0.000984065163713 39.8121528994
112.3 0.255053117128 0.000981141428475 39.65807468
112.4 0.254430179255 0.000978228970645 39.514057808
112.5 0.253597145337 0.000975327736747 39.3377797549
112.6 0.252860879861 0.000972437673609 39.1768997715
112.7 0.252164814573 0.000969558728355 39.0226091791
112.8 0.251680330341 0.000966690848408 38.9013744378
112.9 0.250634304315 0.000963833981484 38.6937208741
113.0 0.249810010605 0.000960988075594 38.5207369889
113.1 0.248932145575 0.000958153079038 38.3398982334
113.2 0.248168954716 0.000955328940408 38.1771147654
113.3 0.247440428003 0.000952515608581 38.0200289316
113.4 0.246577708279 0.00094971303272 37.8427059192
113.5 0.245458854904 0.000946921162272 37.6265252204
113.6 0.244800168133 0.000944139946966 37.4812970833
113.7 0.243797226739 0.000941369336812 37.2837513056
113.8 0.242470699176 0.000938609282095 37.0372299255
113.9 0.241428866699 0.00093585973338 36.83471123
114.0 0.240712523515 0.000933120641505 36.682256984
114.1 0.239960203729 0.000930391957581 36.5246718258
114.2 0.238758856477 0.000927673632989 36.2991767036
114.3 0.238202583522 0.000924965619383 36.172154969
114.4 0.237351169759 0.00092226786868 36.0006521185
114.5 0.236592619529 0.000919580333067 35.843606809
114.6 0.235816208179 0.000916902964992 35.6842134271
114.7 0.234807969174 0.000914235717168 35.490140318
114.8 0.233856611525 0.000911578542567 35.3050951818
114.9 0.233169520435 0.000908931394423 35.1603188711
115.0 0.232850383498 0.000906294226223 35.0712879809
115.1 0.232438218349 0.000903666991716 34.968456917
115.2 0.231345238302 0.000901049644899 34.763549001
115.3 0.230077291255 0.000898442140026 34.5328440956
115.4 0.228536430027 0.0008958444316 34.261748214
115.5 0.227250773093 0.000893256474376 34.0294848382
115.6 0.226129581955 0.000890678223353 33.8223474159
115.7 0.224893386845 0.000888109633779 33.5984968352
115.8 0.224514770822 0.000885550661147 33.5031246336
115.9 0.223513052287 0.000883001261192 33.3150868006
116.0 0.223056451632 0.000880461389891 33.2086290985
116.1 0.222267546821 0.000877931003462 33.0529895086
116.2 0.220888314728 0.000875410058359 32.8100123743
116.3 0.220193114351 0.000872898511277 32.6690706671
116.4 0.219510991818 0.000870396319144 32.5303804465
116.5 0.218639514051 0.000867903439123 32.3639690707
116.6 0.217573951372 0.000865419828609 32.1692329423
116.7 0.21683818899 0.00086294544523 32.0236395166
116.8 0.216043761686 0.000860480246841 31.8697153987
116.9 0.21492260292 0.000858024191528 31.6679908452
117.0 0.214024165492 0.000855577237603 31.4994972051
117.1 0.212780708522 0.000853139343602 31.28065766
117.2 0.212317123133 0.000850710468287 31.1768250056
117.3 0.211883799328 0.000848290570642 31.0776577448
117.4 0.210885581465 0.000845879609873 30.8959463012
117.5 0.21005028916 0.000843477545405 30.7384813036
117.6 0.209486809902 0.00084108433688 30.6210963632
117.7 0.208584632257 0.000838699944161 30.4545167033
117.8 0.207410249661 0.000836324327324 30.2486076707
117.9 0.20629137195 0.000833957446659 30.0512422436
118.0 0.205328917742 0.000831599262672 29.8770760314
118.1 0.204887385429 0.000829249736079 29.7790076743
118.2 0.204238994976 0.000826908827806 29.6511205273
118.3 0.203288655255 0.000824576498988 29.4797264488
118.4 0.202206996433 0.000822252710971 29.2896890502
118.5 0.201586620002 0.000819937425303 29.1668130305
118.6 0.201030943845 0.000817630603741 29.0535558063
118.7 0.200474012814 0.000815332208244 28.940363667
118.8 0.199895347504 0.000813042200976 28.8242834414
118.9 0.199064136434 0.000810760544299 28.6720802179
119.0 0.198343544058 0.00080848720078 28.5361254004
119.1 0.197030986378 0.00080622213318 28.3153956998
119.2 0.195886745187 0.000803965304462 28.1193146813
119.3 0.194915017987 0.000801716677783 27.9484013857
119.4 0.194201918922 0.000799476216497 27.81490513
119.5 0.193432870742 0.000797243884151 27.6736948751
119.6 0.192274230446 0.000795019644487 27.477117133
119.7 0.19105269201 0.000792803461437 27.2719921951
119.8 0.189986338549 0.000790595299125 27.0894445897
119.9 0.188862013077 0.000788395121862 26.8990395318
120.0 0.188365164901 0.00078620289415 26.7983209685
120.1 0.187761138319 0.000784018580678 26.6825875842
120.2 0.186763228069 0.00078184214632 26.5111916435
120.3 0.185888519013 0.000779673556136 26.3576381058
120.4 0.184936459574 0.000777512775368 26.1934624639
120.5 0.183749085077 0.000775359769443 25.9963518591
120.6 0.182447048784 0.000773214503967 25.78346697
120.7 0.181105611595 0.00077107694473 25.5654846012
120.8 0.180283271301 0.000768947057698 25.4211739247
120.9 0.179672008018 0.000766824809017 25.3069054429
121.0 0.178367510675 0.000764710165009 25.0953478038
121.1 0.177145698326 0.000762603092174 24.8958708821
121.2 0.17605693244 0.000760503557187 24.7155047387
121.3 0.17521908143 0.000758411526894 24.5707147522
121.4 0.174124480534 0.000756326968317 24.3902727866
121.5 0.173085011051 0.000754249848648 24.2179351392
121.6 0.172148184321 0.000752180135253 24.0603156216
121.7 0.171610742374 0.000750117795664 23.9587943198
121.8 0.170444631383 0.000748062797584 23.7698162349
121.9 0.169567203246 0.000746015108884 23.6214610129
122.0 0.168199454598 0.0007439746976 23.4051955576
122.1 0.167056735897 0.000741941531935 23.2206763794
122.2 0.165705223944 0.000739915580258 23.0075644943
122.3 0.164280562097 0.0007378968111 22.7847669977
122.4 0.163375432222 0.000735885193155 22.6344274734
122.5 0.162058387671 0.00073388069528 22.427404649
122.6 0.160689152267 0.000731883286491 22.213612598
122.7 0.160100323263 0.000729892935967 22.1080459614
122.8 0.159524906701 0.000727909613043 22.0045530537
122.9 0.158758133601 0.000725933287213 21.8749125522
123.0 0.157570564834 0.000723963928128 21.6876305548
123.1 0.156367710643 0.000722001505597 21.498648092
123.2 0.154967966899 0.000720045989582 21.2830296902
123.3 0.153438442661 0.000718097350199 21.0500689792
123.4 0.152478759466 0.000716155557719 20.8956988234
123.5 0.150958793577 0.000714220582565 20.6649594417
123.6 0.149361902886 0.000712292395311 20.4241951366
123.7 0.147423316754 0.000710370966682 20.1372723744
123.8 0.146664551787 0.000708456267553 20.0119477134
123.9 0.145676052809 0.000706548268949 19.8555754825
124.0 0.145010459302 0.000704646942039 19.7434995431
124.1 0.144084475416 0.000702752258144 19.596245268
124.2 0.143015002591 0.000700864188729 19.429808665
124.3 0.142078644246 0.000698982705404 19.2817903255
124.4 0.141488651738 0.000697107779923 19.1810405078
124.5 0.140913923454 0.000695239384187 19.0825689469
124.6 0.139684203518 0.000693377490237 18.8956999087
124.7 0.138516835032 0.000691522070256 18.7176523271
124.8 0.137029651456 0.000689673096569 18.496811586
124.9 0.13593898083 0.000687830541642 18.3299046653
125.0 0.134508067746 0.000685994378079 18.1175212986
125.1 0.133194850024 0.000684164578623 17.9214234779
125.2 0.132394510464 0.000682341116156 17.7946742193
125.3 0.131256903488 0.000680523963697 17.6229083809
125.4 0.129960925756 0.000678713094399 17.4302638562
125.5 0.127809244787 0.000676908481554 17.1233817931
125.6 0.126418232145 0.000675110098586 16.9189520663
125.7 0.124989707027 0.000673317919053 16.7099381348
125.8 0.123658759922 0.000671531916649 16.5143959069
125.9 0.12239557316 0.000669752065197 16.3283046997
126.0 0.120167620391 0.000667978338652 16.0140357885
126.1 0.118750012179 0.000666210711103 15.8083051602
126.2 0.116607690582 0.000664449156764 15.5066335083
126.3 0.114946638115 0.000662693649984 15.2695292454
126.4 0.113588100367 0.000660944165235 15.0730667173
126.5 0.112206258811 0.000659200677122 14.8739268799
126.6 0.111150605435 0.000657463160372 14.7183976117
126.7 0.109936035506 0.000655731589842 14.5421718161
126.8 0.108564303687 0.000654005940514 14.3455470929
126.9 0.106298408455 0.000652286187494 14.0313045964
127.0 0.104425017194 0.000650572306012 13.7694766333
127.1 0.103062953914 0.000648864271422 13.5755493242
127.2 0.101292956872 0.0006471620592 13.3283498494
127.3 0.0997142489803 0.000645465644947 13.1068106617
127.4 0.0982858807914 0.000643775004381 12.9054741266
127.5 0.0968328840099 0.000642090113343 12.7013265906
127.6 0.0957636010348 0.000640410947794 12.5478820879
127.7 0.0937237983345 0.000638737483813 12.267722473
127.8 0.0921459735272 0.000637069697599 12.0485527293
127.9 0.0909284416728 0.000635407565469 11.8768995296
128.0 0.0902876818411 0.000633751063855 11.780860332
128.1 0.0890618673433 0.000632100169307 11.6087598439
128.2 0.0880596622454 0.000630454858492 11.4661316969
128.3 0.0868567869108 0.00062881510819 11.2976965064
128.4 0.0854899827025 0.000627180895296 11.1083092406
128.5 0.0843708505154 0.000625552196822 10.9514619874
128.6 0.083300832029 0.000623928989888 10.8013068856
128.7 0.0819516124409 0.000622311251731 10.6152961336
128.8 0.0805773188662 0.000620698959697 10.426424917
128.9 0.0781984093579 0.000619092091246 10.1080847345
129.0 0.0769025368214 0.000617490623946 9.93025311619
129.1 0.075689666038 0.000615894535477 9.76349455529
129.2 0.0746545066465 0.000614303803627 9.61997903334
129.3 0.072734339552 0.000612718406294 9.36283436227
129.4 0.0709278858623 0.000611138321484 9.12084234226
129.5 0.0694073137378 0.000609563527311 8.91607289809
129.6 0.0675426228414 0.000607994001993 8.66756452247
129.7 0.0662065232151 0.000606429723859 8.4873297926
129.8 0.0649187945701 0.00060487067134 8.31365930822
129.9 0.0632165604672 0.000603316822975 8.08731695823
130.0 0.0617387198068 0.000601768157404 7.89011606467
130.1 0.0603535588584 0.000600224653375 7.70515129559
130.2 0.058771922893 0.000598686289737 7.49550753869
130.3 0.0573279492099 0.000597153045443 7.30383162767
130.4 0.0556613314153 0.000595624899547 7.08421090203
130.5 0.0542875633359 0.000594101831204 6.90227291794
130.6 0.052786188647 0.000592583819674 6.70449872358
130.7 0.0514832970774 0.000591070844313 6.53231213777
130.8 0.0499048057346 0.00058956288458 6.32554364198
130.9 0.0484214270152 0.000588059920032 6.13124007798
131.0 0.0466934691419 0.000586561930324 5.90639474956
131.1 0.0446587054734 0.000585068895212 5.64323826486
131.2 0.0420756232561 0.000583580794547 5.31140090039
131.3 0.0407419698108 0.00058209760828 5.13779951839
131.4 0.0392600473381 0.000580619316455 4.94587223897
131.5 0.0378657089614 0.000579145899215 4.7653570672
131.6 0.0360154404953 0.000577677336798 4.52788828665
131.7 0.0343524240482 0.000576213609537 4.31441893847
131.8 0.0322361684447 0.000574754697859 4.04451667892
131.9 0.0311656718131 0.000573300582285 3.90623467673
132.0 0.0300983765583 0.00057185124343 3.76863318068
132.1 0.0295655815013 0.000570406662001 3.69816695487
132.2 0.0281346607818 0.0005689668188 3.51561571703
132.3 0.026816952293 0.000567531694717 3.34756556808
132.4 0.0259425640578 0.000566101270737 3.23513837864
132.5 0.0253361323342 0.000564675527934 3.1563191181
132.6 0.023983192259 0.000563254447472 2.98475391635
132.7 0.0228401872584 0.000561838010607 2.83963478521
132.8 0.0216033243253 0.000560426198683 2.68315047438
132.9 0.0207794667966 0.000559018993133 2.57822484335
133.0 0.0197773163558 0.000557616375477 2.45141040793
133.1 0.0185880458433 0.000556218327327 2.30168032102
133.2 0.0177940741921 0.000554824830378 2.20114980074
133.3 0.0169213420944 0.000553435866414 2.09108780553
133.4 0.0158157240827 0.000552051417306 1.95249590707
133.5 0.0143445050467 0.000550671465011 1.76909247671
133.6 0.0136197186521 0.000549295991569 1.67802082528
133.7 0.0130923804726 0.000547924979109 1.61143352987
133.8 0.0124594219511 0.000546558409842 1.53199224162
133.9 0.0113237890303 0.000545196266064 1.39096326457
134.0 0.0107641002193 0.000543838530153 1.32089156493
134.1 0.00981065632139 0.000542485184574 1.2026890692
134.2 0.00906969072029 0.000541136211871 1.1107439861
134.3 0.00851913444819 0.000539791594672 1.04227778016
134.4 0.00800665959439 0.000538451315688 0.978602247119
134.5 0.00728089398431 0.000537115357708 0.889010131589
134.6 0.00671021702968 0.000535783703605 0.818513884226
134.7 0.0058108240515 0.000534456336333 0.708100679593
134.8 0.00556680662608 0.000533133238923 0.677690728322
134.9 0.00511414160486 0.000531814394489 0.62196593695
135.0 0.00478759761878 0.000530499786221 0.581674809844
135.1 0.00437777775245 0.00052918939739 0.53135577643
135.2 0.00400905344879 0.000527883211346 0.486119389239
135.3 0.00351451086535 0.000526581211515 0.425731423483
135.4 0.0032971660651 0.000525283381402 0.399008066068
135.5 0.00304854409825 0.000523989704587 0.368556173346
135.6 0.00265486152933 0.00052270016473 0.320644470102
135.7 0.00229717088366 0.000521414745564 0.277169967673
135.8 0.00222927023206 0.0005201334309 0.268711893434
135.9 0.00223093135268 0.000518856204625 0.268647002357
136.0 0.00222972296386 0.000517583050698 0.26823696926
136.1 0.00197521991231 0.000516313953155 0.237386179712
136.2 0.00171874846554 0.000515048896106 0.206359688348
136.3 0.00140816691505 0.000513787863735 0.168903851761
136.4 0.0011112361373 0.000512530840298 0.133157294937
136.5 0.00102193904226 0.000511277810127 0.122336796094
136.6 0.000842977494881 0.000510028757623 0.10081424621
136.7 0.000788468383655 0.000508783667262 0.0942029141861
136.8 0.000718575332942 0.000507542523591 0.0857682992553
136.9 0.000589445025952 0.000506305311227 0.0702866024651
137.0 0.000526083906686 0.000505072014862 0.0626699460203
137.1 0.000441816142016 0.000503842619255 0.0525800813429
137.2 0.000395538979209 0.000502617109236 0.0470267150586
137.3 0.000374757584248 0.000501395469707 0.0445124782911
137.4 0.000263758971037 0.000500177685638 0.0312978771885
137.5 0.000263769195464 0.000498963742068 0.0312685918137
137.6 0.000240806881225 0.000497753624106 0.0285187217312
137.7 1.96833982331e-05 0.000496547316928 0.00232883362605
137.8 0.0 0.000495344805781 0.0
137.9 0.0 0.000494146075975 0.0
138.0 0.0 0.000492951112893 0.0
138.1 0.0 0.00049175990198 0.0
138.2 0.0 0.000490572428752 0.0
138.3 0.0 0.000489388678788 0.0
138.4 0.0 0.000488208637735 0.0
138.5 0.0 0.000487032291305 0.0
138.6 0.0 0.000485859625275 0.0
138.7 0.0 0.000484690625488 0.0
138.8 0.0 0.00048352527785 0.0
138.9 0.0 0.000482363568332 0.0
139.0 0.0 0.000481205482971 0.0
139.1 0.0 0.000480051007863 0.0
139.2 0.0 0.000478900129172 0.0
139.3 0.0 0.000477752833122 0.0
139.4 0.0 0.000476609106 0.0
139.5 0.0 0.000475468934157 0.0
139.6 0.0 0.000474332304004 0.0
139.7 0.0 0.000473199202015 0.0
139.8 0.0 0.000472069614723 0.0
139.9 0.0 0.000470943528725 0.0
140.0 0.0 0.000469820930677 0.0
140.1 0.0 0.000468701807295 0.0
140.2 0.0 0.000467586145357 0.0
140.3 0.0 0.000466473931697 0.0
140.4 0.0 0.000465365153212 0.0
140.5 0.0 0.000464259796857 0.0
140.6 0.0 0.000463157849646 0.0
140.7 0.0 0.000462059298649 0.0
140.8 0.0 0.000460964130998 0.0
140.9 0.0 0.00045987233388 0.0
141.0 0.0 0.000458783894541 0.0
141.1 0.0 0.000457698800285 0.0
141.2 0.0 0.000456617038469 0.0
141.3 0.0 0.000455538596512 0.0
141.4 0.0 0.000454463461886 0.0
141.5 0.0 0.00045339162212 0.0
141.6 0.0 0.000452323064799 0.0
141.7 0.0 0.000451257777563 0.0
141.8 0.0 0.000450195748107 0.0
141.9 0.0 0.000449136964182 0.0
142.0 0.0 0.000448081413592 0.0
142.1 0.0 0.000447029084198 0.0
142.2 0.0 0.000445979963913 0.0
142.3 0.0 0.000444934040703 0.0
142.4 0.0 0.000443891302591 0.0
142.5 0.0 0.000442851737649 0.0
142.6 0.0 0.000441815334005 0.0
142.7 0.0 0.000440782079839 0.0
142.8 0.0 0.000439751963382 0.0
142.9 0.0 0.00043872497292 0.0
143.0 0.0 0.000437701096788 0.0
143.1 0.0 0.000436680323375 0.0
143.2 0.0 0.000435662641119 0.0
143.3 0.0 0.000434648038512 0.0
143.4 0.0 0.000433636504093 0.0
143.5 0.0 0.000432628026456 0.0
143.6 0.0 0.000431622594241 0.0
143.7 0.0 0.000430620196142 0.0
143.8 0.0 0.0004296208209 0.0
143.9 0.0 0.000428624457307 0.0
144.0 0.0 0.000427631094204 0.0
144.1 0.0 0.000426640720481 0.0
144.2 0.0 0.000425653325076 0.0
144.3 0.0 0.000424668896976 0.0
144.4 0.0 0.000423687425218 0.0
144.5 0.0 0.000422708898885 0.0
144.6 0.0 0.000421733307109 0.0
144.7 0.0 0.000420760639068 0.0
144.8 0.0 0.000419790883989 0.0
144.9 0.0 0.000418824031146 0.0
145.0 0.0 0.000417860069859 0.0
145.1 0.0 0.000416898989495 0.0
145.2 0.0 0.000415940779467 0.0
145.3 0.0 0.000414985429235 0.0
145.4 0.0 0.000414032928304 0.0
145.5 0.0 0.000413083266226 0.0
145.6 0.0 0.000412136432598 0.0
145.7 0.0 0.00041119241706 0.0
145.8 0.0 0.000410251209301 0.0
145.9 0.0 0.000409312799051 0.0
146.0 0.0 0.000408377176087 0.0
146.1 0.0 0.000407444330229 0.0
146.2 0.0 0.000406514251343 0.0
146.3 0.0 0.000405586929336 0.0
146.4 0.0 0.000404662354161 0.0
146.5 0.0 0.000403740515813 0.0
146.6 0.0 0.000402821404332 0.0
146.7 0.0 0.000401905009799 0.0
146.8 0.0 0.000400991322339 0.0
146.9 0.0 0.000400080332119 0.0
147.0 0.0 0.000399172029349 0.0
147.1 0.0 0.00039826640428 0.0
147.2 0.0 0.000397363447207 0.0
147.3 0.0 0.000396463148466 0.0
147.4 0.0 0.000395565498432 0.0
147.5 0.0 0.000394670487525 0.0
147.6 0.0 0.000393778106203 0.0
147.7 0.0 0.000392888344968 0.0
147.8 0.0 0.000392001194361 0.0
147.9 0.0 0.000391116644962 0.0
148.0 0.0 0.000390234687395 0.0
148.1 0.0 0.000389355312321 0.0
148.2 0.0 0.000388478510443 0.0
148.3 0.0 0.000387604272501 0.0
148.4 0.0 0.000386732589278 0.0
148.5 0.0 0.000385863451593 0.0
148.6 0.0 0.000384996850307 0.0
148.7 0.0 0.000384132776318 0.0
148.8 0.0 0.000383271220564 0.0
148.9 0.0 0.00038241217402 0.0
149.0 0.0 0.000381555627701 0.0
149.1 0.0 0.000380701572659 0.0
149.2 0.0 0.000379849999985 0.0
149.3 0.0 0.000379000900808 0.0
149.4 0.0 0.000378154266292 0.0
149.5 0.0 0.000377310087641 0.0
149.6 0.0 0.000376468356097 0.0
149.7 0.0 0.000375629062936 0.0
149.8 0.0 0.000374792199474 0.0
149.9 0.0 0.00037395775706 0.0
150.0 0.0 0.000373125727084 0.0
150.1 0.0 0.00037229610097 0.0
150.2 0.0 0.000371468870177 0.0
150.3 0.0 0.000370644026202 0.0
150.4 0.0 0.000369821560577 0.0
150.5 0.0 0.00036900146487 0.0
150.6 0.0 0.000368183730684 0.0
150.7 0.0 0.000367368349658 0.0
150.8 0.0 0.000366555313465 0.0
150.9 0.0 0.000365744613814 0.0
151.0 0.0 0.000364936242448 0.0
151.1 0.0 0.000364130191145 0.0
151.2 0.0 0.000363326451719 0.0
151.3 0.0 0.000362525016014 0.0
151.4 0.0 0.000361725875913 0.0
151.5 0.0 0.000360929023331 0.0
151.6 0.0 0.000360134450215 0.0
151.7 0.0 0.000359342148548 0.0
151.8 0.0 0.000358552110346 0.0
151.9 0.0 0.000357764327657 0.0
152.0 0.0 0.000356978792565 0.0
152.1 0.0 0.000356195497183 0.0
152.2 0.0 0.00035541443366 0.0
152.3 0.0 0.000354635594177 0.0
152.4 0.0 0.000353858970946 0.0
152.5 0.0 0.000353084556213 0.0
152.6 0.0 0.000352312342255 0.0
152.7 0.0 0.000351542321383 0.0
152.8 0.0 0.000350774485938 0.0
152.9 0.0 0.000350008828293 0.0
153.0 0.0 0.000349245340852 0.0
153.1 0.0 0.000348484016053 0.0
153.2 0.0 0.000347724846363 0.0
153.3 0.0 0.00034696782428 0.0
153.4 0.0 0.000346212942334 0.0
153.5 0.0 0.000345460193086 0.0
153.6 0.0 0.000344709569127 0.0
153.7 0.0 0.000343961063079 0.0
153.8 0.0 0.000343214667593 0.0
153.9 0.0 0.000342470375352 0.0
154.0 0.0 0.000341728179069 0.0
154.1 0.0 0.000340988071486 0.0
154.2 0.0 0.000340250045375 0.0
154.3 0.0 0.000339514093538 0.0
154.4 0.0 0.000338780208807 0.0
154.5 0.0 0.000338048384043 0.0
154.6 0.0 0.000337318612134 0.0
154.7 0.0 0.000336590886002 0.0
154.8 0.0 0.000335865198594 0.0
154.9 0.0 0.000335141542886 0.0
155.0 0.0 0.000334419911886 0.0
155.1 0.0 0.000333700298626 0.0
155.2 0.0 0.000332982696171 0.0
155.3 0.0 0.00033226709761 0.0
155.4 0.0 0.000331553496063 0.0
155.5 0.0 0.000330841884678 0.0
155.6 0.0 0.000330132256629 0.0
155.7 0.0 0.00032942460512 0.0
155.8 0.0 0.000328718923381 0.0
155.9 0.0 0.000328015204669 0.0
156.0 0.0 0.000327313442271 0.0
156.1 0.0 0.0003266136295 0.0
156.2 0.0 0.000325915759694 0.0
156.3 0.0 0.000325219826221 0.0
156.4 0.0 0.000324525822474 0.0
156.5 0.0 0.000323833741875 0.0
156.6 0.0 0.000323143577869 0.0
156.7 0.0 0.000322455323931 0.0
156.8 0.0 0.00032176897356 0.0
156.9 0.0 0.000321084520283 0.0
157.0 0.0 0.000320401957651 0.0
157.1 0.0 0.000319721279244 0.0
157.2 0.0 0.000319042478665 0.0
157.3 0.0 0.000318365549544 0.0
157.4 0.0 0.000317690485536 0.0
157.5 0.0 0.000317017280324 0.0
157.6 0.0 0.000316345927613 0.0
157.7 0.0 0.000315676421134 0.0
157.8 0.0 0.000315008754646 0.0
157.9 0.0 0.000314342921929 0.0
158.0 0.0 0.000313678916792 0.0
158.1 0.0 0.000313016733065 0.0
158.2 0.0 0.000312356364605 0.0
158.3 0.0 0.000311697805292 0.0
158.4 0.0 0.000311041049034 0.0
158.5 0.0 0.000310386089758 0.0
158.6 0.0 0.00030973292142 0.0
158.7 0.0 0.000309081537998 0.0
158.8 0.0 0.000308431933493 0.0
158.9 0.0 0.000307784101932 0.0
159.0 0.0 0.000307138037366 0.0
159.1 0.0 0.000306493733867 0.0
159.2 0.0 0.000305851185533 0.0
159.3 0.0 0.000305210386484 0.0
159.4 0.0 0.000304571330865 0.0
159.5 0.0 0.000303934012844 0.0
159.6 0.0 0.000303298426609 0.0
159.7 0.0 0.000302664566376 0.0
159.8 0.0 0.000302032426381 0.0
159.9 0.0 0.000301402000882 0.0
160.0 0.0 0.000300773284162 0.0
160.1 0.0 0.000300146270526 0.0
160.2 0.0 0.0002995209543 0.0
160.3 0.0 0.000298897329835 0.0
160.4 0.0 0.000298275391503 0.0
160.5 0.0 0.000297655133697 0.0
160.6 0.0 0.000297036550833 0.0
160.7 0.0 0.000296419637351 0.0
160.8 0.0 0.00029580438771 0.0
160.9 0.0 0.000295190796392 0.0
161.0 0.0 0.000294578857901 0.0
161.1 0.0 0.000293968566763 0.0
161.2 0.0 0.000293359917524 0.0
161.3 0.0 0.000292752904752 0.0
161.4 0.0 0.000292147523037 0.0
161.5 0.0 0.00029154376699 0.0
161.6 0.0 0.000290941631243 0.0
161.7 0.0 0.000290341110448 0.0
161.8 0.0 0.000289742199281 0.0
161.9 0.0 0.000289144892434 0.0
162.0 0.0 0.000288549184625 0.0
162.1 0.0 0.000287955070588 0.0
162.2 0.0 0.000287362545082 0.0
162.3 0.0 0.000286771602882 0.0
162.4 0.0 0.000286182238787 0.0
162.5 0.0 0.000285594447614 0.0
162.6 0.0 0.000285008224202 0.0
162.7 0.0 0.000284423563408 0.0
162.8 0.0 0.000283840460111 0.0
162.9 0.0 0.000283258909209 0.0
163.0 0.0 0.000282678905619 0.0
163.1 0.0 0.000282100444279 0.0
163.2 0.0 0.000281523520147 0.0
163.3 0.0 0.0002809481282 0.0
163.4 0.0 0.000280374263433 0.0
163.5 0.0 0.000279801920863 0.0
163.6 0.0 0.000279231095523 0.0
163.7 0.0 0.00027866178247 0.0
163.8 0.0 0.000278093976776 0.0
163.9 0.0 0.000277527673533 0.0
164.0 0.0 0.000276962867853 0.0
164.1 0.0 0.000276399554866 0.0
164.2 0.0 0.000275837729721 0.0
164.3 0.0 0.000275277387585 0.0
164.4 0.0 0.000274718523646 0.0
164.5 0.0 0.000274161133108 0.0
164.6 0.0 0.000273605211194 0.0
164.7 0.0 0.000273050753147 0.0
164.8 0.0 0.000272497754225 0.0
164.9 0.0 0.000271946209708 0.0
165.0 0.0 0.000271396114891 0.0
165.1 0.0 0.00027084746509 0.0
165.2 0.0 0.000270300255636 0.0
165.3 0.0 0.00026975448188 0.0
165.4 0.0 0.000269210139189 0.0
165.5 0.0 0.000268667222951 0.0
165.6 0.0 0.000268125728567 0.0
165.7 0.0 0.000267585651459 0.0
165.8 0.0 0.000267046987066 0.0
165.9 0.0 0.000266509730844 0.0
166.0 0.0 0.000265973878266 0.0
166.1 0.0 0.000265439424822 0.0
166.2 0.0 0.00026490636602 0.0
166.3 0.0 0.000264374697385 0.0
166.4 0.0 0.000263844414459 0.0
166.5 0.0 0.000263315512801 0.0
166.6 0.0 0.000262787987987 0.0
166.7 0.0 0.000262261835609 0.0
166.8 0.0 0.000261737051276 0.0
166.9 0.0 0.000261213630615 0.0
167.0 0.0 0.000260691569268 0.0
167.1 0.0 0.000260170862894 0.0
167.2 0.0 0.000259651507168 0.0
167.3 0.0 0.000259133497783 0.0
167.4 0.0 0.000258616830447 0.0
167.5 0.0 0.000258101500885 0.0
167.6 0.0 0.000257587504836 0.0
167.7 0.0 0.000257074838057 0.0
167.8 0.0 0.000256563496322 0.0
167.9 0.0 0.000256053475419 0.0
168.0 0.0 0.000255544771153 0.0
168.1 0.0 0.000255037379344 0.0
168.2 0.0 0.000254531295827 0.0
168.3 0.0 0.000254026516456 0.0
168.4 0.0 0.000253523037096 0.0
168.5 0.0 0.000253020853632 0.0
168.6 0.0 0.000252519961962 0.0
168.7 0.0 0.000252020357999 0.0
168.8 0.0 0.000251522037672 0.0
168.9 0.0 0.000251024996927 0.0
169.0 0.0 0.000250529231722 0.0
169.1 0.0 0.000250034738033 0.0
169.2 0.0 0.000249541511849 0.0
169.3 0.0 0.000249049549174 0.0
169.4 0.0 0.00024855884603 0.0
169.5 0.0 0.000248069398451 0.0
169.6 0.0 0.000247581202485 0.0
169.7 0.0 0.000247094254197 0.0
169.8 0.0 0.000246608549667 0.0
169.9 0.0 0.000246124084987 0.0
170.0 0.0 0.000245640856266 0.0
170.1 0.0 0.000245158859627 0.0
170.2 0.0 0.000244678091205 0.0
170.3 0.0 0.000244198547154 0.0
170.4 0.0 0.000243720223638 0.0
170.5 0.0 0.000243243116837 0.0
170.6 0.0 0.000242767222946 0.0
170.7 0.0 0.000242292538173 0.0
170.8 0.0 0.00024181905874 0.0
170.9 0.0 0.000241346780883 0.0
171.0 0.0 0.000240875700853 0.0
171.1 0.0 0.000240405814914 0.0
171.2 0.0 0.000239937119344 0.0
171.3 0.0 0.000239469610434 0.0
171.4 0.0 0.00023900328449 0.0
171.5 0.0 0.000238538137832 0.0
171.6 0.0 0.000238074166792 0.0
171.7 0.0 0.000237611367715 0.0
171.8 0.0 0.000237149736963 0.0
171.9 0.0 0.000236689270907 0.0
172.0 0.0 0.000236229965935 0.0
172.1 0.0 0.000235771818447 0.0
172.2 0.0 0.000235314824854 0.0
172.3 0.0 0.000234858981584 0.0
172.4 0.0 0.000234404285075 0.0
172.5 0.0 0.000233950731781 0.0
172.6 0.0 0.000233498318167 0.0
172.7 0.0 0.000233047040711 0.0
172.8 0.0 0.000232596895904 0.0
172.9 0.0 0.000232147880251 0.0
173.0 0.0 0.000231699990269 0.0
173.1 0.0 0.000231253222487 0.0
173.2 0.0 0.000230807573447 0.0
173.3 0.0 0.000230363039706 0.0
173.4 0.0 0.00022991961783 0.0
173.5 0.0 0.0002294773044 0.0
173.6 0.0 0.000229036096009 0.0
173.7 0.0 0.000228595989261 0.0
173.8 0.0 0.000228156980774 0.0
173.9 0.0 0.000227719067178 0.0
174.0 0.0 0.000227282245115 0.0
174.1 0.0 0.000226846511238 0.0
174.2 0.0 0.000226411862216 0.0
174.3 0.0 0.000225978294726 0.0
174.4 0.0 0.000225545805459 0.0
174.5 0.0 0.000225114391117 0.0
174.6 0.0 0.000224684048416 0.0
174.7 0.0 0.000224254774081 0.0
174.8 0.0 0.000223826564851 0.0
174.9 0.0 0.000223399417477 0.0
175.0 0.0 0.00022297332872 0.0
175.1 0.0 0.000222548295355 0.0
175.2 0.0 0.000222124314165 0.0
175.3 0.0 0.00022170138195 0.0
175.4 0.0 0.000221279495516 0.0
175.5 0.0 0.000220858651684 0.0
175.6 0.0 0.000220438847286 0.0
175.7 0.0 0.000220020079164 0.0
175.8 0.0 0.000219602344174 0.0
175.9 0.0 0.00021918563918 0.0
176.0 0.0 0.00021876996106 0.0
176.1 0.0 0.000218355306702 0.0
176.2 0.0 0.000217941673004 0.0
176.3 0.0 0.000217529056879 0.0
176.4 0.0 0.000217117455247 0.0
176.5 0.0 0.000216706865042 0.0
176.6 0.0 0.000216297283206 0.0
176.7 0.0 0.000215888706694 0.0
176.8 0.0 0.000215481132473 0.0
176.9 0.0 0.000215074557518 0.0
177.0 0.0 0.000214668978817 0.0
177.1 0.0 0.000214264393368 0.0
177.2 0.0 0.000213860798179 0.0
177.3 0.0 0.00021345819027 0.0
177.4 0.0 0.000213056566671 0.0
177.5 0.0 0.000212655924423 0.0
177.6 0.0 0.000212256260577 0.0
177.7 0.0 0.000211857572195 0.0
177.8 0.0 0.000211459856349 0.0
177.9 0.0 0.000211063110122 0.0
178.0 0.0 0.000210667330606 0.0
178.1 0.0 0.000210272514906 0.0
178.2 0.0 0.000209878660135 0.0
178.3 0.0 0.000209485763416 0.0
178.4 0.0 0.000209093821885 0.0
178.5 0.0 0.000208702832684 0.0
178.6 0.0 0.00020831279297 0.0
178.7 0.0 0.000207923699906 0.0
178.8 0.0 0.000207535550667 0.0
178.9 0.0 0.000207148342438 0.0
179.0 0.0 0.000206762072412 0.0
179.1 0.0 0.000206376737796 0.0
179.2 0.0 0.000205992335802 0.0
179.3 0.0 0.000205608863656 0.0
179.4 0.0 0.000205226318591 0.0
179.5 0.0 0.000204844697852 0.0
179.6 0.0 0.000204463998691 0.0
179.7 0.0 0.000204084218371 0.0
179.8 0.0 0.000203705354167 0.0
179.9 0.0 0.000203327403359 0.0
180.0 0.0 0.000202950363241 0.0
180.1 0.0 0.000202574231113 0.0
180.2 0.0 0.000202199004287 0.0
180.3 0.0 0.000201824680084 0.0
180.4 0.0 0.000201451255832 0.0
180.5 0.0 0.000201078728872 0.0
180.6 0.0 0.000200707096552 0.0
180.7 0.0 0.000200336356229 0.0
180.8 0.0 0.000199966505272 0.0
180.9 0.0 0.000199597541056 0.0
181.0 0.0 0.000199229460967 0.0
181.1 0.0 0.000198862262399 0.0
181.2 0.0 0.000198495942757 0.0
181.3 0.0 0.000198130499454 0.0
181.4 0.0 0.00019776592991 0.0
181.5 0.0 0.000197402231558 0.0
181.6 0.0 0.000197039401837 0.0
181.7 0.0 0.000196677438196 0.0
181.8 0.0 0.000196316338092 0.0
181.9 0.0 0.000195956098993 0.0
182.0 0.0 0.000195596718373 0.0
182.1 0.0 0.000195238193717 0.0
182.2 0.0 0.000194880522517 0.0
182.3 0.0 0.000194523702276 0.0
182.4 0.0 0.000194167730503 0.0
182.5 0.0 0.000193812604718 0.0
182.6 0.0 0.000193458322448 0.0
182.7 0.0 0.000193104881229 0.0
182.8 0.0 0.000192752278606 0.0
182.9 0.0 0.000192400512132 0.0
183.0 0.0 0.000192049579369 0.0
183.1 0.0 0.000191699477886 0.0
183.2 0.0 0.000191350205263 0.0
183.3 0.0 0.000191001759086 0.0
183.4 0.0 0.00019065413695 0.0
183.5 0.0 0.000190307336459 0.0
183.6 0.0 0.000189961355225 0.0
183.7 0.0 0.000189616190867 0.0
183.8 0.0 0.000189271841014 0.0
183.9 0.0 0.000188928303302 0.0
184.0 0.0 0.000188585575377 0.0
184.1 0.0 0.000188243654889 0.0
184.2 0.0 0.000187902539501 0.0
184.3 0.0 0.00018756222688 0.0
184.4 0.0 0.000187222714704 0.0
184.5 0.0 0.000186884000657 0.0
184.6 0.0 0.000186546082432 0.0
184.7 0.0 0.00018620895773 0.0
184.8 0.0 0.000185872624259 0.0
184.9 0.0 0.000185537079735 0.0
185.0 0.0 0.000185202321883 0.0
185.1 0.0 0.000184868348435 0.0
185.2 0.0 0.000184535157129 0.0
185.3 0.0 0.000184202745714 0.0
185.4 0.0 0.000183871111945 0.0
185.5 0.0 0.000183540253585 0.0
185.6 0.0 0.000183210168403 0.0
185.7 0.0 0.000182880854179 0.0
185.8 0.0 0.000182552308697 0.0
185.9 0.0 0.000182224529751 0.0
186.0 0.0 0.000181897515142 0.0
186.1 0.0 0.000181571262677 0.0
186.2 0.0 0.000181245770173 0.0
186.3 0.0 0.000180921035452 0.0
186.4 0.0 0.000180597056345 0.0
186.5 0.0 0.000180273830689 0.0
186.6 0.0 0.000179951356331 0.0
186.7 0.0 0.000179629631121 0.0
186.8 0.0 0.000179308652921 0.0
186.9 0.0 0.000178988419597 0.0
187.0 0.0 0.000178668929023 0.0
187.1 0.0 0.000178350179082 0.0
187.2 0.0 0.00017803216766 0.0
187.3 0.0 0.000177714892655 0.0
187.4 0.0 0.000177398351969 0.0
187.5 0.0 0.000177082543512 0.0
187.6 0.0 0.0001767674652 0.0
187.7 0.0 0.00017645311496 0.0
187.8 0.0 0.00017613949072 0.0
187.9 0.0 0.000175826590419 0.0
188.0 0.0 0.000175514412003 0.0
188.1 0.0 0.000175202953423 0.0
188.2 0.0 0.000174892212637 0.0
188.3 0.0 0.000174582187613 0.0
188.4 0.0 0.000174272876321 0.0
188.5 0.0 0.000173964276742 0.0
188.6 0.0 0.000173656386861 0.0
188.7 0.0 0.000173349204672 0.0
188.8 0.0 0.000173042728174 0.0
188.9 0.0 0.000172736955373 0.0
189.0 0.0 0.000172431884282 0.0
189.1 0.0 0.000172127512922 0.0
189.2 0.0 0.000171823839318 0.0
189.3 0.0 0.000171520861503 0.0
189.4 0.0 0.000171218577516 0.0
189.5 0.0 0.000170916985405 0.0
189.6 0.0 0.00017061608322 0.0
189.7 0.0 0.000170315869023 0.0
189.8 0.0 0.000170016340877 0.0
189.9 0.0 0.000169717496855 0.0
190.0 0.0 0.000169419335035 0.0
190.1 0.0 0.000169121853502 0.0
190.2 0.0 0.000168825050348 0.0
190.3 0.0 0.00016852892367 0.0
190.4 0.0 0.000168233471572 0.0
190.5 0.0 0.000167938692164 0.0
190.6 0.0 0.000167644583563 0.0
190.7 0.0 0.000167351143891 0.0
190.8 0.0 0.000167058371278 0.0
190.9 0.0 0.000166766263858 0.0
191.0 0.0 0.000166474819772 0.0
191.1 0.0 0.00016618403717 0.0
191.2 0.0 0.000165893914203 0.0
191.3 0.0 0.000165604449033 0.0
191.4 0.0 0.000165315639824 0.0
191.5 0.0 0.00016502748475 0.0
191.6 0.0 0.000164739981987 0.0
191.7 0.0 0.00016445312972 0.0
191.8 0.0 0.000164166926138 0.0
191.9 0.0 0.000163881369439 0.0
192.0 0.0 0.000163596457823 0.0
192.1 0.0 0.0001633121895 0.0
192.2 0.0 0.000163028562682 0.0
192.3 0.0 0.000162745575588 0.0
192.4 0.0 0.000162463226446 0.0
192.5 0.0 0.000162181513486 0.0
192.6 0.0 0.000161900434945 0.0
192.7 0.0 0.000161619989067 0.0
192.8 0.0 0.000161340174099 0.0
192.9 0.0 0.000161060988298 0.0
193.0 0.0 0.000160782429922 0.0
193.1 0.0 0.000160504497238 0.0
193.2 0.0 0.000160227188517 0.0
193.3 0.0 0.000159950502037 0.0
193.4 0.0 0.000159674436082 0.0
193.5 0.0 0.000159398988938 0.0
193.6 0.0 0.000159124158901 0.0
193.7 0.0 0.00015884994427 0.0
193.8 0.0 0.000158576343351 0.0
193.9 0.0 0.000158303354454 0.0
194.0 0.0 0.000158030975897 0.0
194.1 0.0 0.000157759205999 0.0
194.2 0.0 0.000157488043091 0.0
194.3 0.0 0.000157217485502 0.0
194.4 0.0 0.000156947531573 0.0
194.5 0.0 0.000156678179647 0.0
194.6 0.0 0.000156409428073 0.0
194.7 0.0 0.000156141275205 0.0
194.8 0.0 0.000155873719403 0.0
194.9 0.0 0.000155606759031 0.0
195.0 0.0 0.000155340392462 0.0
195.1 0.0 0.00015507461807 0.0
195.2 0.0 0.000154809434235 0.0
195.3 0.0 0.000154544839346 0.0
195.4 0.0 0.000154280831792 0.0
195.5 0.0 0.000154017409971 0.0
195.6 0.0 0.000153754572284 0.0
195.7 0.0 0.000153492317138 0.0
195.8 0.0 0.000153230642947 0.0
195.9 0.0 0.000152969548126 0.0
196.0 0.0 0.000152709031099 0.0
196.1 0.0 0.000152449090293 0.0
196.2 0.0 0.00015218972414 0.0
196.3 0.0 0.000151930931079 0.0
196.4 0.0 0.000151672709552 0.0
196.5 0.0 0.000151415058006 0.0
196.6 0.0 0.000151157974896 0.0
196.7 0.0 0.000150901458677 0.0
196.8 0.0 0.000150645507814 0.0
196.9 0.0 0.000150390120773 0.0
197.0 0.0 0.000150135296027 0.0
197.1 0.0 0.000149881032054 0.0
197.2 0.0 0.000149627327336 0.0
197.3 0.0 0.000149374180361 0.0
197.4 0.0 0.00014912158962 0.0
197.5 0.0 0.00014886955361 0.0
197.6 0.0 0.000148618070833 0.0
197.7 0.0 0.000148367139797 0.0
197.8 0.0 0.000148116759011 0.0
197.9 0.0 0.000147866926992 0.0
198.0 0.0 0.000147617642262 0.0
198.1 0.0 0.000147368903345 0.0
198.2 0.0 0.000147120708772 0.0
198.3 0.0 0.000146873057078 0.0
198.4 0.0 0.000146625946803 0.0
198.5 0.0 0.00014637937649 0.0
198.6 0.0 0.00014613334469 0.0
198.7 0.0 0.000145887849955 0.0
198.8 0.0 0.000145642890844 0.0
198.9 0.0 0.00014539846592 0.0
199.0 0.0 0.00014515457375 0.0
199.1 0.0 0.000144911212906 0.0
199.2 0.0 0.000144668381964 0.0
199.3 0.0 0.000144426079506 0.0
199.4 0.0 0.000144184304117 0.0
199.5 0.0 0.000143943054387 0.0
199.6 0.0 0.000143702328911 0.0
199.7 0.0 0.000143462126287 0.0
199.8 0.0 0.000143222445119 0.0
199.9 0.0 0.000142983284015 0.0
